362 362 208 208 262 262 398 398 444 444 712 712 692 692 352 352 606 606 676 676 638 638 622 622 616 616 748 748 492 492 918 918 742 742 258 258 2118 2118 354 354 752 752 2968 2968 2968 2968 3350 2968 514 2968 2968 2968 2968 2968 2968 490 490 2968 2968 2968 2968 3360 2968 524 2968 2968 5804 2968 2968 792 792 2968 2968 5804 2968 2968 1510 1510 362 246 246 208 208 222 222 208 208 208 208 362 
362 362 208 208 262 262 390 390 642 642 712 712 526 526 618 618 334 334 602 602 592 592 270 270 334 334 626 626 424 424 1046 1046 704 704 348 348 2064 2064 618 618 414 414 2968 2968 2968 2968 2968 2968 600 600 2968 2968 2968 2968 3216 2968 380 2968 2968 2968 2968 2968 2968 718 718 2968 2968 1336 1336 618 618 518 518 208 208 254 254 362 362 362 
362 362 208 208 622 622 266 266 380 380 712 712 570 570 316 316 426 426 624 624 306 306 650 650 504 504 362 362 994 994 588 588 302 302 662 662 1948 1948 806 806 522 522 2968 2968 2968 2968 2968 2968 606 606 2968 2968 2968 2968 2968 2968 710 710 2968 2968 418 418 294 294 274 274 208 208 310 310 362 362 362 2968 2968 6104 2968 2968 432 736 736 228 228 320 320 208 208 
362 362 208 208 262 262 564 564 296 296 712 712 338 338 470 470 648 648 444 444 506 506 700 700 266 266 522 522 1176 1176 720 720 440 440 236 236 1878 1878 434 434 580 580 2968 2968 2968 2968 3384 2968 548 2968 2968 2968 2968 2968 2968 574 574 2512 2512 722 722 650 650 254 254 208 208 498 498 362 362 362 
362 362 208 208 262 262 692 692 686 686 712 712 466 466 770 770 350 350 696 696 590 590 688 688 628 628 646 646 436 436 654 654 1164 1164 600 600 1960 1960 326 326 428 428 2968 2968 2968 2968 3098 2968 262 2968 2968 2968 2968 2968 2968 572 572 1316 1316 558 558 676 676 254 254 208 208 324 324 362 362 362 
362 246 246 208 208 208 208 362 208 208 262 262 336 336 442 442 712 712 444 444 408 408 514 514 606 606 310 310 550 550 316 316 688 688 614 614 248 248 1112 1112 386 386 618 618 2136 2136 590 590 490 490 2968 2968 2968 2968 2968 2968 824 824 2968 2968 2968 2968 3570 2968 734 2968 2968 5804 2968 2968 330 330 2968 2968 1132 1132 458 458 268 268 254 254 208 208 484 484 362 362 362 
362 362 208 208 262 262 554 554 600 600 712 712 380 380 578 578 740 740 572 572 726 726 390 390 710 710 728 728 336 336 886 886 236 236 1820 1820 664 664 680 680 2968 2968 2968 2968 2968 2968 300 300 2968 2968 5804 2968 2968 514 514 2968 2968 5804 2968 2968 478 478 2968 2968 5804 2968 2968 5198 2968 2362 1144 1144 1144 1144 362 362 
362 362 246 246 208 208 208 208 208 208 262 262 458 458 484 484 712 712 624 624 640 640 648 648 628 628 728 728 656 656 586 586 666 666 280 280 658 658 880 880 328 328 722 722 2048 2048 484 484 702 702 2968 2968 2968 2968 2968 2968 792 792 2968 2968 2122 2122 240 240 254 254 208 208 368 368 262 262 474 474 362 362 530 530 362 430 430 610 610 460 460 352 352 614 614 362 316 316 550 550 602 602 716 716 294 294 1576 1576 368 368 254 254 208 208 340 340 340 340 362 
362 208 208 262 262 514 514 410 410 490 490 514 514 424 424 686 686 310 310 610 610 728 728 240 240 284 284 1028 1028 494 494 332 332 2032 2032 794 794 416 416 2968 2968 5804 2968 2968 692 692 2968 2968 2968 2968 3100 2968 264 346 346 554 554 254 254 208 208 244 244 362 362 362 
362 362 208 208 262 262 450 450 366 366 712 712 530 530 688 688 370 370 640 640 252 252 460 460 288 288 306 306 1268 1268 384 384 686 686 652 652 1978 1978 626 626 562 562 2968 2968 2968 2968 2968 2968 250 250 652 652 254 254 208 208 326 326 246 246 208 208 208 208 362 362 
362 208 208 262 262 466 466 572 572 712 712 658 658 560 560 512 512 342 342 502 502 452 452 648 648 294 294 672 672 918 918 506 506 478 478 722 722 2044 2044 810 810 436 436 2968 2968 5804 2968 2968 618 618 2968 2968 5804 2968 2968 380 380 2968 2968 5804 2968 2968 676 676 2968 2968 3026 2968 362 362 362 
362 362 208 208 262 262 234 234 482 482 712 712 408 408 538 538 310 310 242 242 412 412 262 262 474 474 334 334 946 946 546 546 440 440 2026 2026 2026 2026 502 502 320 320 2968 2968 2968 2968 3690 2968 854 2968 2968 5804 2968 2968 470 470 2574 2574 606 606 342 342 254 254 208 208 454 454 362 362 362 
362 362 208 208 262 262 366 366 614 614 614 614 712 652 652 712 704 704 486 486 304 304 650 650 724 724 468 468 684 684 404 404 1144 1144 592 592 2270 2270 700 700 732 732 552 552 2968 2968 2968 2968 2968 2968 314 314 2968 2968 5804 2968 2968 762 762 2968 2968 5804 2968 2968 318 318 2968 2968 5804 2968 2968 584 584 2968 2968 1356 1356 386 386 512 512 254 254 208 208 440 440 362 362 246 246 208 208 208 208 
362 208 208 262 262 576 576 362 362 712 712 408 408 356 356 460 460 510 510 386 386 430 430 482 482 614 614 712 712 862 862 624 624 728 728 2002 2002 640 640 806 806 2968 2968 2968 2968 3546 2968 710 2968 2968 2216 2216 248 248 590 590 254 254 208 208 392 392 262 262 262 262 580 580 532 532 362 676 676 514 514 556 556 304 304 462 462 362 614 614 396 396 314 314 764 764 324 324 1422 1422 414 414 254 254 208 208 586 586 362 
362 208 208 262 262 354 354 242 242 316 316 618 618 504 504 596 596 370 370 432 432 710 710 444 444 300 300 508 508 802 802 524 524 634 634 1862 1862 1862 1862 352 352 420 420 2968 2968 2968 2968 2968 2968 750 750 2968 2968 5804 2968 2968 758 758 2968 2968 2968 2968 3528 2968 692 2968 2968 1162 1162 350 350 208 208 254 254 362 362 362 
246 246 208 208 208 208 362 362 208 208 262 262 544 544 640 640 712 712 684 684 766 766 414 414 460 460 418 418 354 354 710 710 490 490 284 284 652 652 982 982 520 520 446 446 2010 2010 764 764 496 496 2968 2968 2968 2968 2952 2952 438 438 630 630 254 254 208 208 682 682 362 362 
362 208 208 262 262 324 324 306 306 712 712 660 660 304 304 422 422 540 540 668 668 260 260 640 640 326 326 474 474 628 628 848 848 508 508 1898 1898 1898 1898 326 326 472 472 2968 2968 2968 2968 2968 2968 276 276 2968 2968 5804 2968 2968 1444 1444 502 502 482 482 254 254 208 208 702 702 362 362 362 
362 246 246 208 208 208 208 362 208 208 262 262 238 238 520 520 712 712 714 714 788 788 350 350 246 246 650 650 530 530 356 356 342 342 304 304 1254 1254 600 600 242 242 1762 1762 686 686 572 572 2968 2968 2968 2968 2968 2968 280 280 2968 2968 5804 2968 2968 580 580 2968 2968 292 292 434 434 546 546 254 254 208 208 436 436 362 362 362 
362 362 208 208 262 262 232 232 624 624 712 712 384 384 776 776 452 452 336 336 556 556 504 504 668 668 1288 1288 554 554 530 530 438 438 1976 1976 1976 1976 802 802 794 794 2968 2968 2968 2968 3288 2968 452 2968 2968 5804 2968 2968 622 622 2968 2968 2968 2968 2968 2968 298 298 2968 2968 5804 2968 2968 754 754 2968 2968 1316 1316 310 310 208 208 254 254 362 362 
362 362 208 208 262 262 374 374 382 382 712 712 386 386 530 530 590 590 264 264 444 444 398 398 322 322 340 340 246 246 208 208 208 208 724 724 494 494 860 860 682 682 600 600 1804 1804 696 696 398 398 2968 2968 5804 2968 2968 806 806 2968 2968 5804 2968 2968 518 518 2968 2968 2968 2968 2968 2968 362 362 2968 2968 2330 2330 254 254 208 208 566 566 362 362 
362 208 208 262 262 366 366 324 324 712 294 294 712 332 332 772 772 408 408 408 408 712 294 294 712 230 230 544 544 512 512 662 662 396 396 550 550 596 596 832 832 732 732 1718 1718 552 552 462 462 2968 2968 5804 2968 2968 758 758 2968 2968 2968 2968 3074 2968 238 418 418 708 708 254 254 208 208 424 424 362 362 
362 362 208 208 262 262 584 584 434 434 712 712 390 390 626 626 486 486 566 566 510 510 682 682 368 368 614 614 724 724 498 498 850 850 678 678 230 230 2024 2024 302 302 336 336 2968 2968 5804 2968 2968 644 644 2968 2968 5804 2968 2968 488 488 1296 1296 408 408 362 362 254 254 208 208 288 288 362 246 246 208 208 208 208 362 362 
362 362 208 208 262 262 240 240 498 498 712 712 626 626 486 486 292 292 502 502 482 482 580 580 458 458 754 754 304 304 1186 1186 676 676 550 550 1936 1936 602 602 766 766 2968 2968 2968 2968 2968 2968 454 454 2968 2968 2968 2968 2968 2968 464 464 2724 2724 298 298 254 254 208 208 478 478 478 478 362 362 362 
362 362 208 208 262 262 570 570 294 294 712 558 558 540 540 574 574 414 414 258 258 646 646 460 460 436 436 306 306 1000 1000 490 490 686 686 2268 2268 322 322 440 440 2968 2968 2968 2968 3480 2968 644 2968 2968 2386 2386 252 252 432 432 254 254 208 208 430 430 362 262 262 406 406 612 612 562 562 572 572 686 686 582 582 360 360 362 588 588 466 466 232 232 542 542 208 208 246 246 208 208 284 284 534 534 368 368 568 568 1732 1732 556 556 254 254 208 208 716 716 
362 208 208 262 262 236 236 694 694 416 416 352 352 508 508 350 350 284 284 324 324 610 610 288 288 248 248 864 864 460 460 2212 2212 254 254 746 746 464 464 2968 2968 2968 2968 2968 2968 598 598 2968 2968 2968 2968 2968 2968 776 776 2968 2968 2968 2968 2968 2968 532 532 2968 2968 1522 1522 330 330 362 362 362 
362 362 208 208 262 262 278 278 602 602 712 712 408 408 726 726 446 446 466 466 238 238 532 532 532 532 630 630 442 442 1122 1122 340 340 368 368 652 652 2058 2058 540 540 672 672 2968 2968 2968 2968 2968 2968 464 464 2968 2968 2968 2968 2968 2968 384 384 2968 2968 2968 2968 2968 2968 406 406 2968 2968 2532 2532 638 638 254 254 208 208 350 350 362 362 362 246 246 208 208 208 208 
362 362 208 208 622 622 568 568 294 294 712 712 488 488 340 340 524 524 346 346 580 580 302 302 268 268 454 454 388 388 478 478 1032 1032 716 716 1728 1728 796 796 754 754 2968 2968 2968 2968 3652 2968 816 2968 2968 2968 2968 3348 2968 512 2648 2648 780 780 208 208 274 274 362 362 362 
362 362 208 208 262 262 504 504 478 478 712 712 310 310 534 534 778 778 554 554 2968 2968 6104 2968 2968 432 582 582 704 704 228 228 760 760 678 678 538 538 304 304 606 606 320 320 854 854 306 306 676 676 2012 2012 496 496 2968 2968 2968 2968 2968 2968 874 874 2968 2968 5804 2968 2968 740 740 2968 2968 2968 2968 2968 2968 622 622 2968 2968 2968 2968 2968 2968 2968 2968 1492 1492 254 254 208 208 402 402 362 362 
362 246 246 208 208 208 208 362 208 208 262 262 408 408 354 354 712 712 524 524 582 582 578 578 714 714 666 666 744 744 410 410 362 362 676 676 632 632 888 888 250 250 232 232 1962 1962 312 312 2968 2968 2968 2968 2968 2968 896 896 2968 2968 2236 2236 318 318 728 728 254 254 208 208 318 318 262 262 248 248 426 426 694 694 362 634 634 332 332 226 226 494 494 522 522 362 408 408 402 402 312 312 408 408 504 504 1758 1758 596 596 254 254 208 208 662 662 662 662 362 
362 208 208 262 262 638 638 440 440 410 410 602 602 532 532 410 410 642 642 300 300 436 436 492 492 372 372 936 936 612 612 478 478 1850 1850 690 690 2968 2968 2968 2968 2968 2968 338 338 594 594 254 254 208 208 636 636 362 362 
362 362 208 208 262 262 488 488 478 478 712 712 550 550 466 466 648 648 422 422 294 294 476 476 246 246 208 208 208 208 458 458 364 364 770 770 1148 1148 434 434 558 558 2022 2022 528 528 766 766 722 722 2968 2968 5804 2968 2968 530 530 2968 2968 2968 2968 3408 2968 572 2968 2968 2968 2968 2968 2968 482 482 2968 2968 5804 2968 2968 406 406 2968 2968 2968 2968 3556 2968 720 884 884 208 208 254 254 362 362 362 
362 362 208 208 262 262 304 304 500 500 712 712 626 626 456 456 640 640 666 666 324 324 506 506 756 756 688 688 964 964 358 358 578 578 392 392 1918 1918 568 568 488 488 2968 2968 2968 2968 3592 2968 756 2968 2968 2968 2968 3226 2968 390 2968 2968 5804 2968 2968 576 576 2968 2968 3730 2968 894 362 362 362 
362 362 208 208 262 262 504 504 314 314 712 712 626 626 648 648 412 412 516 516 556 556 694 694 386 386 578 578 350 350 740 740 960 960 580 580 2058 2058 652 652 762 762 2968 2968 2968 2968 3520 2968 684 2968 2968 5804 2968 2968 386 386 2406 2406 272 272 276 276 254 254 208 208 292 292 362 246 246 208 208 208 208 362 362 
362 362 208 208 262 262 256 256 366 366 366 366 710 710 434 434 682 682 620 620 712 712 748 748 456 456 514 514 420 420 290 290 462 462 1288 1288 384 384 1772 1772 530 530 452 452 488 488 2968 2968 5804 2968 2968 478 478 2968 2968 2378 2378 332 332 254 254 208 208 458 458 262 262 730 730 380 380 338 338 582 582 362 236 236 510 510 294 294 606 606 572 572 362 544 544 568 568 498 498 720 720 1842 1842 524 524 254 254 208 208 550 550 362 
362 208 208 262 262 260 260 322 322 290 290 714 714 492 492 642 642 514 514 330 330 462 462 556 556 240 240 866 866 386 386 736 736 1982 1982 340 340 754 754 2968 2968 2968 2968 2968 2968 9086 2968 2968 2968 578 382 382 668 668 254 254 208 208 530 530 362 362 246 246 208 208 208 208 362 
362 362 208 208 262 262 418 418 626 626 712 712 544 544 308 308 662 662 690 690 710 710 642 642 536 536 326 326 412 412 550 550 1198 1198 706 706 740 740 1802 1802 502 502 710 710 2968 2968 5804 2968 2968 352 352 2968 2968 2968 2968 3546 2968 710 2968 2968 2968 2968 2968 2968 692 692 2968 2968 1480 1480 364 364 518 518 208 208 254 254 362 362 
362 242 242 362 208 208 262 262 304 304 706 706 712 712 320 320 390 390 664 664 730 730 596 596 552 552 348 348 766 766 570 570 1244 1244 630 630 602 602 704 704 1970 1970 794 794 600 600 2968 2968 5804 2968 2968 506 506 2968 2968 2968 2968 3236 2968 400 2968 2968 2968 2968 2968 2968 554 554 2968 2968 2968 2968 2968 2968 850 850 2968 2968 2968 2968 2968 2968 1224 1224 254 254 208 208 672 672 672 672 362 362 246 246 208 208 208 208 
362 362 208 208 262 262 710 710 326 326 712 712 344 344 292 292 434 434 294 294 686 686 708 708 566 566 478 478 420 420 662 662 1286 1286 532 532 686 686 2248 2248 354 354 652 652 2968 2968 2968 2968 3404 2968 568 2968 2968 2968 2968 2968 2968 440 440 2968 2968 2968 2968 2968 2968 354 354 2968 2968 1944 1944 742 742 208 208 254 254 362 362 362 
362 362 208 208 262 262 470 470 464 464 712 712 542 542 496 496 566 566 420 420 656 656 542 542 450 450 622 622 644 644 968 968 408 408 496 496 2172 2172 580 580 572 572 2968 2968 5804 2968 2968 640 640 2968 2968 5804 2968 2968 438 438 2968 2968 5804 2968 2968 412 412 2968 2968 2968 2968 2968 2968 800 800 2968 2968 1476 1476 378 378 208 208 254 254 362 362 
362 246 246 208 208 208 208 362 208 208 262 262 408 408 362 362 712 712 700 700 340 340 394 394 326 326 630 630 390 390 750 750 510 510 634 634 312 312 1286 1286 288 288 2066 2066 624 624 568 568 776 776 2968 2968 2968 2968 2968 2968 338 338 2968 2968 5804 2968 2968 612 612 1346 1346 526 526 354 354 254 254 208 208 578 578 362 362 362 
362 362 208 208 262 262 436 436 454 454 712 712 494 494 700 700 374 374 246 246 250 250 596 596 300 300 768 768 374 374 1164 1164 712 712 542 542 1884 1884 810 810 2968 2968 2968 2968 3408 2968 572 2968 2968 2968 2968 2968 2968 516 516 2754 2754 744 744 208 208 254 254 362 362 362 
362 362 208 208 262 262 356 356 446 446 712 712 534 534 560 560 768 768 746 746 246 246 208 208 208 208 672 672 694 694 660 660 410 410 1126 1126 488 488 470 470 692 692 2230 2230 418 418 388 388 2968 2968 2968 2968 2968 2968 536 536 2968 2968 2968 2968 2968 2968 500 500 2968 2968 602 602 476 476 610 610 208 208 254 254 362 362 362 
362 362 208 208 262 262 254 254 620 620 712 712 464 464 602 602 636 636 720 720 300 300 642 642 534 534 644 644 496 496 360 360 796 796 348 348 496 496 1668 1668 604 604 718 718 2968 2968 2968 2968 2840 2840 250 250 426 426 254 254 208 208 604 604 362 362 362 
362 362 208 208 262 262 608 608 538 538 712 712 266 266 650 650 314 314 406 406 410 410 614 614 430 430 672 672 596 596 1278 1278 494 494 706 706 2226 2226 790 790 2968 2968 2968 2968 2968 2968 2968 2968 2414 2414 410 410 254 254 208 208 224 224 262 262 272 272 658 658 690 690 362 326 326 208 208 246 246 208 208 538 538 404 404 426 426 408 408 362 640 640 620 620 724 724 692 692 744 744 1628 1628 558 558 254 254 208 208 438 438 
362 208 208 262 262 744 744 502 502 504 504 640 640 440 440 668 668 534 534 586 586 746 746 636 636 602 602 912 912 324 324 610 610 2188 2188 686 686 616 616 2968 2968 2968 2968 3378 2968 542 2968 2968 5804 2968 2968 600 600 2544 2544 230 230 628 628 254 254 208 208 234 234 362 362 362 
362 362 208 208 262 262 670 670 648 648 712 712 714 714 420 420 506 506 462 462 344 344 584 584 756 756 512 512 386 386 904 904 478 478 2148 2148 638 638 792 792 310 310 2968 2968 5804 2968 2968 672 672 2968 2968 5804 2968 2968 368 368 2968 2968 2968 2968 2968 2968 752 752 2968 2968 2968 2968 3634 2968 798 2968 2968 2968 2968 2968 2968 674 674 684 684 254 254 208 208 672 672 362 208 208 246 246 208 208 362 
362 362 208 208 262 262 262 262 702 702 712 712 694 694 646 646 494 494 468 468 696 696 722 722 638 638 556 556 460 460 1184 1184 724 724 690 690 1736 1736 370 370 394 394 2968 2968 2968 2968 2968 2968 420 420 2968 2968 5804 2968 2968 534 534 1278 1278 346 346 606 606 254 254 208 208 320 320 362 362 362 
362 362 208 208 262 262 740 740 350 350 350 350 712 414 414 712 704 704 676 676 480 480 344 344 384 384 600 600 500 500 662 662 704 704 796 796 324 324 2246 2246 516 516 724 724 2968 2968 2968 2968 2968 2968 666 666 2968 2968 2968 2968 2968 2968 278 278 2968 2968 2968 2968 2968 2968 620 620 2968 2968 2968 2968 2968 2968 680 680 2968 2968 1372 1372 306 306 254 254 208 208 230 230 362 362 246 246 208 208 208 208 
362 208 208 286 286 710 710 572 572 712 712 450 450 332 332 448 448 596 596 558 558 612 612 476 476 578 578 510 510 340 340 1126 1126 622 622 370 370 1798 1798 632 632 614 614 2968 2968 2968 2968 2968 2968 492 492 2968 2968 2310 2310 582 582 402 402 254 254 208 208 632 632 262 262 314 314 378 378 550 550 362 550 550 574 574 666 666 630 630 322 322 362 468 468 584 584 592 592 794 794 430 430 1822 1822 676 676 254 254 208 208 534 534 362 
362 208 208 622 622 306 306 592 592 308 308 552 552 362 588 588 306 306 388 388 544 544 714 714 740 740 538 538 794 794 458 458 370 370 568 568 2300 2300 404 404 668 668 2968 2968 2968 2968 2968 2968 632 632 2968 2968 5804 2968 2968 604 604 2968 2968 2968 2968 2968 2968 830 830 2968 2968 5804 2968 2968 528 528 2968 2968 2968 2968 2968 2968 506 506 922 922 310 310 274 274 208 208 492 492 712 712 362 362 
