362 362 208 208 262 262 582 582 330 330 712 712 530 530 428 428 744 744 464 464 688 688 274 274 472 472 732 732 340 340 342 342 742 742 542 542 282 282 716 716 396 396 1786 1786 620 620 1982 1982 694 694 714 714 714 714 2968 2968 5804 2968 2968 716 716 2968 2968 5804 2968 2968 374 374 2968 2968 5792 2968 2956 374 374 222 222 254 254 208 208 434 434 362 362 242 242 362 
362 362 208 208 262 262 304 304 324 324 712 712 564 564 754 754 334 334 488 488 682 682 402 402 656 656 532 532 322 322 720 720 700 700 592 592 526 526 336 336 314 314 474 474 1756 1756 430 430 2184 2184 2184 2184 734 734 772 772 418 418 2968 2968 2968 2968 3434 2968 598 2968 2968 2968 2968 3466 2968 630 5804 2968 2968 5804 2968 2968 4808 2968 1972 362 362 246 246 208 208 208 208 362 
362 208 208 262 262 536 536 362 362 712 712 304 304 772 772 520 520 556 556 646 646 272 272 530 530 718 718 530 530 436 436 460 460 666 666 512 512 372 372 330 330 1364 1364 514 514 2290 2290 606 606 2968 2968 5804 2968 2968 732 732 2968 2968 5804 2968 2968 11476 2968 2968 2968 2968 5028 2968 2192 362 362 362 
242 242 362 362 208 208 262 262 552 552 422 422 422 422 600 600 378 378 436 436 574 574 326 326 442 442 624 624 442 442 388 388 548 548 604 604 328 328 642 642 778 778 408 408 864 864 600 600 598 598 2098 2098 622 622 312 312 2968 2968 2968 2968 3384 2968 548 2968 2968 2968 2968 3328 2968 492 2968 2968 2968 2968 2842 2842 384 384 382 382 254 254 208 208 476 476 712 712 362 362 
246 246 208 208 208 208 362 362 208 208 262 262 536 536 330 330 712 712 268 268 732 732 698 698 656 656 662 662 514 514 582 582 450 450 422 422 636 636 478 478 600 600 486 486 264 264 1400 1400 666 666 1888 1888 814 814 684 684 2968 2968 2968 2968 3544 2968 708 2968 2968 5804 2968 2968 768 768 2968 2968 5804 2968 2968 472 472 5804 2968 2968 478 478 362 362 362 
362 208 208 262 262 470 470 470 470 712 712 728 728 734 734 478 478 284 284 438 438 424 424 542 542 288 288 670 670 634 634 336 336 574 574 460 460 276 276 1594 1594 528 528 1866 1866 476 476 330 330 2968 2968 2968 2968 3516 2968 680 2968 2968 2968 2968 2968 2968 640 640 2968 2968 5662 2968 2826 244 244 308 308 254 254 208 208 354 354 362 362 362 
362 246 246 208 208 208 208 362 208 208 262 262 472 472 466 466 712 712 584 584 754 754 566 566 662 662 534 534 262 262 476 476 506 506 312 312 664 664 552 552 552 552 506 506 376 376 368 368 1302 1302 588 588 1996 1996 1996 1996 596 596 480 480 2968 2968 5804 2968 2968 744 744 2968 2968 2968 2968 3418 2968 582 2968 2968 5804 2968 2968 400 400 2968 2968 2968 2968 1282 1282 362 362 362 
362 362 208 208 262 262 696 696 748 748 712 712 400 400 592 592 680 680 278 278 390 390 702 702 668 668 534 534 746 746 668 668 670 670 734 734 574 574 434 434 710 710 1348 1348 610 610 2044 2044 318 318 414 414 2968 2968 2968 2968 2968 2968 3540 2968 704 8640 2968 2968 2968 2968 2968 3478 2968 642 500 500 362 362 362 
362 362 208 208 262 262 418 418 674 674 712 712 288 288 364 364 368 368 246 246 208 208 208 208 684 684 496 496 722 722 618 618 438 438 330 330 436 436 340 340 502 502 710 710 586 586 244 244 994 994 240 240 2246 2246 644 644 2968 2968 2968 2968 2968 2968 3456 2968 620 2968 2968 2968 2968 11476 2968 2968 2968 2968 5686 2968 2850 362 362 362 
362 208 208 262 262 620 620 360 360 712 712 284 284 342 342 694 694 542 542 760 760 442 442 682 682 308 308 664 664 480 480 610 610 744 744 630 630 338 338 1432 1432 596 596 2324 2324 452 452 390 390 2968 2968 2968 2968 2968 2968 754 754 2968 2968 2968 2968 2968 2968 524 524 2968 2968 2968 2968 2968 2968 430 430 2968 2968 2968 2968 566 566 598 598 208 208 254 254 362 362 362 
362 232 232 262 262 568 568 586 586 712 712 290 290 312 312 710 710 592 592 692 692 660 660 616 616 266 266 480 480 454 454 364 364 450 450 336 336 1464 1464 272 272 282 282 1984 1984 412 412 588 588 2968 2968 2968 2968 2968 2968 454 454 2968 2968 2968 2968 2968 2968 756 756 2968 2968 11476 2968 2968 2968 2968 1228 1228 362 246 246 208 208 208 208 362 362 
362 208 208 262 262 722 722 310 310 224 224 712 712 712 712 314 314 426 426 476 476 466 466 440 440 496 496 532 532 764 764 606 606 702 702 522 522 304 304 338 338 610 610 1464 1464 742 742 1880 1880 1880 1880 424 424 504 504 2968 2968 2968 2968 2968 2968 3572 2968 736 5804 2968 2968 5804 2968 2968 3396 2968 560 576 576 330 330 712 712 362 362 362 
362 362 208 208 262 262 280 280 258 258 712 712 460 460 410 410 548 548 522 522 502 502 356 356 290 290 680 680 700 700 328 328 656 656 246 246 664 664 608 608 1272 1272 562 562 2016 2016 480 480 360 360 2968 2968 2968 2968 2968 2968 404 404 2968 2968 2968 2968 3598 2968 762 2968 2968 2968 2968 2908 2908 874 874 362 246 246 208 208 208 208 362 362 
362 362 208 208 262 262 730 730 366 366 712 712 772 772 442 442 406 406 328 328 564 564 730 730 284 284 446 446 274 274 676 676 486 486 436 436 332 332 732 732 1640 1640 338 338 2278 2278 2278 2278 554 554 392 392 2968 2968 5804 2968 2968 792 792 2968 2968 5804 2968 2968 632 632 2968 2968 2968 2968 3394 2968 558 5804 2968 2968 220 220 568 568 254 254 208 208 592 592 362 362 362 
362 208 208 262 262 234 234 732 732 712 532 532 474 474 490 490 470 470 394 394 510 510 458 458 674 674 362 362 492 492 302 302 534 534 480 480 612 612 1200 1200 518 518 1888 1888 1888 1888 550 550 692 692 2968 2968 2968 2968 3324 2968 488 2968 2968 5804 2968 2968 420 420 2968 2968 2968 2968 3312 2968 476 2968 2968 3450 2968 614 486 486 362 362 246 246 208 208 208 208 362 
362 208 208 286 286 504 504 344 344 344 344 712 712 672 672 640 640 456 456 368 368 700 700 496 496 438 438 274 274 410 410 696 696 530 530 356 356 652 652 630 630 1324 1324 670 670 2284 2284 2284 2284 594 594 2968 2968 5804 2968 2968 568 568 2968 2968 2968 2968 2968 2968 3634 2968 798 2968 2968 8640 2968 2968 2968 1996 1996 362 362 362 
362 208 208 262 262 576 576 322 322 712 712 412 412 792 792 662 662 756 756 338 338 396 396 602 602 304 304 294 294 470 470 570 570 262 262 740 740 338 338 1582 1582 550 550 1740 1740 592 592 2968 2968 2968 2968 2968 2968 3674 2968 838 5804 2968 2968 464 464 2968 2968 5594 2968 2758 290 290 330 330 362 362 362 
362 246 246 208 208 208 208 362 208 208 262 262 554 554 682 682 712 712 614 614 296 296 714 714 624 624 418 418 748 748 488 488 514 514 752 752 722 722 624 624 568 568 422 422 410 410 1398 1398 252 252 430 430 1940 1940 804 804 320 320 2968 2968 2968 2968 3614 2968 778 2968 2968 5804 2968 2968 394 394 2968 2968 5804 2968 2968 576 576 2968 2968 2968 2968 296 296 320 320 208 208 254 254 362 362 
362 208 208 262 262 376 376 280 280 712 712 662 662 768 768 522 522 590 590 420 420 404 404 430 430 462 462 764 764 616 616 274 274 752 752 468 468 870 870 620 620 2028 2028 504 504 330 330 2968 2968 2968 2968 2968 2968 738 738 2968 2968 5804 2968 2968 584 584 2968 2968 2968 2968 2968 2968 586 586 2968 2968 2968 2968 1206 1206 362 362 362 
362 362 208 208 262 262 688 688 394 394 712 712 376 376 542 542 596 596 438 438 298 298 306 306 666 666 652 652 632 632 530 530 604 604 702 702 488 488 736 736 354 354 1484 1484 254 254 1890 1890 606 606 536 536 2968 2968 2968 2968 2968 2968 566 566 2968 2968 2968 2968 3518 2968 682 2968 2968 2968 2968 3458 2968 622 5804 2968 2968 1182 1182 362 362 362 
362 208 208 262 262 256 256 376 376 712 712 322 322 800 800 718 718 330 330 338 338 618 618 390 390 746 746 740 740 312 312 646 646 610 610 392 392 348 348 310 310 1068 1068 358 358 1954 1954 436 436 2968 2968 2968 2968 2968 2968 2968 2968 2968 2968 2968 2968 2968 2968 2968 2968 3100 2968 264 506 506 208 208 254 254 362 246 246 208 208 208 208 362 362 
362 362 208 208 622 622 644 644 446 446 712 712 578 578 610 610 718 718 732 732 350 350 450 450 340 340 398 398 380 380 452 452 570 570 700 700 624 624 630 630 300 300 1458 1458 414 414 2050 2050 2050 2050 408 408 488 488 2968 2968 2968 2968 3512 2968 676 5804 2968 2968 3216 2968 380 5804 2968 2968 5804 2968 2968 3552 2968 716 982 982 362 362 362 
362 208 208 262 262 520 520 512 512 712 712 666 666 698 698 436 436 362 362 640 640 614 614 656 656 522 522 304 304 294 294 388 388 606 606 434 434 542 542 498 498 1294 1294 684 684 2128 2128 372 372 762 762 2968 2968 2968 2968 2968 2968 422 422 2968 2968 2968 2968 2968 2968 3622 2968 786 11476 2968 2968 2968 2968 2198 2198 362 246 246 208 208 208 208 362 362 
362 208 208 286 286 614 614 410 410 712 712 584 584 482 482 414 414 290 290 596 596 386 386 732 732 644 644 386 386 720 720 616 616 352 352 482 482 358 358 372 372 1452 1452 368 368 2120 2120 688 688 720 720 2968 2968 5804 2968 2968 648 648 2968 2968 2968 2968 2968 2968 518 518 2968 2968 2968 2968 2968 2968 572 572 2968 2968 2968 2968 440 440 830 830 362 362 362 
362 208 208 262 262 274 274 570 570 712 712 380 380 468 468 544 544 594 594 336 336 366 366 702 702 496 496 660 660 502 502 364 364 682 682 302 302 280 280 1340 1340 604 604 2194 2194 566 566 526 526 2968 2968 2968 2968 2968 2968 3530 2968 694 11476 2968 2968 2968 2968 3910 2968 1074 710 710 362 362 362 208 208 246 246 208 208 
362 362 208 208 286 286 466 466 404 404 712 712 592 592 488 488 442 442 354 354 484 484 594 594 288 288 706 706 592 592 356 356 538 538 312 312 382 382 630 630 802 802 570 570 262 262 1994 1994 746 746 586 586 2968 2968 5804 2968 2968 588 588 2968 2968 5804 2968 2968 802 802 2968 2968 5698 2968 2862 552 552 700 700 254 254 208 208 462 462 362 362 362 
362 362 208 208 262 262 256 256 702 702 712 712 456 456 560 560 716 716 626 626 720 720 402 402 548 548 732 732 506 506 366 366 442 442 300 300 416 416 460 460 1276 1276 410 410 2016 2016 428 428 370 370 2968 2968 2968 2968 3322 2968 486 2968 2968 2968 2968 3426 2968 590 8818 2968 2968 2968 310 312 312 254 254 208 208 436 436 362 362 362 
362 362 246 246 208 208 208 208 208 208 262 262 706 706 550 550 712 712 358 358 724 724 746 746 362 362 728 728 704 704 554 554 326 326 562 562 442 442 478 478 300 300 412 412 730 730 336 336 1428 1428 248 248 2044 2044 2044 2044 692 692 444 444 2968 2968 5804 2968 2968 672 672 2968 2968 2968 2968 2968 2968 424 424 2968 2968 2968 2968 3386 2968 550 5804 2968 2968 1304 1304 362 362 362 
362 208 208 262 262 296 296 292 292 712 712 654 654 366 366 600 600 520 520 302 302 284 284 344 344 398 398 734 734 770 770 586 586 714 714 236 236 398 398 660 660 1464 1464 498 498 1938 1938 1938 1938 742 742 644 644 2968 2968 5804 2968 2968 524 524 2968 2968 2968 2968 3198 2968 362 5804 2968 2968 5804 2968 2968 4390 2968 1554 362 362 362 
362 208 208 262 262 568 568 290 290 712 712 456 456 592 592 638 638 476 476 548 548 424 424 550 550 618 618 650 650 292 292 552 552 434 434 364 364 1624 1624 664 664 2102 2102 460 460 2968 2968 2968 2968 2968 2968 734 734 2968 2968 2968 2968 3178 2968 342 5804 2968 2968 5804 2968 2968 4426 2968 1590 208 208 246 246 208 208 222 222 208 208 362 362 362 
362 208 208 286 286 530 530 486 486 486 486 712 712 232 232 712 328 328 392 392 364 364 592 592 514 514 370 370 300 300 728 728 614 614 746 746 468 468 642 642 652 652 280 280 254 254 1626 1626 710 710 1926 1926 722 722 2968 2968 2968 2968 2968 2968 510 510 2968 2968 2968 2968 2968 2968 624 624 2968 2968 2968 2968 2570 2570 1168 1168 362 362 362 
362 362 208 208 262 262 598 598 298 298 712 712 402 402 616 616 704 704 710 710 596 596 736 736 552 552 684 684 384 384 470 470 478 478 724 724 718 718 270 270 472 472 1200 1200 390 390 1936 1936 574 574 2968 2968 2968 2968 2968 2968 724 724 2968 2968 2968 2968 3356 2968 520 8910 2968 2968 2968 402 330 330 254 254 208 208 582 582 362 2968 2968 6104 2968 2968 432 736 736 228 228 320 320 208 208 362 362 
362 362 208 208 262 262 580 580 712 712 510 510 534 534 546 546 432 432 478 478 304 304 650 650 560 560 330 330 326 326 340 340 646 646 284 284 1180 1180 646 646 538 538 2156 2156 682 682 408 408 2968 2968 2968 2968 2968 2968 644 644 2968 2968 5804 2968 2968 462 462 2968 2968 2968 2968 3580 2968 744 5804 2968 2968 1046 1046 712 712 362 362 362 
362 208 208 262 262 366 366 710 710 712 712 712 488 488 574 574 578 578 552 552 342 342 410 410 762 762 264 264 402 402 568 568 318 318 456 456 294 294 554 554 288 288 1676 1676 244 244 2236 2236 356 356 502 502 2968 2968 2968 2968 3400 2968 564 2968 2968 2968 2968 3262 2968 426 2968 2968 2968 2968 2968 2968 3114 2968 278 3784 2968 948 362 362 246 246 208 208 208 208 362 
362 362 208 208 262 262 390 390 522 522 712 712 410 410 552 552 304 304 760 760 360 360 522 522 346 346 314 314 572 572 728 728 480 480 702 702 558 558 592 592 1292 1292 272 272 1978 1978 1978 1978 338 338 364 364 2968 2968 2968 2968 2968 2968 506 506 2968 2968 5804 2968 2968 664 664 2968 2968 5770 2968 2934 1204 1204 230 230 362 362 
362 362 208 208 262 262 240 240 488 488 488 488 712 712 768 768 310 310 738 738 672 672 400 400 680 680 660 660 742 742 422 422 716 716 296 296 248 248 434 434 696 696 1398 1398 318 318 1916 1916 1916 1916 776 776 814 814 2968 2968 2968 2968 2968 2968 722 722 2968 2968 2968 2968 2968 2968 622 622 2968 2968 2968 2968 3034 2968 528 528 362 362 362 
246 246 208 208 208 208 362 362 208 208 262 262 524 524 456 456 712 712 684 684 356 356 588 588 770 770 450 450 508 508 704 704 466 466 372 372 414 414 608 608 386 386 264 264 368 368 1206 1206 734 734 2004 2004 2004 2004 562 562 718 718 2968 2968 2968 2968 3486 2968 650 2968 2968 2968 2968 3220 2968 384 2968 2968 2968 2968 3236 2968 400 2968 2968 2968 2968 512 512 338 338 208 208 254 254 362 362 362 
362 362 208 208 262 262 246 246 736 736 712 712 654 654 340 340 264 264 268 268 458 458 528 528 604 604 606 606 310 310 768 768 486 486 648 648 744 744 610 610 994 994 522 522 2154 2154 2154 2154 436 436 2968 2968 2968 2968 3404 2968 568 2968 2968 5804 2968 2968 2968 2968 6658 2968 2968 986 5804 2968 2968 1394 1394 362 362 362 
362 246 246 208 208 208 208 208 208 262 262 366 366 400 400 712 712 438 438 630 630 244 244 704 704 318 318 294 294 534 534 282 282 380 380 388 388 766 766 320 320 288 288 478 478 264 264 1234 1234 598 598 2038 2038 430 430 488 488 2968 2968 2968 2968 2968 2968 3486 2968 650 5804 2968 2968 11476 2968 2968 2968 2968 4946 2968 2110 362 362 362 
362 362 232 232 262 262 716 716 620 620 712 712 308 308 528 528 590 590 498 498 468 468 474 474 682 682 454 454 434 434 586 586 306 306 582 582 654 654 1362 1362 408 408 658 658 2062 2062 2062 2062 634 634 680 680 2968 2968 2968 2968 2968 2968 344 344 2968 2968 2968 2968 2968 2968 466 466 2968 2968 2968 2968 2858 2858 586 586 512 512 254 254 208 208 220 220 362 362 362 
362 362 208 208 262 262 254 254 640 640 712 712 406 406 790 790 364 364 594 594 720 720 740 740 208 208 246 246 208 208 538 538 456 456 556 556 440 440 1140 1140 638 638 2062 2062 536 536 732 732 2968 2968 2968 2968 2968 2968 748 748 2968 2968 2968 2968 3546 2968 710 2968 2968 2968 2968 3164 2968 328 5804 2968 2968 882 882 254 254 362 362 362 
362 208 208 262 262 480 480 610 610 712 712 458 458 354 354 288 288 624 624 676 676 670 670 664 664 760 760 562 562 304 304 502 502 694 694 360 360 356 356 640 640 1302 1302 648 648 1862 1862 1862 1862 560 560 2968 2968 2968 2968 2968 2968 2968 2968 2968 2968 3586 2968 750 2968 2968 2968 2968 2968 2968 360 360 2968 2968 2968 2968 768 768 362 362 362 
362 208 208 262 262 664 664 268 268 712 712 634 634 778 778 672 672 708 708 746 746 510 510 516 516 430 430 746 746 518 518 580 580 362 362 504 504 238 238 402 402 1214 1214 256 256 2324 2324 2324 2324 676 676 680 680 2968 2968 2968 2968 3390 2968 554 2968 2968 8640 2968 2968 2968 5804 2968 2968 5804 2968 2968 2618 2618 362 246 246 208 208 208 208 362 362 
362 208 208 262 262 424 424 662 662 712 712 428 428 740 740 554 554 454 454 266 266 328 328 280 280 754 754 294 294 584 584 520 520 522 522 270 270 362 362 554 554 1384 1384 534 534 2058 2058 550 550 394 394 2968 2968 2968 2968 3290 2968 454 2968 2968 2968 2968 3592 2968 756 2968 2968 5722 2968 2886 288 288 724 724 254 254 208 208 642 642 362 362 362 
362 362 208 208 262 262 452 452 334 334 712 712 356 356 580 580 360 360 274 274 280 280 568 568 486 486 650 650 734 734 610 610 362 362 378 378 704 704 684 684 678 678 1342 1342 584 584 1862 1862 1862 1862 466 466 538 538 2968 2968 2968 2968 2968 2968 3220 2968 384 5804 2968 2968 764 764 2968 2968 2968 2968 2566 2566 680 680 532 532 254 254 208 208 688 688 362 362 246 246 208 208 208 208 362 
362 362 208 208 262 262 642 642 352 352 712 712 626 626 408 408 580 580 392 392 290 290 656 656 278 278 572 572 700 700 670 670 674 674 326 326 298 298 1474 1474 346 346 1902 1902 1902 1902 750 750 2968 2968 5804 2968 2968 9238 2968 2968 2968 730 2968 2968 5708 2968 2872 460 460 492 492 362 362 362 
362 362 208 208 262 262 650 650 482 482 712 734 734 638 638 696 696 384 384 470 470 456 456 346 346 712 712 516 516 630 630 584 584 644 644 744 744 608 608 688 688 1558 1558 258 258 2124 2124 574 574 400 400 2968 2968 5804 2968 2968 772 772 2968 2968 2968 2968 2968 2968 762 762 2968 2968 5804 2968 2968 360 360 2968 2968 2926 2926 344 344 330 330 362 362 246 246 208 208 208 208 362 
362 208 208 262 262 374 374 654 654 712 712 632 632 764 764 366 366 392 392 662 662 680 680 726 726 768 768 752 752 304 304 736 736 306 306 252 252 1354 1354 738 738 530 530 1990 1990 1990 1990 604 604 808 808 2968 2968 2968 2968 3688 2968 852 8992 2968 2968 2968 484 2968 2968 5410 2968 2574 902 902 362 362 362 
