362 362 208 208 262 262 550 550 294 294 712 712 588 588 530 530 608 608 572 572 438 438 450 450 280 280 680 680 594 594 386 386 332 332 862 862 318 318 638 638 642 642 1806 1806 2968 2968 1094 1094 2968 2968 724 724 2968 2968 872 872 2968 2968 1066 1066 2968 2968 698 698 2968 2968 1104 1104 2968 2968 782 782 2968 2968 914 914 2968 2968 956 956 2968 2968 1094 1094 2968 2968 698 698 2968 2968 2760 2760 524 524 254 254 208 208 434 434 362 362 
362 246 246 208 208 208 208 362 208 208 262 262 694 694 312 312 712 712 774 774 308 308 372 372 326 326 634 634 608 608 608 608 708 708 712 712 520 520 626 626 254 254 902 902 322 322 436 436 440 440 1824 1824 2968 2968 832 832 2968 2968 812 812 2968 2968 1004 1004 2968 2968 1002 1002 2968 2968 904 904 2968 2968 868 868 2968 2968 798 798 2968 2968 1128 1128 2968 2968 784 784 2968 2968 1040 1040 2968 2968 862 862 2968 2968 1018 1018 2090 2090 676 676 254 254 208 208 352 352 362 362 
362 362 208 208 712 712 262 262 400 400 306 306 424 424 488 488 476 476 580 580 502 502 270 270 616 616 472 472 616 616 356 356 836 836 724 724 314 314 528 528 2110 2110 2968 2968 1122 1122 2968 2968 816 816 2968 2968 1028 1028 2968 2968 4436 2968 1600 2968 2968 932 932 2968 2968 736 736 2968 2968 910 910 2968 2968 3672 2968 836 896 896 2968 2968 1094 1094 2968 2968 2588 2588 290 290 254 254 556 556 362 362 362 
362 246 246 208 208 208 208 208 208 262 262 712 712 586 586 712 712 754 754 260 260 704 704 496 496 398 398 556 556 520 520 484 484 584 584 444 444 422 422 342 342 670 670 698 698 490 490 1028 1028 362 414 414 292 292 1876 1876 1876 1876 2968 2968 860 860 2968 2968 676 676 2968 2968 720 720 2968 2968 4528 2968 1692 2968 2968 970 970 2968 2968 1114 1114 2968 2968 786 786 2968 2968 1074 1074 2968 2968 922 922 2968 2968 1078 1078 2968 2968 2380 2380 242 242 642 642 254 254 208 208 230 230 362 362 
362 362 208 208 262 262 448 448 292 292 712 712 576 576 726 726 568 568 284 284 666 666 292 292 454 454 588 588 772 772 384 384 722 722 796 796 690 690 630 630 2212 2212 2968 2968 860 860 2968 2968 810 810 2968 2968 906 906 2968 2968 3740 2968 904 914 914 2968 2968 1092 1092 2968 2968 1116 1116 2968 2968 750 750 2968 2968 4614 2968 1778 2968 2968 698 698 2968 2968 2214 2214 274 274 254 254 734 734 362 362 
362 7946 2968 2968 2274 7946 2968 2968 2274 640 640 228 228 640 640 228 228 646 646 324 324 486 486 712 712 486 486 462 462 292 292 728 728 510 510 372 372 576 576 298 298 280 280 336 336 1054 1054 582 582 418 418 318 318 690 690 1782 1782 2968 2968 998 998 2968 2968 876 876 2968 2968 1082 1082 2968 2968 828 828 2968 2968 862 862 2968 2968 1122 1122 2968 2968 832 832 2968 2968 1010 1010 2968 2968 984 984 2968 2968 680 680 2968 2968 1144 1144 2968 2968 884 884 1610 1610 282 282 208 208 274 274 246 246 208 208 208 208 362 362 
362 362 208 208 262 262 264 264 570 570 712 712 376 376 376 376 726 726 614 614 644 644 378 378 664 664 766 766 604 604 712 712 868 868 234 234 732 732 1858 1858 2968 2968 662 662 2968 2968 776 776 2968 2968 660 660 2968 2968 2968 2968 1482 1482 2968 2968 738 738 2968 2968 1006 1006 2968 2968 720 720 2968 2968 886 886 2968 2968 998 998 2968 2968 904 904 2968 2968 874 874 1496 1496 344 344 208 208 254 254 362 362 
362 208 208 262 262 374 374 436 436 712 712 506 506 670 670 364 364 462 462 602 602 566 566 722 722 704 704 534 534 344 344 1024 1024 258 258 522 522 254 254 676 676 1934 1934 2968 2968 1118 1118 2968 2968 1120 1120 2968 2968 934 934 2968 2968 896 896 2968 2968 1154 1154 2968 2968 746 746 2968 2968 970 970 2968 2968 1044 1044 2968 2968 2968 2968 1106 1106 2968 2968 948 948 2968 2968 824 824 1786 1786 254 254 208 208 618 618 362 208 208 246 246 208 208 362 
362 208 208 262 262 684 684 512 512 712 712 446 446 636 636 392 392 374 374 346 346 520 520 516 516 492 492 334 334 306 306 290 290 584 584 934 934 400 400 468 468 1940 1940 2968 2968 720 720 2968 2968 1022 1022 2968 2968 1154 1154 2968 2968 1098 1098 2968 2968 952 952 2968 2968 1142 1142 2968 2968 1072 1072 2968 2968 992 992 2968 2968 1054 1054 2968 2968 2968 2968 2968 2968 2882 2882 466 466 254 254 208 208 310 310 362 242 242 362 362 
362 362 208 208 262 262 524 524 574 574 712 712 454 454 796 796 402 402 608 608 312 312 362 362 702 702 750 750 482 482 520 520 794 794 370 370 408 408 320 320 2194 2194 2968 2968 1102 1102 2968 2968 910 910 2968 2968 704 704 2968 2968 4440 2968 1604 2968 2968 1120 1120 2968 2968 846 846 2968 2968 988 988 2968 2968 1004 1004 2968 2968 836 836 2968 2968 824 824 2968 2968 786 786 1792 1792 320 320 620 620 254 254 208 208 590 590 362 362 246 246 208 208 208 208 362 
362 208 208 262 262 472 472 684 684 712 712 340 340 500 500 442 442 356 356 726 726 394 394 292 292 594 594 332 332 458 458 648 648 1242 1242 602 602 740 740 1800 1800 322 322 2968 2968 1134 1134 2968 2968 1120 1120 2968 2968 852 852 2968 2968 910 910 2968 2968 904 904 2968 2968 782 782 2968 2968 662 662 2968 2968 1030 1030 2968 2968 970 970 2968 2968 678 678 2968 2968 730 730 2968 2968 712 712 1866 1866 684 684 254 254 208 208 666 666 362 362 
362 208 208 286 286 626 626 716 716 712 712 578 578 718 718 460 460 274 274 756 756 390 390 510 510 410 410 750 750 678 678 794 794 324 324 310 310 1974 1974 418 418 2968 2968 1140 1140 2968 2968 950 950 2968 2968 792 792 2968 2968 808 808 2968 2968 780 780 2968 2968 932 932 2968 2968 800 800 2968 2968 992 992 2968 2968 714 714 2968 2968 678 678 2968 2968 916 916 2968 2968 1936 1936 254 254 208 208 438 438 362 362 246 246 208 208 208 208 
362 362 208 208 262 262 476 476 712 712 776 776 658 658 372 372 578 578 392 392 480 480 350 350 510 510 510 510 374 374 742 742 462 462 560 560 1208 1208 558 558 612 612 422 422 1844 1844 2968 2968 850 850 2968 2968 788 788 2968 2968 942 942 2968 2968 900 900 2968 2968 824 824 2968 2968 752 752 2968 2968 704 704 524 524 2968 2968 762 762 2968 2968 996 996 2968 2968 720 720 2968 2968 690 690 2968 2968 2392 2392 254 254 208 208 650 650 362 362 
362 208 208 262 262 268 268 464 464 712 712 652 652 558 558 396 396 344 344 658 658 710 710 468 468 578 578 642 642 392 392 278 278 374 374 870 870 514 514 614 614 1974 1974 2968 2968 848 848 2968 2968 998 998 352 352 2968 2968 1034 1034 2968 2968 1026 1026 2968 2968 1128 1128 2968 2968 964 964 2968 2968 706 706 2968 2968 780 780 2968 2968 726 726 2968 2968 902 902 2968 2968 1006 1006 2968 2968 856 856 1684 1684 254 254 208 208 516 516 362 362 
242 242 362 246 246 208 208 208 208 208 208 262 262 240 240 304 304 712 712 270 270 538 538 776 776 588 588 552 552 350 350 620 620 320 320 502 502 614 614 700 700 898 898 922 922 628 628 720 720 2160 2160 444 444 2968 2968 780 780 2968 2968 1146 1146 2968 2968 1146 1146 2968 2968 704 704 2968 2968 892 892 2968 2968 762 762 2968 2968 1020 1020 2968 2968 736 736 2968 2968 832 832 2968 2968 860 860 2968 2968 826 826 2968 2968 732 732 1820 1820 488 488 692 692 254 254 208 208 670 670 362 362 
362 208 208 262 262 730 730 296 296 712 712 344 344 686 686 428 428 662 662 396 396 406 406 232 232 618 618 688 688 642 642 608 608 1152 1152 328 328 432 432 1736 1736 2968 2968 800 800 2968 2968 844 844 2968 2968 930 930 2968 2968 2968 2968 1132 1132 2968 2968 772 772 2968 2968 1026 1026 2968 2968 1130 1130 2968 2968 666 666 2968 2968 710 710 2968 2968 1062 1062 2968 2968 664 664 1826 1826 692 692 628 628 254 254 208 208 492 492 362 362 362 
362 208 208 262 262 584 584 550 550 712 712 432 432 686 686 348 348 456 456 326 326 270 270 638 638 494 494 518 518 208 208 246 246 208 208 574 574 1174 1174 564 564 290 290 1686 1686 2968 2968 748 748 2968 2968 766 766 2968 2968 990 990 2968 2968 924 924 2968 2968 900 900 2968 2968 1146 1146 2968 2968 866 866 2968 2968 1080 1080 2968 2968 2968 2968 1420 1420 2968 2968 748 748 2968 2968 960 960 1608 1608 636 636 254 254 208 208 518 518 362 362 362 
362 208 208 262 262 264 264 374 374 712 712 434 434 470 470 298 298 452 452 370 370 466 466 306 306 686 686 328 328 316 316 1134 1134 688 688 414 414 544 544 442 442 1830 1830 2968 2968 1022 1022 2968 2968 672 672 2968 2968 894 894 2968 2968 678 678 2968 2968 734 734 2968 2968 862 862 2968 2968 966 966 2968 2968 1124 1124 2968 2968 2968 2968 1578 1578 2968 2968 806 806 2968 2968 700 700 1564 1564 284 284 254 254 208 208 716 716 362 362 
362 208 208 286 286 494 494 696 696 696 696 712 712 224 224 712 578 578 284 284 684 684 626 626 708 708 628 628 454 454 352 352 424 424 550 550 562 562 1348 1348 590 590 588 588 1958 1958 534 534 2968 2968 792 792 2968 2968 678 678 2968 2968 1006 1006 2968 2968 1028 1028 2968 2968 728 728 2968 2968 956 956 2968 2968 1006 1006 2968 2968 836 836 2968 2968 2968 2968 1158 1158 2968 2968 914 914 2968 2968 684 684 1484 1484 380 380 242 242 254 254 208 208 680 680 362 246 246 208 208 208 208 362 
362 208 208 262 262 332 332 250 250 712 712 624 624 380 380 514 514 380 380 594 594 588 588 728 728 600 600 692 692 334 334 1280 1280 254 254 550 550 1906 1906 2968 2968 766 766 2968 2968 984 984 2968 2968 1106 1106 2968 2968 3858 2968 1022 780 780 2968 2968 980 980 2968 2968 884 884 2968 2968 780 780 2968 2968 778 778 2968 2968 2968 2968 1342 1342 2968 2968 890 890 1738 1738 344 344 254 254 208 208 428 428 362 362 362 
362 208 208 262 262 452 452 582 582 712 712 678 678 572 572 694 694 710 710 420 420 530 530 590 590 752 752 642 642 670 670 962 962 592 592 470 470 476 476 2114 2114 2968 2968 762 762 2968 2968 768 768 2968 2968 742 742 2968 2968 664 664 2968 2968 864 864 2968 2968 994 994 2968 2968 958 958 2968 2968 692 692 2968 2968 924 924 2968 2968 740 740 2968 2968 960 960 2968 2968 674 674 1514 1514 350 350 264 264 254 254 208 208 628 628 362 246 246 208 208 208 208 362 
362 362 232 232 286 286 714 714 700 700 712 712 694 694 662 662 718 718 348 348 640 640 304 304 734 734 602 602 758 758 630 630 1168 1168 582 582 356 356 254 254 2038 2038 442 442 2968 2968 1028 1028 2968 2968 660 660 2968 2968 676 676 2968 2968 806 806 2968 2968 908 908 2968 2968 722 722 2968 2968 828 828 2968 2968 708 708 2968 2968 908 908 2968 2968 1006 1006 2968 2968 964 964 2968 2968 926 926 1734 1734 724 724 568 568 254 254 208 208 470 470 362 362 
362 208 208 262 262 440 440 376 376 712 712 654 654 504 504 338 338 480 480 262 262 690 690 654 654 368 368 472 472 346 346 678 678 966 966 532 532 698 698 240 240 2102 2102 2968 2968 966 966 2968 2968 752 752 2968 2968 808 808 2968 2968 1144 1144 2968 2968 724 724 2968 2968 1142 1142 2968 2968 1040 1040 2968 2968 756 756 2968 2968 682 682 2968 2968 952 952 2968 2968 1140 1140 2968 2968 886 886 1430 1430 500 500 514 514 254 254 208 208 476 476 362 362 362 
246 246 208 208 208 208 362 208 208 262 262 636 636 302 302 712 712 524 524 318 318 778 778 490 490 284 284 560 560 640 640 618 618 322 322 608 608 1162 1162 388 388 380 380 680 680 1934 1934 2968 2968 1118 1118 2968 2968 982 982 2968 2968 2968 2968 5804 2968 2968 2382 2382 2968 2968 2968 2968 5804 2968 2968 2968 2968 5660 2968 2824 2274 2274 636 636 254 254 208 208 314 314 362 362 
362 208 208 262 262 618 618 652 652 712 712 536 536 572 572 424 424 492 492 542 542 686 686 550 550 416 416 700 700 586 586 530 530 1258 1258 276 276 716 716 1672 1672 2968 2968 1098 1098 2968 2968 914 914 2968 2968 756 756 2968 2968 1118 1118 2968 2968 664 664 2968 2968 652 652 2968 2968 910 910 2968 2968 1154 1154 2968 2968 1154 1154 2968 2968 868 868 2968 2968 1138 1138 2968 2968 3066 2968 230 208 208 254 254 362 362 
362 246 246 208 208 208 208 208 208 262 262 284 284 584 584 442 442 692 692 490 490 416 416 682 682 700 700 440 440 362 588 588 450 450 534 534 1014 1014 270 270 614 614 712 712 526 526 2176 2176 630 630 2968 2968 932 932 2968 2968 800 800 2968 2968 802 802 2968 2968 708 708 2968 2968 904 904 2968 2968 786 786 2968 2968 1032 1032 2968 2968 724 724 2968 2968 790 790 2968 2968 1114 1114 2968 2968 772 772 2968 2968 1060 1060 2530 2530 330 330 684 684 362 362 
362 208 208 262 262 286 286 636 636 712 586 586 650 650 768 768 586 586 742 742 552 552 296 296 608 608 634 634 372 372 322 322 440 440 1082 1082 528 528 588 588 2136 2136 2136 2136 2968 2968 854 854 2968 2968 684 684 2968 2968 660 660 2968 2968 702 702 2968 2968 1152 1152 2968 2968 666 666 2968 2968 688 688 2968 2968 926 926 2968 2968 722 722 2968 2968 764 764 2968 2968 738 738 2968 2968 938 938 1634 1634 700 700 422 422 812 812 362 362 362 
362 208 208 262 262 402 402 414 414 712 712 760 760 320 320 480 480 498 498 280 280 708 708 720 720 532 532 576 576 662 662 844 844 246 246 208 208 208 208 740 740 358 358 1984 1984 2968 2968 790 790 2968 2968 810 810 2968 2968 1084 1084 2968 2968 898 898 2968 2968 650 650 2968 2968 672 672 2968 2968 950 950 2968 2968 650 650 2968 2968 1008 1008 2968 2968 668 668 2968 2968 846 846 2968 2968 870 870 1562 1562 242 242 254 254 208 208 710 710 362 362 
362 362 208 208 262 262 292 292 752 752 712 712 312 312 684 684 710 710 730 730 606 606 450 450 380 380 574 574 604 604 514 514 852 852 528 528 566 566 708 708 1964 1964 2968 2968 1128 1128 2968 2968 1062 1062 2968 2968 952 952 2968 2968 2968 2968 1174 1174 2968 2968 954 954 2968 2968 862 862 2968 2968 848 848 2968 2968 1092 1092 2968 2968 858 858 2968 2968 888 888 2968 2968 714 714 1754 1754 262 262 360 360 208 208 254 254 362 362 
362 208 208 262 262 426 426 604 604 712 712 640 640 570 570 728 728 648 648 388 388 538 538 410 410 380 380 782 782 700 700 326 326 622 622 1240 1240 688 688 386 386 1858 1858 2968 2968 694 694 2968 2968 2968 2968 2968 2968 2028 2028 2968 2968 728 728 2968 2968 674 674 2968 2968 1070 1070 2968 2968 970 970 2968 2968 994 994 2968 2968 644 644 2968 2968 700 700 2968 2968 1952 1952 470 470 254 254 208 208 514 514 362 208 208 246 246 208 208 362 362 
362 232 232 262 262 496 496 440 440 712 712 534 534 386 386 528 528 480 480 760 760 670 670 246 246 450 450 430 430 650 650 322 322 1248 1248 240 240 324 324 1888 1888 2968 2968 816 816 2968 2968 814 814 2968 2968 1094 1094 2968 2968 700 700 2968 2968 750 750 2968 2968 754 754 2968 2968 1006 1006 2968 2968 1080 1080 2968 2968 778 778 2968 2968 686 686 2968 2968 1052 1052 2968 2968 1834 1834 476 476 254 254 208 208 698 698 362 362 362 
362 208 208 262 262 416 416 444 444 712 712 768 768 784 784 658 658 420 420 366 366 300 300 712 712 418 418 580 580 534 534 606 606 282 282 1220 1220 280 280 628 628 534 534 1684 1684 2968 2968 732 732 2968 2968 696 696 2968 2968 792 792 2968 2968 850 850 2968 2968 878 878 2968 2968 1104 1104 2968 2968 776 776 2968 2968 1074 1074 2968 2968 4054 2968 1218 2968 2968 1106 1106 2968 2968 2240 2240 752 752 254 254 208 208 350 350 362 246 246 208 208 208 208 362 
362 362 208 208 622 622 314 314 516 516 712 712 744 744 610 610 706 706 706 706 318 318 556 556 612 612 650 650 530 530 586 586 312 312 1434 1434 412 412 542 542 2152 2152 688 688 2968 2968 784 784 2968 2968 708 708 2968 2968 964 964 2968 2968 752 752 2968 2968 902 902 2968 2968 1130 1130 2968 2968 746 746 2968 2968 1108 1108 2968 2968 2968 2968 1556 1556 2968 2968 734 734 2968 2968 2152 2152 482 482 274 274 208 208 460 460 362 362 
362 208 208 286 286 292 292 522 522 522 522 712 712 392 392 376 376 326 326 544 544 320 320 534 534 448 448 336 336 616 616 716 716 1106 1106 740 740 416 416 414 414 1862 1862 2968 2968 880 880 2968 2968 976 976 2968 2968 838 838 2968 2968 1066 1066 2968 2968 846 846 2968 2968 660 660 2968 2968 1132 1132 2968 2968 3784 2968 948 664 664 2968 2968 650 650 2968 2968 1138 1138 2968 2968 656 656 1602 1602 356 356 466 466 254 254 208 208 212 212 362 362 
246 246 208 208 208 208 362 362 208 208 262 262 400 400 308 308 712 712 384 384 748 748 282 282 726 726 366 366 628 628 348 348 330 330 398 398 1112 1112 594 594 624 624 600 600 1870 1870 234 234 2968 2968 724 724 2968 2968 902 902 2968 2968 852 852 2968 2968 702 702 2968 2968 728 728 2968 2968 1048 1048 2968 2968 750 750 2968 2968 918 918 2968 2968 3938 2968 1102 2968 2968 1104 1104 2968 2968 2196 2196 554 554 448 448 254 254 208 208 468 468 362 362 
362 362 208 208 262 262 336 336 318 318 712 712 270 270 568 568 438 438 532 532 332 332 432 432 534 534 518 518 680 680 370 370 582 582 1170 1170 398 398 398 398 266 266 434 434 1966 1966 2968 2968 776 776 2968 2968 1020 1020 2968 2968 972 972 2968 2968 952 952 2968 2968 1104 1104 2968 2968 972 972 2968 2968 990 990 650 650 2968 2968 1020 1020 2968 2968 976 976 2968 2968 1076 1076 2968 2968 972 972 2968 2968 800 800 1364 1364 424 424 564 564 254 254 208 208 588 588 362 362 
362 246 246 208 208 208 208 208 208 262 262 546 546 716 716 712 712 342 342 526 526 628 628 686 686 570 570 626 626 374 374 578 578 1472 1472 374 374 466 466 1798 1798 2968 2968 1034 1034 2968 2968 1116 1116 2968 2968 656 656 2968 2968 1050 1050 2968 2968 662 662 2968 2968 850 850 2968 2968 1098 1098 2968 2968 932 932 2968 2968 2968 2968 1586 1586 2968 2968 946 946 2968 2968 3166 2968 330 362 362 362 
362 208 208 262 262 346 346 744 744 744 744 712 712 672 672 810 810 740 740 740 740 760 760 688 688 694 694 776 776 356 356 706 706 636 636 852 852 694 694 668 668 1692 1692 2968 2968 728 728 2968 2968 652 652 2968 2968 792 792 2968 2968 958 958 2968 2968 846 846 2968 2968 986 986 2968 2968 782 782 2968 2968 1134 1134 2968 2968 890 890 2968 2968 1130 1130 2968 2968 912 912 2968 2968 716 716 1348 1348 340 340 488 488 254 254 208 208 722 722 362 362 362 
362 208 208 262 262 360 360 596 596 712 712 372 372 434 434 342 342 756 756 544 544 638 638 336 336 640 640 364 364 996 996 646 646 342 342 246 246 208 208 208 208 268 268 2046 2046 2968 2968 1038 1038 2968 2968 1134 1134 2968 2968 998 998 2968 2968 784 784 2968 2968 702 702 2968 2968 676 676 2968 2968 1058 1058 2968 2968 3960 2968 1124 696 696 2968 2968 1044 1044 2968 2968 808 808 2968 2968 1016 1016 1662 1662 748 748 254 254 208 208 308 308 362 362 362 
362 208 208 262 262 536 536 390 390 712 712 610 610 334 334 312 312 560 560 668 668 746 746 752 752 636 636 1068 1068 320 320 534 534 2086 2086 2968 2968 1034 1034 2968 2968 920 920 2968 2968 668 668 2968 2968 2968 2968 1328 1328 2968 2968 876 876 2968 2968 1096 1096 2968 2968 1044 1044 2968 2968 4392 2968 1556 2968 2968 662 662 2968 2968 1122 1122 1798 1798 254 254 208 208 602 602 362 362 362 
362 362 208 208 262 262 374 374 590 590 712 712 722 722 302 302 414 414 726 726 422 422 482 482 292 292 354 354 620 620 384 384 902 902 690 690 362 362 1954 1954 2968 2968 690 690 2968 2968 752 752 2968 2968 1034 1034 2968 2968 1126 1126 2968 2968 660 660 2968 2968 1086 1086 2968 2968 872 872 2968 2968 1128 1128 2968 2968 2968 2968 1212 1212 2968 2968 754 754 2968 2968 1110 1110 1802 1802 576 576 208 208 254 254 362 362 362 
362 208 208 262 262 654 654 358 358 712 712 464 464 624 624 484 484 470 470 756 756 468 468 662 662 336 336 674 674 492 492 426 426 1126 1126 506 506 350 350 2164 2164 2968 2968 1126 1126 2968 2968 930 930 2968 2968 1156 1156 2968 2968 712 712 2968 2968 976 976 2968 2968 1150 1150 2968 2968 1056 1056 2968 2968 742 742 2968 2968 1094 1094 2968 2968 1080 1080 2968 2968 1016 1016 2968 2968 692 692 1364 1364 236 236 254 254 208 208 530 530 362 362 246 246 208 208 208 208 362 
362 208 208 262 262 616 616 392 392 416 416 712 712 364 364 724 724 574 574 304 304 586 586 730 730 374 374 620 620 428 428 376 376 1070 1070 392 392 292 292 1838 1838 2968 2968 1024 1024 2968 2968 2968 2968 1242 1242 2968 2968 772 772 2968 2968 760 760 2968 2968 852 852 2968 2968 1140 1140 2968 2968 1140 1140 2968 2968 2968 2968 2968 2968 1994 1994 2968 2968 1006 1006 1578 1578 422 422 254 254 208 208 542 542 362 362 362 
362 208 208 262 262 454 454 384 384 712 712 646 646 698 698 664 664 500 500 356 356 384 384 526 526 646 646 330 330 666 666 282 282 1024 1024 692 692 242 242 1974 1974 1974 1974 2968 2968 1110 1110 2968 2968 912 912 2968 2968 1092 1092 2968 2968 686 686 2968 2968 706 706 2968 2968 862 862 2968 2968 894 894 2968 2968 820 820 2968 2968 1124 1124 2968 2968 672 672 2968 2968 662 662 2968 2968 2016 2016 222 222 254 254 208 208 404 404 362 362 362 
208 208 246 246 208 208 222 222 208 208 362 208 208 262 262 568 568 312 312 712 712 330 330 686 686 542 542 298 298 796 796 470 470 476 476 752 752 658 658 526 526 708 708 1130 1130 616 616 560 560 2090 2090 2968 2968 804 804 2968 2968 1094 1094 2968 2968 1108 1108 2968 2968 2968 2968 1386 1386 2968 2968 662 662 2968 2968 942 942 2968 2968 916 916 2968 2968 678 678 2968 2968 844 844 2968 2968 778 778 2968 2968 714 714 1612 1612 348 348 208 208 254 254 362 362 
362 208 208 286 286 680 680 374 374 712 712 460 460 308 308 430 430 636 636 324 324 322 322 588 588 622 622 738 738 764 764 564 564 694 694 454 454 590 590 2078 2078 2968 2968 914 914 2968 2968 1050 1050 2968 2968 980 980 2968 2968 766 766 2968 2968 704 704 2968 2968 966 966 2968 2968 662 662 2968 2968 900 900 2968 2968 992 992 2968 2968 5804 2968 2968 3180 2968 344 712 712 254 254 208 208 552 552 362 362 362 
362 8940 2968 2968 2968 432 736 736 228 228 320 320 208 208 208 208 262 262 720 720 612 612 712 712 556 556 634 634 328 328 730 730 240 240 316 316 580 580 448 448 416 416 1168 1168 698 698 406 406 482 482 292 292 1794 1794 2968 2968 848 848 2968 2968 782 782 2968 2968 806 806 2968 2968 1036 1036 2968 2968 1066 1066 2968 2968 1090 1090 2968 2968 678 678 2968 2968 846 846 2968 2968 992 992 2968 2968 870 870 2968 2968 1144 1144 2968 2968 802 802 1450 1450 1166 1166 362 362 
362 208 208 286 286 314 314 660 660 478 478 624 624 698 698 750 750 678 678 624 624 660 660 500 500 326 326 712 540 540 572 572 1076 1076 514 514 434 434 2086 2086 2968 2968 952 952 2968 2968 808 808 2968 2968 788 788 2968 2968 1130 1130 2968 2968 680 680 2968 2968 1132 1132 2968 2968 1158 1158 2968 2968 1078 1078 2968 2968 2968 2968 1540 1540 2968 2968 1096 1096 2968 2968 1848 1848 254 254 208 208 220 220 362 362 362 
362 208 208 262 262 450 450 706 706 712 712 324 324 368 368 688 688 432 432 436 436 326 326 384 384 422 422 470 470 518 518 416 416 726 726 480 480 246 246 208 208 208 208 644 644 2012 2012 2968 2968 884 884 2968 2968 908 908 2968 2968 1068 1068 2968 2968 1026 1026 2968 2968 1096 1096 2968 2968 812 812 2968 2968 1008 1008 2968 2968 996 996 2968 2968 662 662 2968 2968 2968 2968 2968 2968 2874 2874 618 618 254 254 208 208 310 310 362 362 
362 208 208 262 262 456 456 296 296 712 712 522 522 454 454 278 278 738 738 570 570 564 564 374 374 618 618 372 372 760 760 292 292 1082 1082 374 374 370 370 430 430 356 356 2060 2060 2968 2968 838 838 2968 2968 760 760 2968 2968 680 680 2968 2968 3838 2968 1002 782 782 2968 2968 910 910 2968 2968 960 960 2968 2968 710 710 2968 2968 862 862 2968 2968 976 976 2968 2968 652 652 2968 2968 816 816 1830 1830 696 696 254 254 362 362 362 
