362 362 208 208 262 262 886 886 712 712 558 558 322 322 726 726 346 346 276 276 350 350 420 420 626 626 364 364 518 518 1026 1026 362 362 368 368 2138 2138 604 604 674 674 2968 2968 2556 2556 254 254 246 246 254 254 208 208 650 650 362 362 362 
362 208 208 262 262 726 726 656 656 712 712 484 484 332 332 520 520 310 310 552 552 452 452 472 472 518 518 648 648 656 656 874 874 410 410 2156 2156 610 610 692 692 2968 2968 5804 2968 2968 288 288 2968 2968 828 828 652 652 254 254 208 208 286 286 246 246 208 208 208 208 362 362 
362 362 208 208 262 262 310 310 388 388 712 712 310 310 332 332 364 364 622 622 372 372 310 310 294 294 460 460 334 334 700 700 842 842 662 662 734 734 2042 2042 598 598 648 648 2968 2968 1444 1444 482 482 242 242 254 254 208 208 416 416 362 362 362 
362 208 208 262 262 668 668 582 582 712 712 572 572 738 738 346 346 596 596 790 790 790 790 628 628 674 674 736 736 642 642 242 242 854 854 656 656 542 542 1816 1816 322 322 678 678 2968 2968 2968 2968 2968 2968 2254 2254 492 492 254 254 208 208 714 714 362 246 246 208 208 208 208 362 
362 362 208 208 622 622 546 546 698 698 712 712 512 512 512 512 588 588 748 748 538 538 618 618 356 356 522 522 448 448 590 590 1340 1340 542 542 2118 2118 542 542 488 488 2968 2968 2648 2648 686 686 454 454 274 274 208 208 412 412 362 362 362 
362 208 208 262 262 420 420 512 512 712 712 548 548 458 458 544 544 658 658 514 514 430 430 704 704 320 320 668 668 996 996 674 674 1818 1818 554 554 568 568 2968 2968 822 822 366 366 572 572 254 254 208 208 390 390 362 362 362 246 
208 208 208 208 362 208 208 286 286 484 484 398 398 712 712 772 772 408 408 746 746 594 594 750 750 606 606 242 242 772 772 392 392 1000 1000 244 244 1824 1824 586 586 574 574 2968 2968 1250 1250 704 704 282 282 254 254 208 208 334 334 362 362 362 
362 208 208 262 262 574 574 246 246 712 574 574 448 448 276 276 252 252 738 738 444 444 300 300 608 608 710 710 588 588 898 898 344 344 2104 2104 518 518 308 308 2968 2968 5804 2968 2968 678 678 2968 2968 786 786 328 328 236 236 254 254 208 208 214 214 362 362 
362 246 246 208 208 208 208 208 208 262 262 660 660 726 726 712 712 530 530 668 668 750 750 282 282 576 576 598 598 242 242 470 470 744 744 244 244 1110 1110 730 730 250 250 1806 1806 318 318 368 368 2968 2968 2396 2396 332 332 694 694 254 254 208 208 380 380 362 362 362 
362 208 208 262 262 404 404 626 626 712 712 532 532 586 586 668 668 714 714 622 622 674 674 390 390 598 598 504 504 390 390 1100 1100 608 608 2032 2032 368 368 322 322 2968 2968 1202 1202 426 426 578 578 254 254 208 208 374 374 362 362 362 
362 362 208 208 262 262 268 268 602 602 712 712 294 294 524 524 326 326 532 532 532 532 682 682 520 520 480 480 562 562 750 750 408 408 856 856 246 246 208 208 208 208 316 316 2146 2146 446 446 644 644 410 410 2968 2968 5804 2968 2968 406 406 1834 1834 558 558 254 254 208 208 404 404 362 362 
362 362 208 208 262 262 272 272 662 662 712 712 622 622 636 636 274 274 562 562 274 274 362 362 706 706 570 570 570 570 420 420 1054 1054 358 358 1906 1906 628 628 726 726 2968 2968 1052 1052 418 418 262 262 254 254 208 208 230 230 362 362 362 
362 208 208 262 262 350 350 658 658 682 682 712 712 650 650 782 782 412 412 304 304 660 660 426 426 654 654 548 548 584 584 302 302 1280 1280 298 298 1906 1906 584 584 802 802 2968 2968 5804 2968 2968 298 298 2968 2968 890 890 388 388 668 668 254 254 208 208 512 512 208 208 246 246 208 208 362 362 
362 362 208 208 262 262 410 410 672 672 712 712 748 748 312 312 530 530 402 402 586 586 290 290 362 362 530 530 334 334 1196 1196 522 522 1840 1840 388 388 638 638 2968 2968 2778 2778 450 450 254 254 208 208 538 538 362 362 362 
362 208 208 262 262 528 528 498 498 712 712 500 500 642 642 378 378 652 652 652 652 334 334 344 344 396 396 728 728 500 500 288 288 1308 1308 246 246 2168 2168 716 716 546 546 2968 2968 756 756 516 516 680 680 254 254 208 208 700 700 362 362 246 246 208 208 208 208 362 
362 362 208 208 262 262 368 368 572 572 712 712 340 340 772 772 632 632 510 510 382 382 390 390 338 338 422 422 516 516 422 422 926 926 464 464 2012 2012 706 706 580 580 2968 2968 1296 1296 266 266 440 440 254 254 208 208 332 332 362 362 362 
362 208 208 262 262 378 378 334 334 712 712 734 734 612 612 472 472 704 704 726 726 518 518 732 732 592 592 494 494 288 288 892 892 308 308 306 306 1898 1898 324 324 786 786 2968 2968 2968 2968 2968 2968 430 430 2968 2968 546 546 292 292 486 486 254 254 208 208 700 700 362 362 208 208 246 246 208 208 
362 362 208 208 262 262 292 292 278 278 712 712 354 354 546 546 590 590 540 540 502 502 336 336 642 642 550 550 342 342 348 348 1066 1066 270 270 2176 2176 622 622 408 408 2968 2968 2624 2624 276 276 522 522 254 254 208 208 362 362 362 362 362 
362 208 208 262 262 344 344 266 266 712 712 774 774 324 324 536 536 460 460 460 460 580 580 292 292 540 540 452 452 318 318 346 346 974 974 688 688 1986 1986 562 562 414 414 658 658 2968 2968 2968 2968 2968 2968 806 806 1456 1456 498 498 254 254 208 208 212 212 362 362 
362 246 246 208 208 208 208 362 208 208 262 262 416 416 630 630 712 712 650 650 550 550 302 302 334 334 632 632 542 542 404 404 430 430 666 666 588 588 914 914 628 628 1884 1884 492 492 796 796 2968 2968 922 922 570 570 254 254 208 208 660 660 362 362 362 
362 362 208 208 262 262 638 638 686 686 712 712 616 616 768 768 714 714 682 682 650 650 524 524 528 528 278 278 480 480 636 636 780 780 484 484 468 468 1810 1810 710 710 556 556 2968 2968 1454 1454 444 444 254 254 208 208 454 454 362 362 362 
362 208 208 262 262 582 582 384 384 284 284 356 356 466 466 354 354 354 354 362 308 308 296 296 600 600 442 442 712 712 246 246 208 208 208 208 452 452 524 524 1056 1056 292 292 2062 2062 550 550 526 526 2968 2968 2632 2632 560 560 268 268 254 254 208 208 718 718 362 362 362 
362 208 208 262 262 276 276 332 332 712 712 638 638 526 526 464 464 574 574 504 504 746 746 478 478 470 470 776 776 434 434 1254 1254 632 632 522 522 1892 1892 336 336 346 346 2968 2968 5804 2968 2968 592 592 1294 1294 644 644 568 568 254 254 208 208 536 536 362 362 
362 362 208 208 262 262 668 668 254 254 712 712 272 272 512 512 470 470 614 614 522 522 526 526 564 564 714 714 688 688 936 936 282 282 1884 1884 372 372 756 756 2968 2968 1136 1136 566 566 328 328 254 254 208 208 362 362 246 246 208 208 208 208 362 362 362 
362 362 208 208 262 262 642 642 632 632 712 712 366 366 708 708 296 296 330 330 632 632 492 492 346 346 404 404 476 476 960 960 636 636 2016 2016 338 338 576 576 400 400 2968 2968 2968 2968 3482 2968 646 2968 2968 748 748 636 636 714 714 254 254 208 208 514 514 362 362 
362 362 208 208 262 262 664 664 496 496 712 712 656 656 338 338 604 604 378 378 736 736 486 486 740 740 478 478 592 592 530 530 1094 1094 236 236 2180 2180 516 516 354 354 2968 2968 2644 2644 700 700 566 566 254 254 208 208 670 670 362 246 246 208 208 208 208 362 362 
362 208 208 262 262 608 608 604 604 712 712 338 338 712 410 410 332 332 372 372 456 456 458 458 358 358 278 278 530 530 1314 1314 650 650 492 492 1732 1732 456 456 422 422 2968 2968 2968 2968 2968 2968 776 776 1422 1422 458 458 470 470 254 254 208 208 350 350 362 362 
362 362 208 208 262 262 276 276 646 646 712 712 748 748 586 586 446 446 534 534 534 534 706 706 348 348 236 236 444 444 378 378 1316 1316 722 722 1908 1908 502 502 562 562 2968 2968 1352 1352 594 594 712 712 254 254 208 208 366 366 362 362 362 246 246 208 208 208 208 
362 208 208 262 262 366 366 476 476 712 712 568 568 426 426 408 408 272 272 312 312 618 618 598 598 582 582 632 632 618 618 1144 1144 306 306 582 582 2208 2208 522 522 510 510 2968 2968 2968 2968 2968 2968 3154 2968 318 1130 1130 584 584 254 254 208 208 212 212 362 362 
362 362 208 208 262 262 430 430 364 364 712 712 538 538 640 640 758 758 428 428 270 270 280 280 666 666 454 454 722 722 614 614 862 862 862 862 690 690 2144 2144 776 776 696 696 2992 2968 1194 1194 608 608 254 254 208 208 674 674 362 362 362 
362 208 208 246 246 208 208 362 208 208 262 262 656 656 340 340 712 712 606 606 434 434 566 566 360 360 548 548 244 244 340 340 314 314 370 370 912 912 636 636 2202 2202 380 380 804 804 2968 2968 2968 2968 3512 2968 676 1658 1658 448 448 254 254 208 208 612 612 362 362 362 
362 362 208 208 712 622 622 264 264 356 356 712 568 568 404 404 664 664 560 560 560 560 530 530 302 302 370 370 340 340 764 764 438 438 1216 1216 590 590 1742 1742 366 366 380 380 2968 2968 1248 1248 300 300 508 508 274 274 208 208 230 230 362 362 362 
362 208 208 286 286 686 686 440 440 712 712 520 520 664 664 408 408 572 572 716 716 268 268 246 246 208 208 208 208 250 250 518 518 576 576 820 820 550 550 1888 1888 632 632 612 612 2968 2968 3328 2968 492 502 502 254 254 208 208 446 446 362 362 362 
362 208 208 262 262 592 592 498 498 712 712 408 408 592 592 284 284 652 652 374 374 648 648 364 364 426 426 674 674 444 444 1152 1152 732 732 2060 2060 310 310 470 470 2968 2968 1180 1180 706 706 544 544 254 254 208 208 578 578 362 362 362 
362 208 208 262 262 682 682 264 264 712 712 682 682 612 612 290 290 628 628 738 738 654 654 448 448 776 776 362 362 1170 1170 404 404 2170 2170 364 364 594 594 2968 2968 5804 2968 2968 708 708 1256 1256 624 624 458 458 254 254 208 208 676 676 246 246 208 208 208 208 362 362 
362 362 208 208 262 262 400 400 640 640 712 712 578 578 448 448 562 562 308 308 528 528 598 598 648 648 234 234 604 604 424 424 1070 1070 438 438 2140 2140 444 444 484 484 2968 2968 2968 2968 3154 2968 318 2968 2968 598 598 626 626 646 646 254 254 208 208 428 428 362 362 
362 362 208 208 262 262 430 430 312 312 712 712 486 486 660 660 776 776 744 744 716 716 752 752 468 468 252 252 346 346 572 572 1320 1320 286 286 2070 2070 654 654 626 626 2968 2968 1182 1182 692 692 692 692 324 324 254 254 208 208 390 390 362 246 246 208 208 208 208 362 362 
362 362 208 208 286 286 720 720 288 288 712 712 630 630 476 476 734 734 742 742 616 616 278 278 252 252 676 676 568 568 646 646 1178 1178 270 270 1874 1874 356 356 332 332 2968 2968 2602 2602 732 732 372 372 254 254 208 208 244 244 362 362 
362 208 208 262 262 418 418 634 634 712 712 332 332 616 616 618 618 608 608 688 688 544 544 264 264 642 642 640 640 262 262 1344 1344 564 564 334 334 2022 2022 570 570 708 708 2968 2968 1194 1194 356 356 644 644 254 254 208 208 396 396 362 362 208 208 246 246 208 208 362 
362 208 208 262 262 432 432 288 288 712 712 682 682 368 368 672 672 414 414 536 536 536 536 766 766 626 626 292 292 588 588 510 510 920 920 608 608 2042 2042 368 368 516 516 2968 2968 2968 2968 2968 2968 314 314 2968 2968 984 984 374 374 414 414 254 254 208 208 344 344 362 362 
362 362 208 208 262 262 676 676 256 256 712 712 344 344 648 648 458 458 412 412 420 420 310 310 708 708 452 452 276 276 474 474 970 970 708 708 1802 1802 716 716 806 806 2968 2968 1486 1486 702 702 508 508 254 254 208 208 270 270 362 362 362 
362 246 246 208 208 208 208 362 208 208 262 262 564 564 666 666 712 712 666 666 366 366 442 442 304 304 546 546 432 432 456 456 454 454 298 298 994 994 606 606 1680 1680 814 814 768 768 2968 2968 2480 2480 586 586 288 288 254 254 208 208 284 284 362 362 362 
362 208 208 262 262 620 620 724 724 712 462 462 542 542 300 300 406 406 726 726 460 460 644 644 550 550 400 400 1088 1088 300 300 580 580 702 702 1832 1832 430 430 538 538 2968 2968 2968 2968 3294 2968 458 1230 1230 356 356 530 530 254 254 208 208 254 254 362 362 
362 362 208 208 262 262 492 492 364 364 712 712 364 364 558 558 422 422 394 394 246 246 208 208 208 208 720 720 598 598 322 322 302 302 382 382 1302 1302 588 588 1812 1812 626 626 742 742 2968 2968 866 866 244 244 218 218 254 254 208 208 660 660 362 362 362 
362 362 208 208 262 262 474 474 284 284 632 632 712 712 320 320 768 768 360 360 444 444 464 464 558 558 732 732 652 652 330 330 1072 1072 544 544 1768 1768 730 730 728 728 2968 2968 1356 1356 350 350 442 442 254 254 208 208 310 310 362 362 362 
362 208 208 262 262 346 346 420 420 712 712 322 322 350 350 366 366 702 702 506 506 494 494 280 280 602 602 694 694 1042 1042 692 692 1874 1874 378 378 724 724 2968 2968 2968 2968 2968 2968 3440 2968 604 1134 1134 406 406 254 254 208 208 244 244 246 246 208 208 208 208 362 362 
362 362 208 208 262 262 468 468 624 624 712 712 710 710 614 614 478 478 540 540 320 320 726 726 718 718 442 442 712 712 272 272 926 926 250 250 1790 1790 720 720 710 710 2968 2968 2456 2456 226 226 330 330 254 254 208 208 340 340 362 362 362 
362 208 208 262 262 362 362 606 606 712 712 286 286 564 564 704 704 732 732 572 572 630 630 386 386 628 628 296 296 748 748 1106 1106 294 294 2082 2082 404 404 402 402 2968 2968 1132 1132 328 328 692 692 254 254 208 208 280 280 362 208 208 246 246 208 208 362 362 
362 362 208 208 262 262 462 462 352 352 712 712 712 712 564 564 688 688 522 522 620 620 672 672 256 256 324 324 542 542 882 882 544 544 1950 1950 624 624 318 318 2968 2968 1494 1494 358 358 524 524 254 254 208 208 690 690 362 362 362 
362 208 208 262 262 642 642 694 694 712 712 310 310 628 628 420 420 704 704 604 604 528 528 718 718 366 366 288 288 978 978 252 252 2064 2064 656 656 422 422 2968 2968 2968 2968 2968 2968 732 732 2968 2968 852 852 314 314 254 254 208 208 462 462 362 362 246 246 208 208 208 208 
362 362 208 208 262 262 582 582 410 410 712 712 272 272 536 536 708 708 456 456 640 640 626 626 432 432 458 458 244 244 1070 1070 274 274 656 656 1992 1992 462 462 626 626 2968 2968 2968 2968 2968 2968 638 638 1300 1300 540 540 240 240 254 254 208 208 580 580 362 362 436 436 228 228 760 760 542 542 208 208 
