362 362 208 208 622 622 390 390 488 488 694 694 528 528 348 348 448 448 740 740 324 324 364 364 556 556 312 312 252 252 990 990 608 608 712 358 358 2074 2074 2968 2968 704 704 2968 2968 966 966 2968 2968 780 780 2968 2968 716 716 2968 2968 726 726 1514 1514 756 756 208 208 274 274 712 362 362 
362 246 246 208 208 208 208 362 208 208 262 262 264 264 580 580 712 712 610 610 718 718 682 682 352 352 768 768 334 334 664 664 532 532 506 506 310 310 894 894 422 422 634 634 1688 1688 2968 2968 884 884 2968 2968 826 826 2968 2968 1054 1054 2968 2968 1058 1058 2968 2968 2592 2592 362 362 
362 362 2968 2968 2968 2968 2494 2494 208 208 234 234 262 262 722 722 320 320 1040 1040 856 856 712 712 540 540 446 446 504 504 448 448 362 362 728 728 668 668 336 336 336 336 700 700 798 798 598 598 666 666 274 274 2086 2086 2968 2968 824 824 2968 2968 882 882 2968 2968 902 902 2968 2968 1098 1098 2968 2968 2536 2536 522 522 254 254 208 208 452 452 362 362 
362 362 208 208 262 262 348 348 646 646 712 712 514 514 766 766 634 634 462 462 704 704 246 246 208 208 466 466 208 208 324 324 524 524 304 304 704 704 946 946 636 636 590 590 2020 2020 2968 2968 968 968 2968 2968 1094 1094 2968 2968 724 724 2968 2968 786 786 2968 2968 844 844 1446 1446 438 438 692 692 254 254 208 208 382 382 362 362 
362 362 208 208 262 262 670 670 306 306 712 712 520 520 302 302 434 434 506 506 276 276 354 354 706 706 300 300 428 428 726 726 320 320 338 338 454 454 1978 1978 2968 2968 1106 1106 2968 2968 948 948 2968 2968 762 762 2968 2968 1144 1144 2968 2968 2778 2778 254 254 208 208 690 690 362 362 362 
362 362 208 208 262 262 304 304 568 568 712 712 300 300 364 364 714 714 402 402 556 556 662 662 274 274 718 718 306 306 296 296 1044 1044 408 408 280 280 1738 1738 2968 2968 966 966 2968 2968 904 904 2968 2968 676 676 2968 2968 1062 1062 2968 2968 1102 1102 1326 1326 496 496 558 558 254 254 208 208 318 318 246 246 208 208 208 208 362 362 
362 362 208 208 262 262 566 566 280 280 712 712 510 510 296 296 764 764 668 668 496 496 642 642 642 642 422 422 546 546 414 414 798 798 670 670 722 722 682 682 2128 2128 2968 2968 1094 1094 2968 2968 1140 1140 2968 2968 972 972 2968 2968 714 714 2968 2968 956 956 1374 1374 472 472 444 444 254 254 208 208 468 468 362 8942 2968 2968 2968 434 704 704 228 228 760 760 542 542 208 208 362 
362 362 208 208 262 262 672 672 634 634 712 712 738 738 606 606 514 514 562 562 744 744 738 738 608 608 672 672 478 478 1028 1028 608 608 544 544 510 510 2050 2050 2968 2968 714 714 2968 2968 1010 1010 2968 2968 680 680 2968 2968 3870 2968 1034 2494 2494 568 568 254 254 208 208 598 598 362 246 246 208 208 208 208 362 
362 362 208 208 262 262 668 668 536 536 712 712 760 760 538 538 364 364 644 644 744 744 630 630 328 328 290 290 294 294 490 490 704 704 286 286 254 254 1992 1992 2968 2968 856 856 2968 2968 1104 1104 2968 2968 1004 1004 2968 2968 2968 2968 2876 2876 456 456 362 362 
362 362 208 208 286 286 656 656 778 778 712 712 776 776 452 452 502 502 648 648 594 594 542 542 624 624 464 464 670 670 870 870 384 384 384 384 298 298 276 276 1880 1880 2968 2968 1168 1168 2968 2968 992 992 2968 2968 860 860 2968 2968 1060 1060 2968 2968 706 706 1208 1208 208 208 254 254 362 362 362 208 208 246 246 208 208 208 208 
362 362 208 208 262 262 442 442 312 312 712 712 646 646 404 404 634 634 276 276 634 634 612 612 702 702 492 492 756 756 476 476 708 708 272 272 526 526 1762 1762 2968 2968 980 980 2968 2968 758 758 2968 2968 886 886 2968 2968 2968 2968 2902 2902 254 254 208 208 340 340 340 340 362 362 
362 362 208 208 262 262 238 238 510 510 712 712 526 526 376 376 512 512 278 278 444 444 594 594 440 440 398 398 448 448 670 670 566 566 300 300 578 578 1926 1926 2968 2968 1144 1144 2968 2968 764 764 2968 2968 942 942 2968 2968 748 748 2968 2968 1106 1106 1492 1492 326 326 700 700 208 208 254 254 362 362 
362 208 208 322 322 362 208 208 262 262 264 264 374 374 712 712 458 458 450 450 428 428 332 332 418 418 316 316 722 722 530 530 494 494 320 320 950 950 486 486 374 374 624 624 1954 1954 2968 2968 1042 1042 2968 2968 860 860 2968 2968 1158 1158 2968 2968 842 842 2968 2968 1062 1062 2072 2072 362 362 362 
362 362 208 208 262 262 328 328 432 432 712 712 476 476 420 420 404 404 296 296 630 630 432 432 388 388 518 518 636 636 1102 1102 620 620 336 336 470 470 1978 1978 2968 2968 1162 1162 2968 2968 1096 1096 2968 2968 868 868 2968 2968 2968 2968 1486 1486 1262 1262 424 424 330 330 254 254 208 208 526 526 362 362 
362 362 208 208 262 262 644 644 660 660 712 712 604 604 774 774 388 388 736 736 246 246 208 208 208 208 382 382 328 328 436 436 430 430 668 668 1124 1124 446 446 432 432 252 252 1870 1870 2968 2968 848 848 2968 2968 666 666 2968 2968 914 914 2968 2968 940 940 2968 2968 664 664 1124 1124 446 446 254 254 208 208 638 638 362 362 
362 362 208 208 262 262 472 472 614 614 712 712 680 680 676 676 508 508 266 266 554 554 352 352 476 476 442 442 704 704 660 660 892 892 590 590 532 532 1830 1830 2968 2968 828 828 2968 2968 866 866 2968 2968 798 798 2968 2968 744 744 2968 2968 1052 1052 1212 1212 462 462 506 506 254 254 208 208 700 700 242 242 362 362 
362 362 208 208 262 262 430 430 280 280 644 644 732 732 278 278 428 428 402 402 624 624 418 418 414 414 508 508 546 546 944 944 362 458 458 574 574 2020 2020 712 712 2968 2968 794 794 2968 2968 858 858 2968 2968 1008 1008 2968 2968 800 800 2968 2968 2074 2074 492 492 254 254 208 208 528 528 246 246 208 208 208 208 362 362 
362 362 208 208 286 286 470 470 702 702 712 712 452 452 460 460 528 528 590 590 402 402 358 358 652 652 596 596 608 608 782 782 604 604 1744 1744 618 618 2968 2968 1018 1018 2968 2968 918 918 2968 2968 824 824 2968 2968 980 980 2968 2968 652 652 1278 1278 478 478 254 254 208 208 548 548 362 362 
362 362 232 232 262 262 334 334 736 736 712 712 676 676 456 456 282 282 420 420 652 652 452 452 616 616 734 734 356 356 318 318 1054 1054 542 542 300 300 1752 1752 2968 2968 710 710 2968 2968 876 876 2968 2968 992 992 2968 2968 770 770 2968 2968 3104 2968 268 660 660 254 254 208 208 354 354 362 246 246 208 208 208 208 362 
362 362 208 208 262 262 406 406 386 386 712 712 748 748 670 670 548 548 558 558 498 498 450 450 750 750 542 542 542 542 690 690 1006 1006 708 708 562 562 266 266 1890 1890 2968 2968 942 942 2968 2968 1094 1094 2968 2968 922 922 2968 2968 3686 2968 850 1128 1128 1672 1672 708 708 254 254 208 208 412 412 362 362 
362 362 208 208 262 262 500 500 382 382 712 712 570 570 764 764 428 428 662 662 688 688 676 676 620 620 540 540 576 576 688 688 348 348 712 712 556 556 1646 1646 2968 2968 804 804 2968 2968 852 852 2968 2968 1112 1112 2968 2968 792 792 2968 2968 806 806 1346 1346 510 510 376 376 254 254 208 208 416 416 362 362 208 208 246 246 208 208 
362 362 232 232 262 262 384 384 734 734 712 712 460 460 422 422 612 612 486 486 714 714 748 748 300 300 494 494 296 296 588 588 1132 1132 380 380 478 478 1674 1674 2968 2968 832 832 2968 2968 702 702 2968 2968 700 700 2968 2968 2968 2968 1370 1370 1594 1594 520 520 432 432 254 254 208 208 212 212 362 362 
362 362 208 208 262 262 728 728 574 574 574 574 712 712 678 678 472 472 292 292 428 428 276 276 374 374 632 632 460 460 422 422 578 578 898 898 492 492 704 704 1860 1860 2968 2968 1058 1058 2968 2968 768 768 2968 2968 712 712 2968 2968 710 710 2968 2968 2564 2564 224 224 254 254 208 208 510 510 362 362 
362 246 246 208 208 208 208 362 208 208 262 262 582 582 320 320 712 712 284 284 614 614 716 716 658 658 350 350 408 408 342 342 730 730 604 604 940 940 748 748 424 424 464 464 1924 1924 2968 2968 776 776 2968 2968 878 878 2968 2968 658 658 2968 2968 1012 1012 2968 2968 1132 1132 1516 1516 664 664 564 564 254 254 208 208 270 270 362 362 
362 362 208 208 262 262 516 516 702 702 712 712 372 372 784 784 716 716 314 314 502 502 282 282 438 438 628 628 666 666 730 730 1088 1088 344 344 330 330 1938 1938 2968 2968 918 918 2968 2968 1036 1036 2968 2968 810 810 2968 2968 670 670 2968 2968 1086 1086 1416 1416 620 620 308 308 254 254 208 208 572 572 362 362 
362 362 246 246 208 208 208 208 208 208 262 262 596 596 536 536 712 712 608 608 698 698 476 476 294 294 466 466 742 742 588 588 322 322 470 470 780 780 546 546 662 662 658 658 1902 1902 2968 2968 922 922 2968 2968 820 820 2968 2968 864 864 2968 2968 674 674 2968 2968 848 848 1318 1318 396 396 254 254 208 208 582 582 362 362 362 
362 362 208 208 262 262 250 250 426 426 712 712 376 376 558 558 332 332 438 438 752 752 574 574 760 760 650 650 498 498 696 696 1138 1138 234 234 672 672 1976 1976 2968 2968 776 776 2968 2968 864 864 2968 2968 662 662 2968 2968 1026 1026 2968 2968 958 958 1508 1508 460 460 208 208 254 254 362 362 
362 362 208 208 622 622 420 420 672 672 712 712 706 706 286 286 538 538 254 254 746 746 380 380 420 420 410 410 602 602 948 948 250 250 394 394 294 294 1650 1650 2968 2968 716 716 2968 2968 744 744 2968 2968 712 712 2968 2968 752 752 2968 2968 1710 1710 696 696 308 308 274 274 208 208 486 486 486 486 208 208 246 246 208 208 208 208 362 362 
362 362 208 208 262 262 398 398 354 354 712 764 764 712 548 548 350 350 506 506 616 616 444 444 440 440 316 316 740 740 1022 1022 598 598 608 608 350 350 1866 1866 2968 2968 1022 1022 2968 2968 692 692 2968 2968 964 964 2968 2968 864 864 2968 2968 958 958 1506 1506 628 628 614 614 254 254 208 208 606 606 362 362 
362 362 208 208 262 262 446 446 282 282 712 712 462 462 672 672 500 500 592 592 432 432 556 556 680 680 472 472 620 620 1044 1044 316 316 718 718 258 258 2090 2090 2968 2968 1032 1032 2968 2968 824 824 2968 2968 760 760 2968 2968 5026 2968 2190 254 254 648 648 362 246 246 208 208 208 208 362 
362 362 208 208 262 262 490 490 626 626 712 712 656 656 624 624 400 400 752 752 580 580 506 506 716 716 308 308 746 746 732 732 778 778 714 714 726 726 1996 1996 2968 2968 666 666 2968 2968 836 836 2968 2968 702 702 2968 2968 1066 1066 2968 2968 2058 2058 664 664 642 642 254 254 208 208 212 212 362 362 
362 362 208 208 262 262 362 362 522 522 712 712 706 706 730 730 710 710 592 592 504 504 356 356 360 360 296 296 692 692 314 314 1084 1084 564 564 562 562 2038 2038 2968 2968 1110 1110 2968 2968 778 778 2968 2968 848 848 2968 2968 4994 2968 2158 606 606 504 504 254 254 208 208 290 290 362 362 246 246 208 208 208 208 
362 362 208 208 262 262 292 292 378 378 688 688 382 382 290 290 446 446 292 292 712 712 568 568 650 650 660 660 410 410 896 896 386 386 286 286 560 560 2098 2098 2968 2968 796 796 2968 2968 1016 1016 2968 2968 1060 1060 2968 2968 708 708 2968 2968 2102 2102 704 704 254 254 208 208 660 660 362 362 
362 362 208 208 262 262 352 352 368 368 712 526 526 304 304 328 328 516 516 722 722 510 510 584 584 518 518 748 748 948 948 474 474 512 512 532 532 2054 2054 2968 2968 796 796 2968 2968 932 932 2968 2968 718 718 2968 2968 2968 2968 1288 1288 1528 1528 594 594 690 690 362 362 
362 208 208 246 246 208 208 362 208 208 262 262 238 238 742 742 712 712 292 292 794 794 432 432 600 600 382 382 242 242 288 288 558 558 596 596 298 298 744 744 524 524 462 462 2062 2062 2968 2968 980 980 2968 2968 1144 1144 2968 2968 1154 1154 2968 2968 862 862 2968 2968 720 720 1506 1506 648 648 592 592 254 254 208 208 234 234 362 362 
362 362 208 208 262 262 732 732 520 520 712 712 298 298 480 480 462 462 324 324 346 346 476 476 296 296 458 458 400 400 1056 1056 668 668 344 344 548 548 1738 1738 2968 2968 966 966 2968 2968 714 714 2968 2968 748 748 2968 2968 978 978 2968 2968 2382 2382 498 498 254 254 208 208 382 382 362 362 362 
362 362 208 208 246 246 208 208 208 208 262 262 318 318 480 480 712 712 428 428 748 748 346 346 456 456 514 514 296 296 456 456 242 242 282 282 694 694 1098 1098 690 690 658 658 1910 1910 2968 2968 844 844 2968 2968 1006 1006 2968 2968 826 826 2968 2968 692 692 2968 2968 1812 1812 254 254 208 208 222 222 362 362 
362 362 208 208 286 286 276 276 482 482 712 712 746 746 384 384 752 752 442 442 662 662 350 350 534 534 294 294 738 738 534 534 804 804 460 460 668 668 1992 1992 2968 2968 884 884 2968 2968 914 914 2968 2968 922 922 2968 2968 4444 2968 1608 1138 1138 236 236 282 282 254 254 208 208 594 594 362 362 
362 362 208 208 262 262 514 514 252 252 712 712 488 488 370 370 298 298 640 640 612 612 294 294 638 638 732 732 608 608 610 610 1008 1008 676 676 478 478 1922 1922 2968 2968 1168 1168 2968 2968 1036 1036 2968 2968 970 970 2968 2968 664 664 2968 2968 1024 1024 1244 1244 504 504 602 602 254 254 208 208 306 306 208 208 246 246 208 208 362 362 
362 362 208 208 262 262 724 724 710 710 712 712 594 594 792 792 434 434 746 746 478 478 702 702 328 328 712 712 316 316 362 362 850 850 584 584 522 522 1862 1862 2968 2968 784 784 2968 2968 1068 1068 2968 2968 956 956 2968 2968 678 678 2968 2968 690 690 1270 1270 208 208 254 254 362 362 
362 362 208 208 286 286 728 728 562 562 712 712 720 720 292 292 428 428 264 264 696 696 730 730 722 722 664 664 662 662 248 248 1144 1144 656 656 696 696 2136 2136 2968 2968 770 770 2968 2968 692 692 2968 2968 814 814 2968 2968 1030 1030 2968 2968 1080 1080 1286 1286 208 208 254 254 362 208 208 246 246 208 208 362 
362 362 208 208 262 262 380 380 248 248 712 712 606 606 794 794 344 344 620 620 606 606 746 746 336 336 392 392 550 550 686 686 856 856 332 332 666 666 1712 1712 2968 2968 910 910 2968 2968 730 730 2968 2968 768 768 2968 2968 814 814 2968 2968 774 774 1590 1590 590 590 548 548 254 254 208 208 638 638 638 638 362 362 362 
362 362 208 208 262 262 550 550 242 242 712 712 544 544 576 576 724 724 350 350 350 350 360 360 592 592 522 522 588 588 690 690 372 372 880 880 442 442 498 498 1940 1940 2968 2968 990 990 2968 2968 790 790 2968 2968 756 756 2968 2968 1042 1042 2968 2968 1692 1692 806 806 254 254 208 208 274 274 362 362 246 246 208 208 208 208 
362 362 208 208 262 262 498 498 698 698 712 712 718 718 528 528 464 464 268 268 404 404 320 320 390 390 598 598 562 562 324 324 1080 1080 278 278 454 454 1800 1800 2968 2968 842 842 2968 2968 666 666 2968 2968 882 882 2968 2968 650 650 2968 2968 700 700 1456 1456 324 324 462 462 254 254 208 208 364 364 362 362 
362 362 208 208 262 262 286 286 486 486 486 486 712 712 766 766 756 756 444 444 686 686 686 686 772 772 428 428 744 744 462 462 278 278 558 558 988 988 344 344 2020 2020 2968 2968 1004 1004 2968 2968 1072 1072 2968 2968 992 992 2968 2968 5056 2968 2220 254 254 208 208 300 300 362 362 
362 246 246 208 208 208 208 362 208 208 262 262 500 500 530 530 712 712 430 430 672 672 766 766 692 692 348 348 748 748 748 748 456 456 706 706 690 690 252 252 608 608 380 380 1956 1956 2968 2968 3834 2968 998 1010 1010 2968 2968 832 832 2968 2968 2968 2968 1196 1196 1446 1446 522 522 398 398 254 254 208 208 420 420 362 362 
362 362 208 208 262 262 496 496 304 304 712 712 540 540 522 522 480 480 566 566 586 586 316 316 436 436 312 312 494 494 706 706 1094 1094 510 510 514 514 1770 1770 2968 2968 678 678 2968 2968 882 882 2968 2968 908 908 2968 2968 844 844 2968 2968 2552 2552 340 340 254 254 208 208 640 640 362 362 362 
362 362 246 246 208 208 208 208 208 208 262 262 360 360 270 270 712 712 414 414 374 374 614 614 282 282 452 452 674 674 314 314 354 354 688 688 252 252 870 870 642 642 402 402 2026 2026 2968 2968 1084 1084 2968 2968 742 742 2968 2968 684 684 2968 2968 684 684 2968 2968 2330 2330 362 362 
362 362 208 208 286 286 324 324 342 342 680 680 288 288 342 342 502 502 334 334 582 582 606 606 656 656 370 370 536 536 868 868 362 594 594 390 390 1826 1826 2968 2968 708 708 2968 2968 864 864 2968 2968 926 926 2968 2968 3844 2968 1008 716 716 1606 1606 514 514 648 648 254 254 208 208 378 378 712 712 362 362 
362 362 208 208 262 262 396 396 714 714 712 712 536 536 748 748 566 566 252 252 592 592 480 480 700 700 370 370 548 548 598 598 1004 1004 416 416 480 480 1924 1924 2968 2968 670 670 2968 2968 1104 1104 2968 2968 4806 2968 1970 2968 2968 1096 1096 1510 1510 1510 1510 264 264 254 254 208 208 480 480 208 208 246 246 208 208 362 362 
362 362 208 208 262 262 388 388 368 368 712 712 470 470 732 732 612 612 552 552 426 426 368 368 614 614 336 336 706 706 778 778 748 748 590 590 458 458 1826 1826 1826 1826 2968 2968 850 850 2968 2968 734 734 2968 2968 970 970 2968 2968 830 830 2968 2968 802 802 1366 1366 896 896 254 254 208 208 214 214 362 362 
