208 208 262 262 598 598 378 378 666 666 740 740 676 676 692 692 680 680 262 262 350 350 316 316 620 620 406 406 604 604 728 728 546 546 736 736 1178 1178 254 254 682 682 2066 2066 2968 2968 1084 1084 2968 2968 1092 1092 2968 2968 1070 1070 2968 2968 2968 2968 1310 1310 2968 2968 812 812 2968 2968 886 886 2968 2968 830 830 2968 2968 2968 2968 1228 1228 2968 2968 834 834 2968 2968 2968 2968 900 900 1986 1986 246 246 208 208 208 208 
208 208 262 262 460 460 352 352 766 766 726 726 586 586 378 378 704 704 704 704 358 358 298 298 654 654 778 778 644 644 696 696 698 698 360 360 510 510 290 290 956 956 488 488 426 426 1994 1994 2968 2968 1062 1062 2968 2968 950 950 2968 2968 846 846 2968 2968 776 776 2968 2968 842 842 2968 2968 652 652 2968 2968 808 808 2968 2968 1154 1154 2968 2968 2968 2968 1274 1274 2968 2968 1064 1064 2968 2968 2968 2968 2600 2600 
208 208 628 628 420 420 516 516 680 680 656 656 718 718 716 716 638 638 454 454 756 756 374 374 406 406 284 284 370 370 424 424 390 390 516 516 1138 1138 282 282 512 512 700 700 2136 2136 2968 2968 842 842 2968 2968 1008 1008 2968 2968 820 820 2968 2968 2968 2968 1524 1524 2968 2968 918 918 2968 2968 932 932 2968 2968 1102 1102 2968 2968 1126 1126 2968 2968 1092 1092 2968 2968 840 840 2968 2968 798 798 2968 2968 1916 1916 
246 246 208 208 208 208 208 208 262 262 522 522 574 574 476 476 630 630 344 344 318 318 1508 1508 476 476 634 634 784 784 392 392 398 398 596 596 718 718 416 416 952 952 324 324 500 500 382 382 1768 1768 2968 2968 1078 1078 2968 2968 850 850 2968 2968 744 744 2968 2968 1144 1144 2968 2968 772 772 2968 2968 1038 1038 2968 2968 1046 1046 2968 2968 1104 1104 2968 2968 2968 2968 1956 1956 2968 2968 1096 1096 2968 2968 2968 2968 2968 2968 282 282 
208 208 262 262 452 452 572 572 768 768 418 418 474 474 514 514 602 602 626 626 596 596 586 586 486 486 622 622 416 416 334 334 562 562 362 362 844 844 564 564 406 406 2146 2146 2968 2968 786 786 2968 2968 1080 1080 2968 2968 990 990 2968 2968 1094 1094 2968 2968 822 822 2968 2968 1032 1032 2968 2968 1138 1138 2968 2968 746 746 2968 2968 2968 2968 1970 1970 2968 2968 826 826 2968 2968 2968 2968 2968 2968 424 424 
246 246 208 208 208 208 208 208 262 262 410 410 550 550 442 442 498 498 434 434 452 452 640 640 570 570 466 466 698 698 640 640 692 692 696 696 306 306 434 434 326 326 488 488 1240 1240 730 730 524 524 650 650 2188 2188 2968 2968 924 924 2968 2968 858 858 2968 2968 1120 1120 2968 2968 818 818 2968 2968 722 722 2968 2968 884 884 2968 2968 816 816 2968 2968 732 732 2968 2968 758 758 2968 2968 772 772 2968 2968 1110 1110 2968 2968 2968 2968 2922 2922 
208 208 262 262 232 232 302 302 330 330 664 664 378 378 390 390 242 242 614 614 656 656 420 420 450 450 380 380 458 458 564 564 676 676 738 738 396 396 806 806 496 496 334 334 702 702 1916 1916 2968 2968 862 862 2968 2968 2968 2968 1412 1412 2968 2968 800 800 2968 2968 1140 1140 2968 2968 2968 2968 1016 1016 790 790 2968 2968 2968 2968 2968 2968 2968 2968 2968 2968 2968 2968 2968 2968 1612 1612 640 640 254 254 208 208 434 434 
208 208 262 262 618 618 400 400 412 412 606 606 714 714 678 678 642 642 748 748 348 348 522 522 710 710 380 380 620 620 306 306 614 614 720 720 412 412 744 744 246 246 208 208 208 208 428 428 646 646 1742 1742 2968 2968 772 772 2968 2968 696 696 2968 2968 1114 1114 2968 2968 964 964 2968 2968 1078 1078 2968 2968 772 772 2968 2968 762 762 2968 2968 812 812 2968 2968 2968 2968 1522 1522 2968 2968 750 750 2968 2968 1118 1118 2968 2968 1484 1484 
208 208 262 262 320 320 572 572 642 642 326 326 516 516 538 538 746 746 688 688 268 268 298 298 790 790 658 658 606 606 786 786 610 610 584 584 754 754 546 546 368 368 1920 1920 246 246 2968 2968 1050 1050 2968 2968 732 732 2968 2968 764 764 2968 2968 2968 2968 1202 1202 2968 2968 726 726 2968 2968 658 658 2968 2968 962 962 2968 2968 2968 2968 1502 1502 2968 2968 1138 1138 2968 2968 738 738 2968 2968 860 860 732 732 208 208 254 254 
208 208 262 262 610 610 662 662 588 588 762 762 506 506 412 412 418 418 334 334 570 570 646 646 440 440 294 294 576 576 570 570 442 442 324 324 862 862 664 664 622 622 358 358 1784 1784 2968 2968 904 904 2968 2968 648 648 2968 2968 1068 1068 2968 2968 956 956 2968 2968 1080 1080 2968 2968 860 860 2968 2968 866 866 2968 2968 954 954 2968 2968 2968 2968 1678 1678 2968 2968 764 764 2968 2968 940 940 2968 2968 852 852 870 870 246 246 208 208 208 208 
208 208 262 262 422 422 582 582 438 438 760 760 324 324 346 346 484 484 590 590 564 564 606 606 720 720 622 622 364 364 602 602 692 692 346 346 1156 1156 668 668 356 356 2144 2144 580 580 2968 2968 944 944 2968 2968 706 706 2968 2968 710 710 2968 2968 944 944 2968 2968 856 856 2968 2968 2968 2968 1128 1128 992 992 2968 2968 790 790 2968 2968 908 908 2968 2968 1158 1158 2968 2968 858 858 2968 2968 2968 2968 1128 1128 2008 2008 
208 208 262 262 610 610 512 512 418 418 402 402 508 508 438 438 518 518 304 304 630 630 510 510 400 400 740 740 388 388 268 268 778 778 688 688 468 468 782 782 670 670 606 606 424 424 2162 2162 2968 2968 850 850 2968 2968 780 780 2968 2968 726 726 2968 2968 982 982 2968 2968 920 920 2968 2968 1126 1126 2968 2968 1116 1116 2968 2968 956 956 2968 2968 2968 2968 1602 1602 2968 2968 1028 1028 2968 2968 2968 2968 2410 2410 208 208 246 246 208 208 
208 208 262 262 692 692 616 616 418 418 312 312 418 418 610 610 462 462 640 640 558 558 604 604 618 618 472 472 672 672 544 544 666 666 760 760 476 476 1232 1232 674 674 640 640 2020 2020 2968 2968 1058 1058 2968 2968 1058 1058 2968 2968 810 810 2968 2968 850 850 2968 2968 704 704 2968 2968 2968 2968 1688 1688 2968 2968 748 748 2968 2968 2968 2968 2968 2968 2968 2968 2968 2968 2722 2722 724 724 572 572 254 254 208 208 452 452 
208 208 262 262 244 244 546 546 466 466 710 710 420 420 722 722 254 254 532 532 292 292 648 648 666 666 532 532 320 320 668 668 576 576 742 742 1226 1226 670 670 638 638 656 656 1744 1744 2968 2968 976 976 2968 2968 790 790 2968 2968 770 770 2968 2968 2968 2968 1312 1312 2968 2968 874 874 2968 2968 1148 1148 2968 2968 1096 1096 2968 2968 2968 2968 1816 1816 2968 2968 976 976 2968 2968 2968 2968 1234 1234 476 476 564 564 208 208 254 254 
246 246 208 208 208 208 208 208 262 262 390 390 302 302 654 654 666 666 458 458 618 618 734 734 374 374 420 420 452 452 466 466 436 436 400 400 308 308 688 688 694 694 982 982 652 652 452 452 486 486 1770 1770 2968 2968 966 966 2968 2968 2968 2968 2968 2968 1288 1288 1156 1156 2968 2968 2968 2968 2968 2968 2362 2362 2968 2968 928 928 2968 2968 1146 1146 2968 2968 2968 2968 2968 2968 2968 2968 2968 2968 518 518 436 436 254 254 208 208 712 712 
208 208 262 262 460 460 418 418 470 470 644 644 350 350 316 316 322 322 300 300 390 390 454 454 464 464 402 402 330 330 612 612 538 538 316 316 642 642 1052 1052 680 680 546 546 1716 1716 260 260 2968 2968 986 986 2968 2968 768 768 2968 2968 682 682 2968 2968 1108 1108 2968 2968 1034 1034 2968 2968 788 788 2968 2968 1132 1132 2968 2968 726 726 2968 2968 1154 1154 2968 2968 718 718 2968 2968 928 928 2968 2968 728 728 2968 2968 1022 1022 254 254 208 208 640 640 
246 246 208 208 208 208 208 208 262 262 484 484 506 506 440 440 362 362 684 684 644 644 608 608 412 412 748 748 442 442 442 442 700 700 600 600 460 460 446 446 506 506 258 258 868 868 620 620 260 260 1990 1990 272 272 2968 2968 712 712 2968 2968 968 968 2968 2968 972 972 2968 2968 804 804 2968 2968 808 808 2968 2968 876 876 2968 2968 762 762 2968 2968 930 930 2968 2968 2968 2968 1106 1106 2968 2968 1020 1020 2968 2968 2968 2968 2016 2016 
208 208 262 262 502 502 490 490 546 546 478 478 772 772 262 262 396 396 626 626 330 330 588 588 672 672 424 424 628 628 760 760 644 644 330 330 310 310 286 286 1094 1094 550 550 270 270 688 688 1934 1934 2968 2968 1042 1042 2968 2968 1130 1130 2968 2968 1144 1144 2968 2968 2968 2968 1594 1594 2968 2968 734 734 2968 2968 762 762 2968 2968 1096 1096 2968 2968 2968 2968 1122 1122 2968 2968 1088 1088 2968 2968 1104 1104 2968 2968 1046 1046 906 906 
208 208 262 262 478 478 268 268 324 324 734 734 314 314 580 580 658 658 658 658 316 316 722 722 524 524 538 538 448 448 724 724 302 302 564 564 360 360 1096 1096 270 270 402 402 208 208 246 246 208 208 356 356 1834 1834 2968 2968 1120 1120 2968 2968 1122 1122 2968 2968 802 802 2968 2968 758 758 2968 2968 1068 1068 2968 2968 734 734 2968 2968 850 850 2968 2968 650 650 2968 2968 1138 1138 2968 2968 776 776 2968 2968 928 928 2968 2968 1026 1026 2968 2968 1722 1722 
208 208 262 262 384 384 330 330 470 470 560 560 590 590 284 284 264 264 664 664 510 510 288 288 664 664 372 372 448 448 400 400 484 484 464 464 1136 1136 292 292 494 494 548 548 2228 2228 2968 2968 1020 1020 2968 2968 862 862 2968 2968 984 984 2968 2968 2968 2968 1228 1228 2968 2968 954 954 2968 2968 850 850 2968 2968 692 692 2968 2968 866 866 2968 2968 1116 1116 2968 2968 1060 1060 2968 2968 2968 2968 2424 2424 652 652 
208 208 262 262 510 510 712 712 676 676 392 392 428 428 280 280 228 228 342 342 616 616 320 320 650 650 610 610 628 628 734 734 500 500 616 616 810 810 320 320 674 674 2104 2104 726 726 2968 2968 832 832 2968 2968 870 870 2968 2968 992 992 2968 2968 814 814 2968 2968 1008 1008 2968 2968 722 722 2968 2968 832 832 2968 2968 982 982 2968 2968 936 936 2968 2968 848 848 2968 2968 706 706 2968 2968 1116 1116 2968 2968 2142 2142 246 246 208 208 208 208 
208 208 262 262 516 516 266 266 522 522 636 636 544 544 738 738 462 462 614 614 536 536 346 346 470 470 554 554 390 390 412 412 596 596 320 320 438 438 788 788 698 698 534 534 1762 1762 2968 2968 754 754 2968 2968 752 752 2968 2968 806 806 2968 2968 1092 1092 2968 2968 952 952 2968 2968 732 732 2968 2968 886 886 2968 2968 734 734 2968 2968 1104 1104 2968 2968 1134 1134 2968 2968 654 654 2968 2968 2968 2968 2766 2766 
208 208 262 262 300 300 586 586 564 564 598 598 444 444 768 768 486 486 372 372 508 508 534 534 580 580 446 446 774 774 284 284 298 298 346 346 452 452 1028 1028 612 612 628 628 298 298 1880 1880 2968 2968 966 966 2968 2968 948 948 2968 2968 1114 1114 2968 2968 824 824 2968 2968 766 766 2968 2968 1038 1038 2968 2968 806 806 2968 2968 788 788 2968 2968 2968 2968 2052 2052 2968 2968 1088 1088 2968 2968 2968 2968 2512 2512 246 246 208 208 208 208 
208 208 262 262 438 438 284 284 394 394 460 460 516 516 328 328 362 362 420 420 712 712 332 332 404 404 466 466 608 608 388 388 538 538 762 762 556 556 844 844 502 502 554 554 424 424 1986 1986 2968 2968 786 786 2968 2968 1064 1064 2968 2968 1152 1152 2968 2968 2968 2968 1550 1550 2968 2968 888 888 2968 2968 944 944 2968 2968 1130 1130 2968 2968 678 678 2968 2968 976 976 2968 2968 838 838 2968 2968 2968 2968 848 848 1850 1850 
208 208 262 262 446 446 378 378 686 686 702 702 628 628 680 680 550 550 732 732 416 416 380 380 336 336 342 342 758 758 444 444 472 472 458 458 1162 1162 724 724 400 400 1766 1766 2968 2968 1100 1100 2968 2968 748 748 2968 2968 842 842 2968 2968 1144 1144 2968 2968 764 764 2968 2968 726 726 2968 2968 698 698 2968 2968 736 736 2968 2968 2968 2968 1228 1228 2968 2968 676 676 2968 2968 2968 2968 2596 2596 
246 246 208 208 208 208 208 208 262 262 386 386 576 576 428 428 566 566 310 310 596 596 252 252 454 454 264 264 312 312 436 436 694 694 562 562 522 522 442 442 296 296 238 238 882 882 434 434 584 584 2006 2006 2968 2968 968 968 2968 2968 952 952 2968 2968 1114 1114 2968 2968 2968 2968 1480 1480 2968 2968 910 910 2968 2968 702 702 2968 2968 734 734 2968 2968 2968 2968 1608 1608 2968 2968 1024 1024 2968 2968 2968 2968 2966 2966 
208 208 262 262 254 254 298 298 692 692 610 610 374 374 574 574 1836 1836 274 274 432 432 384 384 608 608 270 270 358 358 568 568 924 924 280 280 318 318 1828 1828 2968 2968 770 770 2968 2968 976 976 2968 2968 988 988 2968 2968 2968 2968 1342 1342 2968 2968 880 880 2968 2968 1100 1100 2968 2968 966 966 2968 2968 2968 2968 1568 1568 2968 2968 1026 1026 2968 2968 2968 2968 2458 2458 
246 246 208 208 208 208 208 208 262 262 244 244 542 542 680 680 744 744 516 516 668 668 1460 1460 762 762 494 494 264 264 302 302 724 724 542 542 502 502 340 340 1058 1058 234 234 396 396 2122 2122 2968 2968 720 720 2968 2968 952 952 2968 2968 816 816 2968 2968 942 942 2968 2968 938 938 2968 2968 850 850 2968 2968 1102 1102 2968 2968 894 894 2968 2968 2968 2968 1454 1454 2968 2968 978 978 2968 2968 684 684 2968 2968 2206 2206 
208 208 262 262 522 522 314 314 662 662 438 438 688 688 444 444 678 678 586 586 534 534 366 366 440 440 730 730 692 692 428 428 448 448 546 546 570 570 1020 1020 646 646 346 346 2186 2186 2968 2968 800 800 2968 2968 1054 1054 2968 2968 904 904 2968 2968 1052 1052 2968 2968 1150 1150 2968 2968 712 712 2968 2968 1026 1026 2968 2968 1138 1138 2968 2968 1002 1002 2968 2968 648 648 2968 2968 878 878 2968 2968 2968 2968 688 688 2040 2040 
208 208 628 628 278 278 530 530 344 344 312 312 550 550 330 330 282 282 408 408 302 302 310 310 722 722 314 314 382 382 490 490 246 246 428 428 440 440 820 820 246 246 208 208 208 208 334 334 320 320 1882 1882 2968 2968 776 776 2968 2968 946 946 2968 2968 726 726 2968 2968 2968 2968 1660 1660 2968 2968 988 988 2968 2968 1096 1096 2968 2968 792 792 2968 2968 1108 1108 2968 2968 1114 1114 2968 2968 1096 1096 2968 2968 2968 2968 2358 2358 
208 208 262 262 320 320 504 504 428 428 334 334 460 460 502 502 856 856 694 694 318 318 678 678 346 346 296 296 618 618 638 638 638 638 1226 1226 692 692 562 562 2130 2130 2968 2968 872 872 2968 2968 1102 1102 2968 2968 692 692 2968 2968 1138 1138 2968 2968 804 804 2968 2968 1088 1088 2968 2968 976 976 2968 2968 830 830 2968 2968 2968 2968 1292 1292 2968 2968 1140 1140 2968 2968 652 652 2968 2968 808 808 460 460 
208 208 262 262 524 524 490 490 382 382 300 300 412 412 606 606 306 306 362 362 716 716 630 630 620 620 348 348 420 420 492 492 308 308 776 776 346 346 1118 1118 546 546 418 418 2122 2122 2968 2968 1094 1094 2968 2968 686 686 2968 2968 1068 1068 2968 2968 896 896 2968 2968 1064 1064 2968 2968 1112 1112 2968 2968 846 846 2968 2968 756 756 2968 2968 718 718 2968 2968 806 806 2968 2968 908 908 2968 2968 2968 2968 2378 2378 246 246 208 208 208 208 
208 208 262 262 424 424 462 462 306 306 398 398 730 730 634 634 474 474 436 436 490 490 734 734 402 402 748 748 778 778 584 584 602 602 554 554 1114 1114 658 658 650 650 1982 1982 2968 2968 998 998 2968 2968 878 878 2968 2968 866 866 2968 2968 676 676 2968 2968 982 982 2968 2968 738 738 2968 2968 1080 1080 2968 2968 902 902 2968 2968 2968 2968 1120 1120 2968 2968 920 920 2968 2968 854 854 2968 2968 886 886 294 294 1510 1510 
208 208 262 262 462 462 268 268 656 656 650 650 490 490 268 268 676 676 524 524 614 614 602 602 486 486 468 468 596 596 310 310 560 560 624 624 714 714 908 908 664 664 718 718 1896 1896 2968 2968 1144 1144 2968 2968 914 914 2968 2968 666 666 2968 2968 876 876 2968 2968 718 718 2968 2968 940 940 2968 2968 1102 1102 2968 2968 1146 1146 2968 2968 2968 2968 990 990 858 858 2968 2968 886 886 2968 2968 2968 2968 896 896 1532 1532 246 246 208 208 208 208 
208 208 262 262 278 278 524 524 614 614 700 700 682 682 518 518 352 352 708 708 446 446 292 292 284 284 522 522 310 310 774 774 578 578 650 650 334 334 928 928 414 414 738 738 1804 1804 2968 2968 786 786 2968 2968 1144 1144 2968 2968 932 932 2968 2968 862 862 2968 2968 1034 1034 2968 2968 812 812 2968 2968 924 924 2968 2968 686 686 2968 2968 848 848 2968 2968 1146 1146 2968 2968 1156 1156 2968 2968 664 664 2968 2968 1260 1260 270 270 254 254 208 208 420 420 
208 208 262 262 280 280 478 478 454 454 286 286 404 404 424 424 374 374 616 616 530 530 422 422 762 762 406 406 402 402 442 442 406 406 414 414 1100 1100 326 326 246 246 2004 2004 2968 2968 1142 1142 2968 2968 726 726 2968 2968 694 694 2968 2968 2968 2968 1552 1552 2968 2968 1060 1060 2968 2968 700 700 2968 2968 974 974 2968 2968 2968 2968 1358 1358 2968 2968 820 820 2968 2968 848 848 2968 2968 1626 1626 
246 246 208 208 208 208 208 208 262 262 464 464 320 320 416 416 356 356 470 470 546 546 532 532 302 302 400 400 456 456 414 414 530 530 290 290 538 538 720 720 304 304 328 328 1096 1096 468 468 728 728 2128 2128 2968 2968 862 862 2968 2968 834 834 2968 2968 1020 1020 2968 2968 1034 1034 2968 2968 824 824 2968 2968 1092 1092 2968 2968 1044 1044 2968 2968 922 922 2968 2968 2968 2968 1600 1600 2968 2968 680 680 2968 2968 2968 2968 1576 1576 1128 1128 436 436 228 228 766 766 592 592 208 208 
208 208 262 262 458 458 376 376 288 288 450 450 466 466 576 576 296 296 552 552 652 652 718 718 724 724 514 514 652 652 758 758 482 482 520 520 734 734 1102 1102 334 334 590 590 1794 1794 2968 2968 778 778 2968 2968 2968 2968 722 722 2968 2968 2968 2968 2968 2968 2968 2968 2968 2968 2968 2968 2968 2968 2968 2968 2968 2968 2968 2968 2968 2968 2968 2968 1774 1774 434 434 254 254 208 208 470 470 
208 208 246 246 208 208 208 208 262 262 484 484 616 616 488 488 474 474 722 722 288 288 520 520 276 276 610 610 638 638 614 614 296 296 406 406 634 634 390 390 680 680 738 738 1024 1024 510 510 394 394 2056 2056 2968 2968 678 678 2968 2968 676 676 2968 2968 2968 2968 1978 1978 2968 2968 2968 2968 1072 1072 2968 2968 1412 1412 2968 2968 1074 1074 2968 2968 2968 2968 2968 2968 2968 2968 2968 2968 2968 2968 932 932 294 294 254 254 208 208 350 350 
208 208 262 262 278 278 324 324 580 580 670 670 506 506 698 698 606 606 418 418 730 730 544 544 318 318 486 486 432 432 720 720 518 518 332 332 260 260 752 752 564 564 308 308 1826 1826 2968 2968 964 964 2968 2968 854 854 2968 2968 2968 2968 1638 1638 2968 2968 1148 1148 2968 2968 1062 1062 2968 2968 1142 1142 2968 2968 2968 2968 930 930 2968 2968 2968 2968 2968 2968 2968 2968 2968 2968 1228 1228 590 590 254 254 208 208 600 600 
208 208 262 262 512 512 470 470 352 352 602 602 270 270 314 314 346 346 498 498 606 606 726 726 684 684 640 640 754 754 318 318 594 594 566 566 652 652 828 828 570 570 722 722 2108 2108 2968 2968 1076 1076 2968 2968 694 694 2968 2968 2968 2968 1190 1190 2968 2968 918 918 2968 2968 934 934 2968 2968 996 996 2968 2968 2968 2968 2968 2968 2968 2968 2968 2968 2968 2968 2968 2968 1792 1792 534 534 254 254 208 208 286 286 208 208 246 246 208 208 
208 208 262 262 292 292 392 392 496 496 602 602 416 416 496 496 416 416 646 646 430 430 634 634 416 416 270 270 710 710 350 350 580 580 286 286 582 582 1198 1198 450 450 548 548 2044 2044 2968 2968 1056 1056 2968 2968 652 652 2968 2968 982 982 2968 2968 780 780 2968 2968 1126 1126 2968 2968 730 730 2968 2968 810 810 2968 2968 1090 1090 2968 2968 976 976 2968 2968 698 698 2968 2968 802 802 2968 2968 1132 1132 2968 2968 1176 1176 254 254 208 208 532 532 
208 208 262 262 554 554 640 640 612 612 516 516 698 698 318 318 276 276 706 706 574 574 542 542 492 492 742 742 756 756 648 648 652 652 568 568 994 994 676 676 476 476 2122 2122 2968 2968 736 736 2968 2968 664 664 2968 2968 1154 1154 2968 2968 1042 1042 2968 2968 1096 1096 2968 2968 850 850 2968 2968 910 910 2968 2968 1008 1008 2968 2968 2968 2968 1050 1050 1012 1012 2968 2968 872 872 2968 2968 1098 1098 2968 2968 1088 1088 420 420 208 208 254 254 208 208 246 246 208 208 
208 208 262 262 310 310 320 320 648 648 626 626 366 366 400 400 490 490 382 382 280 280 534 534 518 518 324 324 412 412 574 574 364 364 352 352 342 342 776 776 718 718 644 644 1966 1966 2968 2968 1164 1164 2968 2968 906 906 2968 2968 1068 1068 2968 2968 2968 2968 1270 1270 2968 2968 828 828 2968 2968 808 808 2968 2968 960 960 2968 2968 704 704 2968 2968 736 736 2968 2968 954 954 2968 2968 2968 2968 1450 1450 574 574 254 254 208 208 300 300 300 300 
208 208 262 262 510 510 618 618 408 408 718 718 432 432 630 630 414 414 770 770 298 298 384 384 422 422 774 774 604 604 488 488 686 686 504 504 438 438 994 994 362 362 738 738 1870 1870 2968 2968 664 664 2968 2968 1090 1090 2968 2968 700 700 2968 2968 680 680 2968 2968 1002 1002 2968 2968 1108 1108 2968 2968 996 996 2968 2968 768 768 2968 2968 2968 2968 1246 1246 2968 2968 1142 1142 2968 2968 1066 1066 2968 2968 1842 1842 246 246 208 208 208 208 
208 208 262 262 502 502 648 648 706 706 778 778 476 476 274 274 750 750 766 766 474 474 274 274 666 666 612 612 746 746 578 578 270 270 716 716 908 908 306 306 388 388 1868 1868 2968 2968 918 918 2968 2968 1016 1016 2968 2968 1158 1158 2968 2968 966 966 2968 2968 842 842 2968 2968 914 914 2968 2968 1050 1050 2968 2968 1076 1076 2968 2968 1130 1130 2968 2968 888 888 2968 2968 888 888 2968 2968 1050 1050 2968 2968 1838 1838 242 242 
208 208 262 262 672 672 662 662 372 372 578 578 618 618 668 668 632 632 750 750 570 570 482 482 408 408 692 692 318 318 496 496 376 376 556 556 394 394 394 394 928 928 248 248 606 606 1974 1974 2968 2968 1148 1148 2968 2968 2968 2968 828 828 2968 2968 1112 1112 2968 2968 852 852 2968 2968 770 770 2968 2968 926 926 2968 2968 840 840 2968 2968 2968 2968 2968 2968 2968 2968 2968 2968 2968 2968 496 496 338 338 254 254 208 208 254 254 
246 246 208 208 208 208 208 208 262 262 386 386 290 290 476 476 496 496 304 304 366 366 514 514 672 672 398 398 740 740 418 418 384 384 316 316 756 756 372 372 562 562 532 532 1148 1148 446 446 248 248 1870 1870 2968 2968 818 818 2968 2968 672 672 2968 2968 1132 1132 2968 2968 2968 2968 1598 1598 2968 2968 1124 1124 2968 2968 1074 1074 2968 2968 994 994 2968 2968 2968 2968 1298 1298 2968 2968 716 716 2968 2968 2968 2968 1852 1852 
208 208 262 262 468 468 360 360 400 400 390 390 498 498 318 318 684 684 422 422 346 346 600 600 576 576 482 482 702 702 566 566 432 432 572 572 492 492 1182 1182 312 312 454 454 1902 1902 2968 2968 1060 1060 2968 2968 670 670 2968 2968 960 960 2968 2968 2968 2968 1364 1364 2968 2968 948 948 2968 2968 798 798 2968 2968 782 782 2968 2968 2968 2968 1638 1638 2968 2968 1038 1038 2968 2968 2968 2968 2010 2010 
246 246 208 208 208 208 208 208 262 262 530 530 502 502 692 692 374 374 368 368 304 304 378 378 342 342 386 386 664 664 430 430 586 586 626 626 538 538 664 664 256 256 592 592 438 438 988 988 522 522 330 330 1990 1990 2968 2968 978 978 2968 2968 1148 1148 2968 2968 852 852 2968 2968 770 770 2968 2968 902 902 2968 2968 1148 1148 2968 2968 800 800 2968 2968 812 812 2968 2968 926 926 2968 2968 818 818 2968 2968 766 766 2968 2968 2968 2968 1360 1360 622 622 604 604 208 208 254 254 
208 208 262 262 692 692 368 368 712 712 766 766 316 316 344 344 360 360 358 358 690 690 526 526 262 262 290 290 728 728 318 318 668 668 594 594 308 308 1062 1062 476 476 434 434 1968 1968 2968 2968 1110 1110 2968 2968 754 754 2968 2968 1104 1104 2968 2968 864 864 2968 2968 1026 1026 2968 2968 1078 1078 2968 2968 908 908 2968 2968 648 648 2968 2968 2968 2968 1170 1170 2968 2968 984 984 2968 2968 2968 2968 2516 2516 
208 208 262 262 340 340 718 718 758 758 768 768 560 560 482 482 492 492 384 384 674 674 636 636 728 728 614 614 760 760 768 768 628 628 646 646 890 890 734 734 434 434 2068 2068 2968 2968 956 956 2968 2968 762 762 2968 2968 744 744 2968 2968 2968 2968 1202 1202 2968 2968 880 880 2968 2968 984 984 2968 2968 1156 1156 2968 2968 2968 2968 1640 1640 2968 2968 678 678 2968 2968 2968 2968 2288 2288 246 246 208 208 208 208 
208 208 262 262 704 704 604 604 722 722 782 782 656 656 398 398 454 454 680 680 474 474 480 480 490 490 564 564 592 592 330 330 620 620 524 524 460 460 622 622 884 884 418 418 248 248 2194 2194 2968 2968 782 782 2968 2968 780 780 2968 2968 2968 2968 1360 1360 2968 2968 1088 1088 2968 2968 2968 2968 1638 1638 2968 2968 2968 2968 652 652 2968 2968 2968 2968 2968 2968 2968 2968 2968 2968 752 752 296 296 254 254 208 208 658 658 
208 208 262 262 524 524 316 316 420 420 400 400 588 588 476 476 730 730 420 420 278 278 418 418 586 586 716 716 428 428 500 500 516 516 696 696 322 322 382 382 910 910 492 492 296 296 2092 2092 2968 2968 1024 1024 2968 2968 2968 2968 828 828 2968 2968 2968 2968 2968 2968 2968 2968 2968 2968 2968 2968 2968 2968 2968 2968 2968 2968 2968 2968 2968 2968 2968 2968 2968 2968 236 236 226 226 254 254 208 208 532 532 246 246 208 208 208 208 
208 208 262 262 532 532 290 290 718 718 408 408 398 398 394 394 516 516 444 444 296 296 422 422 372 372 476 476 664 664 592 592 312 312 510 510 790 790 328 328 436 436 2066 2066 2968 2968 1170 1170 2968 2968 916 916 2968 2968 830 830 2968 2968 948 948 2968 2968 824 824 2968 2968 1058 1058 2968 2968 874 874 2968 2968 1012 1012 2968 2968 2968 2968 740 740 1114 1114 406 406 2968 2968 1042 1042 2968 2968 2968 2968 1034 1034 2124 2124 
208 208 262 262 614 614 328 328 678 678 440 440 600 600 340 340 524 524 760 760 288 288 320 320 640 640 584 584 472 472 624 624 618 618 334 334 984 984 400 400 448 448 1812 1812 2968 2968 966 966 2968 2968 790 790 2968 2968 968 968 2968 2968 2968 2968 1520 1520 2968 2968 758 758 2968 2968 1074 1074 2968 2968 1066 1066 2968 2968 1084 1084 2968 2968 852 852 2968 2968 696 696 2968 2968 726 726 2968 2968 1980 1980 246 246 208 208 208 208 
208 208 628 628 642 642 680 680 690 690 334 334 282 282 336 336 704 704 748 748 536 536 306 306 340 340 306 306 628 628 766 766 726 726 286 286 432 432 892 892 596 596 416 416 2108 2108 2968 2968 804 804 2968 2968 2968 2968 2968 2968 1466 1466 2968 2968 2968 2968 2968 2968 2968 2968 2968 2968 2968 2968 2968 2968 2968 2968 2968 2968 2968 2968 2968 2968 1604 1604 372 372 274 274 208 208 672 672 672 672 
208 208 262 262 610 610 388 388 414 414 534 534 390 390 582 582 688 688 440 440 300 300 290 290 664 664 544 544 746 746 708 708 388 388 674 674 1038 1038 466 466 726 726 2138 2138 2968 2968 1056 1056 2968 2968 830 830 2968 2968 862 862 2968 2968 1002 1002 2968 2968 836 836 2968 2968 956 956 2968 2968 1002 1002 2968 2968 732 732 2968 2968 2968 2968 1288 1288 2968 2968 740 740 2968 2968 2968 2968 1434 1434 942 942 
246 246 208 208 208 208 208 208 262 262 648 648 718 718 414 414 418 418 424 424 396 396 494 494 362 362 506 506 476 476 488 488 628 628 738 738 592 592 648 648 716 716 1060 1060 556 556 696 696 1854 1854 2968 2968 920 920 2968 2968 1060 1060 2968 2968 812 812 2968 2968 1010 1010 2968 2968 1096 1096 2968 2968 760 760 2968 2968 720 720 2968 2968 1054 1054 2968 2968 812 812 2968 2968 974 974 2968 2968 664 664 2968 2968 2968 2968 2594 2594 
208 208 262 262 636 636 606 606 502 502 356 356 724 724 666 666 736 736 290 290 732 732 562 562 766 766 762 762 620 620 504 504 686 686 456 456 534 534 1066 1066 636 636 582 582 1960 1960 2968 2968 882 882 2968 2968 1018 1018 2968 2968 1126 1126 2968 2968 2968 2968 1106 1106 2968 2968 1110 1110 2968 2968 680 680 2968 2968 746 746 2968 2968 1136 1136 2968 2968 1144 1144 2968 2968 994 994 2968 2968 2968 2968 2084 2084 2084 2084 
208 208 262 262 474 474 682 682 208 208 246 246 208 208 208 208 728 728 774 774 326 326 760 760 502 502 388 388 754 754 532 532 688 688 436 436 636 636 686 686 722 722 560 560 534 534 920 920 568 568 258 258 2130 2130 2968 2968 1048 1048 2968 2968 932 932 2968 2968 896 896 2968 2968 2968 2968 1420 1420 2968 2968 810 810 2968 2968 650 650 2968 2968 1060 1060 2968 2968 2968 2968 1350 1350 2968 2968 968 968 2968 2968 2968 2968 2262 2262 
208 208 262 262 536 536 256 256 256 256 644 644 590 590 468 468 538 538 284 284 284 284 622 622 442 442 674 674 488 488 340 340 302 302 264 264 396 396 594 594 376 376 620 620 790 790 458 458 372 372 1848 1848 2968 2968 1100 1100 2968 2968 2968 2968 1104 1104 2968 2968 722 722 2968 2968 1004 1004 2968 2968 836 836 2968 2968 1104 1104 2968 2968 1034 1034 2968 2968 2968 2968 1082 1082 2968 2968 1142 1142 2968 2968 850 850 2968 2968 888 888 632 632 254 254 208 208 556 556 
208 208 262 262 410 410 506 506 690 690 472 472 640 640 300 300 510 510 302 302 332 332 642 642 738 738 490 490 636 636 334 334 412 412 582 582 280 280 884 884 444 444 474 474 1756 1756 2968 2968 940 940 2968 2968 958 958 2968 2968 2968 2968 2968 2968 1822 1822 2968 2968 1060 1060 2968 2968 2968 2968 2968 2968 1948 1948 2968 2968 2968 2968 2968 2968 2968 2968 2952 2952 692 692 254 254 208 208 652 652 246 246 208 208 208 208 
208 208 262 262 654 654 536 536 722 722 424 424 582 582 374 374 284 284 686 686 546 546 386 386 478 478 362 362 370 370 300 300 714 714 288 288 544 544 336 336 1218 1218 724 724 574 574 1992 1992 2968 2968 992 992 2968 2968 1014 1014 2968 2968 658 658 2968 2968 2968 2968 1154 1154 2968 2968 788 788 2968 2968 894 894 2968 2968 892 892 2968 2968 2968 2968 1256 1256 2968 2968 1138 1138 2968 2968 926 926 2968 2968 1872 1872 
208 208 262 262 566 566 698 698 618 618 382 382 634 634 546 546 574 574 688 688 470 470 704 704 336 336 740 740 574 574 400 400 328 328 634 634 472 472 1090 1090 712 712 496 496 384 384 2002 2002 2968 2968 1096 1096 2968 2968 2968 2968 882 882 2968 2968 2968 2968 2324 2324 2968 2968 1116 1116 2968 2968 2968 2968 2968 2968 2410 2410 2968 2968 2968 2968 2968 2968 2968 2968 2968 2968 592 592 614 614 254 254 208 208 532 532 246 246 208 208 208 208 
208 208 262 262 524 524 560 560 674 674 294 294 634 634 626 626 418 418 312 312 544 544 660 660 416 416 426 426 594 594 736 736 784 784 418 418 564 564 534 534 1044 1044 546 546 482 482 1920 1920 2968 2968 1126 1126 2968 2968 722 722 2968 2968 2968 2968 1382 1382 2968 2968 764 764 2968 2968 1142 1142 2968 2968 2968 2968 2000 2000 2968 2968 2968 2968 982 982 2968 2968 2968 2968 2968 2968 2968 2968 488 488 250 250 254 254 208 208 626 626 
208 208 262 262 494 494 474 474 402 402 666 666 624 624 502 502 342 342 382 382 440 440 314 314 370 370 324 324 410 410 540 540 358 358 478 478 768 768 674 674 618 618 1238 1238 266 266 236 236 576 576 2080 2080 2968 2968 982 982 2968 2968 744 744 2968 2968 1142 1142 2968 2968 2968 2968 1612 1612 2968 2968 1090 1090 2968 2968 1150 1150 2968 2968 1116 1116 2968 2968 2968 2968 964 964 804 804 2968 2968 710 710 2968 2968 2968 2968 1336 1336 1242 1242 246 246 208 208 208 208 
208 208 262 262 652 652 478 478 430 430 368 368 500 500 674 674 282 282 630 630 266 266 432 432 470 470 456 456 434 434 394 394 540 540 632 632 584 584 970 970 304 304 684 684 556 556 1830 1830 2968 2968 1086 1086 2968 2968 1022 1022 2968 2968 704 704 2968 2968 2968 2968 1592 1592 2968 2968 1122 1122 2968 2968 1020 1020 2968 2968 752 752 2968 2968 2968 2968 1896 1896 2968 2968 1116 1116 2968 2968 2968 2968 2668 2668 
208 208 262 262 382 382 366 366 602 602 546 546 444 444 740 740 724 724 544 544 682 682 586 586 338 338 616 616 242 242 748 748 742 742 528 528 600 600 920 920 570 570 392 392 284 284 1780 1780 2968 2968 1134 1134 2968 2968 844 844 2968 2968 946 946 2968 2968 764 764 2968 2968 904 904 2968 2968 912 912 2968 2968 1100 1100 2968 2968 754 754 2968 2968 778 778 2968 2968 920 920 2968 2968 1040 1040 2968 2968 2968 2968 2288 2288 1260 1260 
246 246 208 208 208 208 208 208 262 262 428 428 666 666 580 580 444 444 662 662 680 680 524 524 282 282 680 680 548 548 268 268 364 364 680 680 450 450 462 462 318 318 452 452 884 884 608 608 694 694 238 238 2196 2196 2968 2968 800 800 2968 2968 1120 1120 2968 2968 682 682 2968 2968 682 682 2968 2968 2968 2968 2968 2968 2968 2968 2968 2968 2968 2968 2968 2968 2968 2968 2968 2968 2968 2968 2968 2968 584 584 254 254 208 208 304 304 
208 208 262 262 590 590 420 420 320 320 286 286 562 562 512 512 336 336 328 328 328 328 776 776 488 488 554 554 344 344 376 376 750 750 674 674 624 624 354 354 902 902 634 634 660 660 616 616 1842 1842 2968 2968 926 926 2968 2968 774 774 2968 2968 2968 2968 1460 1460 2968 2968 2968 2968 808 808 2968 2968 1690 1690 2968 2968 1024 1024 2968 2968 2968 2968 2968 2968 2968 2968 2968 2968 2968 2968 626 626 354 354 254 254 208 208 632 632 
208 208 262 262 700 700 538 538 294 294 706 706 636 636 318 318 704 704 246 246 472 472 246 246 208 208 208 208 436 436 750 750 208 208 640 640 324 324 328 328 628 628 468 468 300 300 978 978 290 290 632 632 1832 1832 2968 2968 740 740 2968 2968 704 704 2968 2968 1084 1084 2968 2968 684 684 2968 2968 1100 1100 2968 2968 1102 1102 2968 2968 958 958 2968 2968 690 690 2968 2968 2968 2968 1276 1276 2968 2968 846 846 2968 2968 2968 2968 2282 2282 
208 208 262 262 374 374 282 282 706 706 430 430 502 502 638 638 338 338 362 362 468 468 406 406 416 416 696 696 706 706 698 698 478 478 426 426 788 788 390 390 416 416 1906 1906 2968 2968 1108 1108 2968 2968 984 984 2968 2968 1158 1158 2968 2968 712 712 2968 2968 910 910 2968 2968 790 790 2968 2968 1062 1062 2968 2968 752 752 2968 2968 936 936 2968 2968 910 910 2968 2968 954 954 2968 2968 1058 1058 2968 2968 1112 1112 254 254 208 208 626 626 
208 208 262 262 648 648 444 444 306 306 344 344 592 592 740 740 326 326 568 568 456 456 326 326 634 634 516 516 474 474 352 352 292 292 258 258 1046 1046 250 250 668 668 2196 2196 2968 2968 1068 1068 2968 2968 746 746 2968 2968 732 732 2968 2968 1012 1012 2968 2968 760 760 658 658 2968 2968 1030 1030 2968 2968 896 896 2968 2968 1138 1138 2968 2968 1060 1060 2968 2968 680 680 2968 2968 814 814 2968 2968 2968 2968 2912 2912 246 246 208 208 208 208 
208 208 262 262 262 262 284 284 534 534 502 502 712 712 666 666 546 546 290 290 698 698 698 698 574 574 662 662 502 502 574 574 528 528 538 538 402 402 434 434 326 326 854 854 694 694 424 424 2124 2124 2968 2968 1166 1166 2968 2968 1118 1118 2968 2968 688 688 2968 2968 700 700 2968 2968 846 846 2968 2968 816 816 2968 2968 680 680 2968 2968 776 776 2968 2968 2968 2968 1418 1418 2968 2968 978 978 2968 2968 2968 2968 1720 1720 358 358 
208 208 262 262 520 520 436 436 470 470 712 712 336 336 392 392 538 538 286 286 436 436 314 314 486 486 712 712 380 380 754 754 244 244 406 406 562 562 742 742 644 644 734 734 1730 1730 2968 2968 840 840 2968 2968 1026 1026 2968 2968 758 758 2968 2968 936 936 2968 2968 1092 1092 2968 2968 978 978 2968 2968 908 908 2968 2968 770 770 2968 2968 2968 2968 1426 1426 2968 2968 1122 1122 2968 2968 2968 2968 2172 2172 246 246 208 208 208 208 
208 208 262 262 410 410 560 560 686 686 372 372 394 394 430 430 360 360 586 586 752 752 260 260 498 498 636 636 450 450 338 338 602 602 324 324 496 496 502 502 1068 1068 684 684 254 254 1934 1934 2968 2968 736 736 2968 2968 1082 1082 2968 2968 2968 2968 1818 1818 2968 2968 682 682 2968 2968 2968 2968 810 810 2968 2968 1790 1790 2968 2968 2968 2968 2968 2968 2968 2968 2968 2968 2968 2968 986 986 510 510 534 534 254 254 208 208 550 550 
208 208 262 262 700 700 648 648 666 666 376 376 400 400 404 404 564 564 428 428 704 704 612 612 310 310 638 638 608 608 746 746 482 482 474 474 662 662 278 278 976 976 364 364 404 404 2172 2172 2968 2968 1102 1102 2968 2968 2968 2968 1200 1200 2968 2968 650 650 2968 2968 1146 1146 2968 2968 990 990 2968 2968 2968 2968 2968 2968 2968 2968 2968 2968 2968 2968 2968 2968 2968 2968 2008 2008 492 492 254 254 208 208 270 270 246 246 208 208 208 208 
208 208 262 262 408 408 668 668 368 368 664 664 494 494 452 452 304 304 750 750 650 650 764 764 638 638 490 490 764 764 412 412 432 432 442 442 662 662 1384 1384 256 256 502 502 1852 1852 2968 2968 714 714 2968 2968 1012 1012 2968 2968 1014 1014 2968 2968 2968 2968 1126 1126 2968 2968 1096 1096 2968 2968 840 840 2968 2968 794 794 2968 2968 1074 1074 2968 2968 998 998 2968 2968 1148 1148 2968 2968 2968 2968 2754 2754 
208 208 262 262 238 238 350 350 422 422 490 490 544 544 648 648 276 276 502 502 490 490 442 442 752 752 320 320 760 760 316 316 478 478 608 608 364 364 796 796 650 650 440 440 2162 2162 2968 2968 862 862 2968 2968 2968 2968 2968 2968 2968 2968 2968 2968 2968 2968 2968 2968 2968 2968 2968 2968 2968 2968 2968 2968 2968 2968 2968 2968 2968 2968 1536 1536 380 380 254 254 208 208 322 322 
246 246 208 208 208 208 208 208 262 262 388 388 746 746 430 430 386 386 316 316 648 648 604 604 648 648 472 472 314 314 262 262 684 684 460 460 490 490 650 650 660 660 1022 1022 276 276 632 632 2148 2148 2968 2968 854 854 2968 2968 774 774 2968 2968 2968 2968 1464 1464 2968 2968 886 886 2968 2968 748 748 2968 2968 2968 2968 1524 1524 2968 2968 1156 1156 2968 2968 2968 2968 1290 1290 2968 2968 2968 2968 812 812 1180 1180 558 558 254 254 208 208 374 374 
208 208 262 262 476 476 280 280 712 712 580 580 420 420 244 244 516 516 278 278 426 426 394 394 286 286 606 606 390 390 786 786 408 408 616 616 452 452 1108 1108 302 302 394 394 1742 1742 2968 2968 992 992 2968 2968 2968 2968 2968 2968 2968 2968 2434 2434 2968 2968 2968 2968 2968 2968 2968 2968 2968 2968 2968 2968 2968 2968 2968 2968 2968 2968 2380 2380 324 324 254 254 208 208 312 312 
208 208 262 262 252 252 700 700 208 208 246 246 208 208 208 208 452 452 602 602 288 288 282 282 648 648 686 686 364 364 738 738 766 766 726 726 364 364 658 658 370 370 584 584 604 604 972 972 646 646 456 456 1854 1854 2968 2968 1114 1114 2968 2968 2968 2968 804 804 2968 2968 2968 2968 2968 2968 2968 2968 2968 2968 2968 2968 2968 2968 2968 2968 2968 2968 2968 2968 2968 2968 2968 2968 984 984 314 314 254 254 208 208 300 300 
208 208 628 628 532 532 700 700 372 372 528 528 310 310 460 460 390 390 466 466 370 370 350 350 414 414 656 656 394 394 380 380 526 526 360 360 892 892 406 406 232 232 1902 1902 2968 2968 1066 1066 2968 2968 806 806 2968 2968 728 728 2968 2968 930 930 2968 2968 1012 1012 2968 2968 892 892 2968 2968 694 694 2968 2968 1136 1136 2968 2968 788 788 2968 2968 980 980 2968 2968 710 710 2968 2968 792 792 2968 2968 1424 1424 1424 1424 
208 208 262 262 476 476 608 608 762 762 336 336 354 354 290 290 526 526 424 424 250 250 356 356 692 692 368 368 328 328 646 646 350 350 578 578 720 720 1172 1172 322 322 714 714 2140 2140 2968 2968 872 872 2968 2968 656 656 2968 2968 2968 2968 1978 1978 2968 2968 884 884 2968 2968 1026 1026 2968 2968 2968 2968 2968 2968 2968 2968 2410 2410 2968 2968 696 696 2968 2968 2968 2968 1356 1356 712 712 254 254 208 208 316 316 246 246 208 208 208 208 
208 208 262 262 250 250 434 434 386 386 590 590 594 594 658 658 580 580 742 742 290 290 468 468 520 520 344 344 542 542 686 686 626 626 722 722 462 462 1158 1158 358 358 294 294 1958 1958 2968 2968 782 782 2968 2968 908 908 2968 2968 1040 1040 2968 2968 854 854 2968 2968 1108 1108 2968 2968 1016 1016 2968 2968 786 786 2968 2968 1104 1104 2968 2968 1058 1058 2968 2968 994 994 2968 2968 1108 1108 2968 2968 990 990 2968 2968 720 720 300 300 616 616 208 208 254 254 
208 208 262 262 388 388 426 426 710 710 362 362 650 650 518 518 458 458 692 692 534 534 398 398 702 702 384 384 772 772 342 342 300 300 568 568 1074 1074 306 306 452 452 2010 2010 2968 2968 1152 1152 2968 2968 2968 2968 2968 2968 1706 1706 2968 2968 2968 2968 2968 2968 2082 2082 2968 2968 706 706 2968 2968 2968 2968 2968 2968 2968 2968 2968 2968 2968 2968 480 480 712 712 254 254 208 208 552 552 246 246 208 208 208 208 
208 208 262 262 554 554 602 602 518 518 490 490 308 308 574 574 562 562 664 664 344 344 426 426 622 622 508 508 640 640 660 660 310 310 370 370 490 490 1110 1110 522 522 572 572 1956 1956 2968 2968 968 968 2968 2968 882 882 2968 2968 654 654 2968 2968 942 942 2968 2968 1158 1158 2968 2968 1020 1020 2968 2968 834 834 2968 2968 734 734 2968 2968 848 848 2968 2968 866 866 2968 2968 1132 1132 2968 2968 2968 2968 2768 2768 
208 208 262 262 256 256 284 284 480 480 726 726 636 636 674 674 624 624 614 614 416 416 306 306 540 540 478 478 560 560 586 586 472 472 580 580 1120 1120 234 234 430 430 2130 2130 2968 2968 918 918 2968 2968 1036 1036 2968 2968 910 910 2968 2968 842 842 2968 2968 724 724 2968 2968 686 686 2968 2968 718 718 2968 2968 938 938 2968 2968 902 902 2968 2968 1004 1004 2968 2968 1072 1072 2968 2968 866 866 2968 2968 842 842 254 254 208 208 558 558 246 246 208 208 208 208 
208 208 262 262 240 240 346 346 332 332 444 444 564 564 646 646 450 450 398 398 650 650 390 390 534 534 456 456 632 632 552 552 526 526 580 580 450 450 852 852 330 330 472 472 1766 1766 2968 2968 1004 1004 2968 2968 950 950 2968 2968 2968 2968 1146 1146 2968 2968 1064 1064 2968 2968 744 744 2968 2968 2968 2968 2968 2968 2968 2968 2968 2968 2968 2968 2968 2968 2968 2968 2444 2444 460 460 254 254 208 208 280 280 
208 208 262 262 326 326 502 502 670 670 438 438 652 652 482 482 432 432 640 640 598 598 340 340 480 480 298 298 692 692 692 692 330 330 326 326 378 378 734 734 394 394 450 450 2020 2020 2968 2968 762 762 2968 2968 2968 2968 1450 1450 2968 2968 792 792 2968 2968 1096 1096 2968 2968 1098 1098 2968 2968 2968 2968 1332 1332 2968 2968 2968 2968 2968 2968 2098 2098 2968 2968 2968 2968 1724 1724 584 584 254 254 208 208 700 700 
208 208 246 246 208 208 208 208 262 262 588 588 312 312 664 664 422 422 360 360 360 360 414 414 392 392 502 502 482 482 490 490 638 638 386 386 278 278 250 250 352 352 568 568 736 736 510 510 500 500 2082 2082 2968 2968 948 948 2968 2968 1100 1100 2968 2968 1040 1040 2968 2968 2968 2968 1386 1386 2968 2968 860 860 2968 2968 692 692 2968 2968 920 920 2968 2968 986 986 2968 2968 1044 1044 2968 2968 1152 1152 2968 2968 2968 2968 2240 2240 
208 208 262 262 662 662 466 466 592 592 598 598 580 580 352 352 436 436 506 506 352 352 336 336 362 362 484 484 694 694 684 684 536 536 568 568 518 518 756 756 510 510 706 706 2010 2010 2968 2968 950 950 2968 2968 2968 2968 2968 2968 1880 1880 2968 2968 1100 1100 2968 2968 1004 1004 2968 2968 868 868 2968 2968 864 864 2968 2968 2968 2968 1516 1516 2968 2968 1126 1126 2968 2968 1098 1098 2968 2968 924 924 512 512 240 240 254 254 208 208 222 222 
208 208 262 262 486 486 586 586 246 246 208 208 208 208 208 208 662 662 492 492 748 748 396 396 688 688 524 524 666 666 552 552 738 738 518 518 520 520 674 674 556 556 760 760 280 280 834 834 552 552 538 538 2152 2152 2968 2968 940 940 2968 2968 2968 2968 1538 1538 2968 2968 872 872 2968 2968 2968 2968 2968 2968 2968 2968 2968 2968 2504 2504 2968 2968 2968 2968 2968 2968 2968 2968 2968 2968 382 382 522 522 254 254 208 208 664 664 
208 208 262 262 624 624 500 500 554 554 786 786 624 624 724 724 590 590 476 476 408 408 482 482 388 388 306 306 382 382 642 642 432 432 736 736 386 386 444 444 864 864 644 644 238 238 380 380 1716 1716 2968 2968 908 908 2968 2968 724 724 2968 2968 960 960 2968 2968 762 762 2968 2968 764 764 2968 2968 964 964 2968 2968 806 806 2968 2968 846 846 2968 2968 2968 2968 2968 2968 2968 2968 2968 2968 2968 2968 1224 1224 392 392 254 254 208 208 534 534 
208 208 262 262 734 734 596 596 750 750 608 608 682 682 722 722 478 478 764 764 270 270 362 362 426 426 624 624 516 516 698 698 390 390 690 690 310 310 900 900 462 462 282 282 2108 2108 2968 2968 1036 1036 2968 2968 888 888 2968 2968 648 648 2968 2968 2968 2968 1550 1550 2968 2968 870 870 2968 2968 1040 1040 2968 2968 824 824 2968 2968 752 752 2968 2968 904 904 2968 2968 668 668 2968 2968 1146 1146 2968 2968 792 792 524 524 668 668 696 696 254 254 208 208 626 626 246 246 208 208 208 208 
208 208 262 262 664 664 312 312 374 374 676 676 452 452 590 590 350 350 344 344 654 654 488 488 630 630 690 690 282 282 748 748 308 308 688 688 338 338 800 800 262 262 732 732 1894 1894 2968 2968 784 784 2968 2968 744 744 2968 2968 1016 1016 2968 2968 930 930 2968 2968 742 742 2968 2968 904 904 2968 2968 730 730 2968 2968 718 718 2968 2968 972 972 2968 2968 1046 1046 2968 2968 764 764 2968 2968 920 920 2968 2968 766 766 1782 1782 
208 208 262 262 564 564 664 664 570 570 646 646 520 520 604 604 406 406 596 596 494 494 364 364 632 632 358 358 360 360 772 772 290 290 474 474 732 732 910 910 286 286 690 690 2038 2038 2968 2968 888 888 2968 2968 946 946 2968 2968 1006 1006 2968 2968 1046 1046 2968 2968 766 766 2968 2968 1018 1018 2968 2968 854 854 2968 2968 746 746 2968 2968 1050 1050 2968 2968 1042 1042 2968 2968 870 870 2968 2968 2968 2968 1538 1538 254 254 208 208 426 426 246 246 208 208 208 208 
208 208 286 286 430 430 652 652 568 568 506 506 556 556 590 590 398 398 374 374 752 752 516 516 494 494 642 642 416 416 578 578 310 310 294 294 482 482 1116 1116 238 238 606 606 2080 2080 482 482 2968 2968 1038 1038 2968 2968 1142 1142 2968 2968 1108 1108 2968 2968 2968 2968 1198 1198 2968 2968 820 820 2968 2968 766 766 2968 2968 668 668 2968 2968 2968 2968 1136 1136 1068 1068 2968 2968 978 978 2968 2968 2968 2968 846 846 1238 1238 
208 208 262 262 376 376 678 678 536 536 282 282 730 730 480 480 666 666 392 392 446 446 718 718 450 450 364 364 512 512 526 526 598 598 396 396 984 984 496 496 562 562 1754 1754 2968 2968 902 902 2968 2968 976 976 2968 2968 964 964 2968 2968 966 966 2968 2968 1074 1074 2968 2968 842 842 2968 2968 998 998 2968 2968 1004 1004 2968 2968 924 924 2968 2968 1144 1144 2968 2968 1036 1036 2968 2968 2968 2968 1408 1408 728 728 254 254 208 208 446 446 246 246 208 208 208 208 
208 208 262 262 476 476 320 320 290 290 390 390 698 698 488 488 680 680 420 420 374 374 430 430 688 688 356 356 312 312 368 368 544 544 550 550 820 820 540 540 282 282 2108 2108 2968 2968 696 696 2968 2968 712 712 2968 2968 2968 2968 2968 2968 2968 2968 2968 2968 2968 2968 2968 2968 2968 2968 2968 2968 2968 2968 2968 2968 2968 2968 2968 2968 2018 2018 444 444 254 254 208 208 262 262 
208 208 262 262 486 486 592 592 416 416 602 602 368 368 340 340 308 308 604 604 554 554 412 412 720 720 740 740 694 694 328 328 550 550 362 362 1230 1230 308 308 280 280 2098 2098 2968 2968 720 720 2968 2968 794 794 2968 2968 698 698 2968 2968 714 714 2968 2968 830 830 2968 2968 718 718 2968 2968 888 888 2968 2968 998 998 2968 2968 2968 2968 2968 2968 1784 1784 2968 2968 668 668 2968 2968 854 854 688 688 254 254 208 208 608 608 2968 2968 2968 2968 2492 2492 234 234 1046 1046 818 818 
246 246 208 208 208 208 2968 2968 2968 2968 2888 2888 640 640 228 228 766 766 208 208 







242 242 242 242 242 242 242 242 242 242 242 242 242 242 242 
242 242 242 242 242 242 242 242 242 242 242 242 242 242 242 242 242 242 242 242 242 242 242 242 242 242 242 242 242 242 242 242 242 242 242 242 242 242 242 242 242 242 242 242 242 242 242 242 242 242 242 242 242 242 242 242 242 242 242 242 
242 242 242 242 242 242 242 242 242 242 242 242 242 242 242 242 242 242 242 242 242 242 242 242 242 242 242 242 242 242 242 
























































































