208 208 262 262 550 550 378 378 600 600 580 580 274 274 362 362 246 246 208 208 208 208 268 268 208 208 538 538 666 666 468 468 728 728 362 362 1004 1004 332 332 374 374 282 282 2368 2368 2968 2968 818 818 2968 2968 1136 1136 2968 2968 952 952 2968 2968 994 994 2968 2968 1052 1052 392 392 2968 2968 854 854 2968 2968 1096 1096 2968 2968 804 804 2968 2968 2968 2968 1130 1130 2968 2968 782 782 2968 2968 692 692 2968 2968 1112 1112 1168 1168 634 634 352 352 254 254 208 208 336 336 246 246 208 208 
208 208 262 262 722 722 412 412 490 490 334 334 740 740 334 334 466 466 644 644 272 272 276 276 710 710 906 906 470 470 512 512 618 618 520 520 328 328 1966 1966 2968 2968 814 814 2968 2968 1066 1066 2968 2968 1152 1152 2968 2968 802 802 2968 2968 996 996 2968 2968 1154 1154 2968 2968 712 712 2968 2968 786 786 2968 2968 972 972 2968 2968 924 924 2968 2968 660 660 2968 2968 674 674 2968 2968 872 872 2968 2968 370 370 620 620 470 470 208 208 254 254 
208 208 262 262 536 536 490 490 258 258 726 726 694 694 368 368 326 326 326 326 328 328 700 700 290 290 446 446 394 394 252 252 422 422 956 956 270 270 546 546 704 704 2170 2170 2968 2968 742 742 2968 2968 1042 1042 2968 2968 1104 1104 2968 2968 772 772 2968 2968 924 924 2968 2968 906 906 2968 2968 692 692 2968 2968 800 800 2968 2968 812 812 2968 2968 904 904 2968 2968 708 708 2968 2968 944 944 2968 2968 698 698 856 856 252 252 254 254 208 208 236 236 208 208 246 246 208 208 246 246 208 208 
208 208 262 262 496 496 504 504 470 470 382 382 722 722 436 436 438 438 548 548 744 744 336 336 294 294 538 538 918 918 332 332 744 744 690 690 616 616 298 298 2226 2226 2968 2968 692 692 2968 2968 1126 1126 2968 2968 1072 1072 2968 2968 830 830 2968 2968 932 932 2968 2968 708 708 2968 2968 1058 1058 2968 2968 1030 1030 2968 2968 2968 2968 1606 1606 2968 2968 1060 1060 2968 2968 788 788 2374 2374 1274 1274 
208 208 262 262 742 742 268 268 754 754 610 610 314 314 554 554 388 388 538 538 312 312 396 396 260 260 442 442 922 922 508 508 254 254 376 376 324 324 2194 2194 2968 2968 1028 1028 2968 2968 1040 1040 2968 2968 2968 2968 892 892 818 818 2968 2968 1126 1126 2968 2968 734 734 2968 2968 1094 1094 2968 2968 1054 1054 2968 2968 810 810 2968 2968 988 988 2968 2968 658 658 2968 2968 950 950 2968 2968 962 962 2968 2968 548 548 530 530 208 208 254 254 246 246 208 208 208 208 246 246 208 208 
208 208 262 262 560 560 552 552 326 326 668 668 638 638 566 566 244 244 388 388 652 652 450 450 422 422 944 944 336 336 686 686 468 468 698 698 584 584 2122 2122 2968 2968 694 694 2968 2968 970 970 2968 2968 906 906 2968 2968 1142 1142 2968 2968 882 882 2968 2968 846 846 2968 2968 1092 1092 2968 2968 978 978 2968 2968 648 648 2968 2968 774 774 2968 2968 938 938 2552 2552 354 354 254 254 208 208 318 318 
208 208 262 262 440 440 400 400 400 400 602 602 652 652 524 524 442 442 426 426 640 640 662 662 358 358 384 384 412 412 954 954 544 544 452 452 234 234 1972 1972 590 590 2968 2968 1160 1160 2968 2968 780 780 2968 2968 756 756 2968 2968 2968 2968 1594 1594 2968 2968 1058 1058 2968 2968 658 658 2968 2968 924 924 2968 2968 750 750 2968 2968 998 998 2968 2968 704 704 2968 2968 832 832 2968 2968 890 890 596 596 368 368 208 208 254 254 
246 246 208 208 208 208 262 262 264 264 660 660 710 710 684 684 682 682 470 470 704 704 714 714 334 334 700 700 386 386 572 572 314 314 848 848 714 714 
208 208 262 262 388 388 472 472 658 658 280 280 618 618 336 336 594 594 284 284 288 288 432 432 522 522 256 256 992 992 708 708 518 518 726 726 2038 2038 2968 2968 882 882 2968 2968 1094 1094 2968 2968 1004 1004 2968 2968 1014 1014 2968 2968 708 708 2968 2968 1034 1034 2968 2968 626 626 2968 2968 1140 1140 2968 2968 1016 1016 2968 2968 996 996 2968 2968 760 760 2968 2968 918 918 2968 2968 784 784 1556 1556 680 680 942 942 
208 208 246 246 208 208 208 208 262 262 636 636 462 462 478 478 246 246 208 208 302 302 366 366 632 632 594 594 282 282 546 546 350 350 410 410 348 348 384 384 674 674 748 748 868 868 714 714 624 624 728 728 512 512 2236 2236 2968 2968 844 844 2968 2968 648 648 2968 2968 1026 1026 2968 2968 870 870 2968 2968 1100 1100 2968 2968 918 918 2968 2968 1108 1108 2968 2968 962 962 2968 2968 2968 2968 1258 1258 2968 2968 680 680 2968 2968 2968 2968 966 966 290 290 1088 1088 
720 720 602 602 2170 2170 2968 2968 968 968 2968 2968 860 860 2968 2968 762 762 2968 2968 788 788 2968 2968 1086 1086 2968 2968 942 942 2968 2968 996 996 2968 2968 886 886 2968 2968 812 812 2968 2968 946 946 2968 2968 842 842 2968 2968 1084 1084 2968 2968 846 846 1978 1978 580 580 254 254 208 208 566 566 
208 208 262 262 370 370 502 502 600 600 450 450 690 690 486 486 604 604 578 578 326 326 386 386 442 442 294 294 626 626 550 550 786 786 208 208 246 246 208 208 534 534 336 336 556 556 2424 2424 2968 2968 836 836 2968 2968 716 716 2968 2968 1090 1090 2968 2968 2968 2968 1152 1152 2968 2968 916 916 2968 2968 1104 1104 2968 2968 804 804 2968 2968 1098 1098 2968 2968 704 704 2968 2968 1032 1032 2968 2968 1026 1026 1632 1632 328 328 392 392 254 254 208 208 536 536 536 536 246 246 208 208 
208 208 262 262 500 500 300 300 300 300 496 496 652 652 700 700 496 496 750 750 250 250 362 362 664 664 650 650 744 744 562 562 846 846 530 530 690 690 394 394 2146 2146 714 714 2968 2968 808 808 2968 2968 958 958 2968 2968 754 754 2968 2968 2968 2968 1186 1186 2968 2968 828 828 2968 2968 1030 1030 2968 2968 956 956 2968 2968 842 842 2968 2968 972 972 2968 2968 1006 1006 2968 2968 698 698 2968 2968 894 894 2968 2968 944 944 1004 1004 492 492 254 254 208 208 220 220 
208 208 262 262 422 422 374 374 316 316 384 384 534 534 360 360 408 408 400 400 316 316 524 524 326 326 434 434 930 930 658 658 646 646 544 544 624 624 1972 1972 2968 2968 1120 1120 2968 2968 900 900 2968 2968 1002 1002 2968 2968 2968 2968 1450 1450 2968 2968 1116 1116 2968 2968 812 812 2968 2968 1122 1122 2968 2968 736 736 2968 2968 732 732 2968 2968 724 724 2968 2968 2968 2968 1162 1162 1616 1616 404 404 534 534 254 254 208 208 504 504 246 246 208 208 208 208 246 246 208 208 
208 208 262 262 254 254 622 622 622 622 442 442 680 680 464 464 620 620 582 582 490 490 464 464 290 290 990 990 384 384 724 724 710 710 552 552 2048 2048 2968 2968 672 672 2968 2968 660 660 2968 2968 902 902 2968 2968 2968 2968 1358 1358 2968 2968 926 926 2968 2968 660 660 2968 2968 832 832 2968 2968 780 780 2968 2968 1052 1052 2968 2968 1010 1010 2968 2968 994 994 2968 2968 736 736 1958 1958 704 704 208 208 254 254 
208 208 262 262 294 294 554 554 402 402 606 606 306 306 682 682 530 530 608 608 492 492 302 302 302 302 274 274 364 364 460 460 878 878 502 502 340 340 654 654 2384 2384 2968 2968 694 694 2968 2968 956 956 2968 2968 1032 1032 2968 2968 736 736 2968 2968 908 908 2968 2968 1064 1064 2968 2968 804 804 2968 2968 844 844 2968 2968 984 984 2968 2968 928 928 2968 2968 1042 1042 2968 2968 870 870 2968 2968 1098 1098 2968 2968 1000 1000 860 860 882 882 254 254 208 208 584 584 246 246 208 208 208 208 246 246 208 208 
208 208 262 262 310 310 660 660 676 676 404 404 626 626 272 272 430 430 476 476 602 602 668 668 530 530 384 384 1122 1122 610 610 308 308 336 336 430 430 2140 2140 2968 2968 952 952 2968 2968 1010 1010 2968 2968 680 680 2968 2968 1046 1046 2968 2968 1120 1120 2968 2968 888 888 2968 2968 746 746 2968 2968 984 984 2968 2968 2968 2968 1370 1370 2968 2968 718 718 2968 2968 870 870 2968 2968 976 976 1586 1586 296 296 936 936 
208 208 262 262 454 454 502 502 502 502 330 330 670 670 472 472 334 334 306 306 438 438 622 622 766 766 400 400 644 644 1184 1184 530 530 328 328 540 540 382 382 2180 2180 2968 2968 966 966 2968 2968 872 872 2968 2968 1140 1140 2968 2968 852 852 2968 2968 872 872 2968 2968 734 734 2968 2968 946 946 2968 2968 754 754 2968 2968 1082 1082 2968 2968 1108 1108 2968 2968 1000 1000 2968 2968 2968 2968 1380 1380 1624 1624 294 294 234 234 254 254 208 208 690 690 
246 246 208 208 208 208 246 246 208 208 208 208 262 262 362 362 550 550 402 402 276 276 564 564 752 752 316 316 606 606 290 290 498 498 714 714 622 622 972 972 324 324 316 316 318 318 2330 2330 2968 2968 1162 1162 2968 2968 698 698 2968 2968 762 762 2968 2968 2968 2968 1488 1488 494 494 2968 2968 528 528 2968 2968 982 982 2968 2968 922 922 2968 2968 938 938 2968 2968 668 668 2968 2968 896 896 2968 2968 1022 1022 2968 2968 792 792 846 846 466 466 646 646 254 254 208 208 620 620 
208 208 262 262 448 448 576 576 722 722 452 452 562 562 306 306 594 594 682 682 726 726 386 386 598 598 456 456 854 854 582 582 268 268 712 712 566 566 398 398 302 302 2400 2400 2968 2968 798 798 2968 2968 1158 1158 2968 2968 792 792 2968 2968 760 760 2968 2968 986 986 2968 2968 766 766 2968 2968 740 740 2968 2968 706 706 2968 2968 2968 2968 1310 1310 2968 2968 1008 1008 2968 2968 718 718 2302 2302 346 346 
246 246 208 208 208 208 208 208 628 628 414 414 548 548 560 560 446 446 514 514 296 296 258 258 402 402 296 296 686 686 246 246 208 208 326 326 570 570 1002 1002 304 304 250 250 458 458 2010 2010 2968 2968 730 730 2968 2968 1120 1120 2968 2968 1110 1110 2968 2968 2968 2968 1138 1138 2968 2968 936 936 2968 2968 1078 1078 2968 2968 1088 1088 2968 2968 1002 1002 2968 2968 940 940 2968 2968 1102 1102 2968 2968 2756 2756 634 634 632 632 470 470 
208 208 262 262 470 470 692 692 320 320 502 502 770 770 352 352 452 452 730 730 354 354 546 546 764 764 752 752 330 330 686 686 688 688 688 688 2042 2042 2968 2968 980 980 2968 2968 834 834 2968 2968 974 974 2968 2968 696 696 2968 2968 888 888 2968 2968 676 676 2968 2968 780 780 2968 2968 900 900 2968 2968 1128 1128 2968 2968 1074 1074 2968 2968 1126 1126 2968 2968 884 884 2968 2968 1180 1180 642 642 682 682 254 254 208 208 256 256 
208 208 262 262 400 400 634 634 682 682 510 510 440 440 740 740 280 280 292 292 380 380 740 740 486 486 760 760 246 246 460 460 208 208 246 246 208 208 666 666 278 278 556 556 2142 2142 2968 2968 684 684 2968 2968 1148 1148 2968 2968 908 908 2968 2968 902 902 2968 2968 714 714 2968 2968 914 914 2968 2968 952 952 2968 2968 1138 1138 2968 2968 2968 2968 1488 1488 2968 2968 1076 1076 2968 2968 802 802 358 358 302 302 254 254 208 208 292 292 246 246 208 208 
208 208 262 262 486 486 342 342 566 566 448 448 320 320 362 362 322 322 492 492 504 504 470 470 418 418 1008 1008 674 674 578 578 720 720 552 552 1972 1972 2968 2968 1112 1112 2968 2968 682 682 2968 2968 1008 1008 2968 2968 2968 2968 1156 1156 2968 2968 966 966 2968 2968 1142 1142 2968 2968 730 730 2968 2968 678 678 2968 2968 866 866 2968 2968 1062 1062 2968 2968 854 854 2968 2968 552 552 906 906 436 436 376 376 254 254 208 208 394 394 
208 208 262 262 414 414 432 432 486 486 662 662 628 628 738 738 738 738 424 424 556 556 700 700 360 360 1158 1158 450 450 392 392 584 584 278 278 2154 2154 2968 2968 1108 1108 2968 2968 1036 1036 2968 2968 1024 1024 2968 2968 760 760 2968 2968 806 806 2968 2968 908 908 2968 2968 1016 1016 2968 2968 818 818 2968 2968 996 996 2968 2968 914 914 2968 2968 1016 1016 2968 2968 1120 1120 2968 2968 814 814 1652 1652 408 408 232 232 254 254 208 208 314 314 246 246 208 208 208 208 246 246 208 208 
208 208 262 262 490 490 298 298 536 536 504 504 732 732 560 560 574 574 774 774 394 394 612 612 382 382 1122 1122 496 496 492 492 360 360 510 510 688 688 2024 2024 2968 2968 974 974 2968 2968 816 816 2968 2968 674 674 2968 2968 766 766 2968 2968 742 742 2968 2968 588 588 2968 2968 978 978 2968 2968 836 836 2968 2968 1092 1092 2968 2968 1036 1036 2968 2968 1026 1026 2968 2968 1124 1124 1658 1658 704 704 208 208 254 254 
208 208 262 262 290 290 542 542 542 542 638 638 518 518 586 586 322 322 708 708 290 290 728 728 638 638 284 284 994 994 256 256 454 454 396 396 358 358 2144 2144 624 624 2968 2968 1054 1054 2968 2968 976 976 2968 2968 1040 1040 2968 2968 2968 2968 1330 1330 2968 2968 798 798 2968 2968 908 908 2968 2968 1006 1006 2968 2968 804 804 2968 2968 956 956 2968 2968 912 912 2356 2356 240 240 464 464 254 254 208 208 312 312 246 246 208 208 208 208 246 246 208 208 
208 208 262 262 698 698 582 582 310 310 382 382 396 396 584 584 604 604 644 644 654 654 462 462 334 334 368 368 1000 1000 274 274 382 382 346 346 2080 2080 2968 2968 914 914 2968 2968 740 740 2968 2968 922 922 2968 2968 1004 1004 2968 2968 818 818 2968 2968 596 596 2968 2968 836 836 2968 2968 1028 1028 2968 2968 1124 1124 2968 2968 1138 1138 2968 2968 1142 1142 2968 2968 964 964 2968 2968 2968 2968 408 408 
208 208 262 262 406 406 330 330 528 528 256 256 742 742 340 340 472 472 330 330 560 560 416 416 426 426 1364 1364 620 620 658 658 484 484 614 614 528 528 2058 2058 2968 2968 928 928 2968 2968 918 918 2968 2968 1100 1100 2968 2968 994 994 2968 2968 932 932 2968 2968 776 776 2968 2968 1100 1100 2968 2968 730 730 2968 2968 1068 1068 2968 2968 760 760 2968 2968 814 814 2968 2968 882 882 2968 2968 694 694 806 806 734 734 388 388 254 254 208 208 388 388 
246 246 208 208 208 208 246 246 208 208 208 208 262 262 492 492 452 452 488 488 320 320 530 530 270 270 302 302 514 514 550 550 526 526 748 748 796 796 564 564 694 694 562 562 736 736 466 466 2000 2000 2968 2968 794 794 2968 2968 1142 1142 2968 2968 800 800 2968 2968 1008 1008 2968 2968 820 820 2968 2968 670 670 2968 2968 732 732 2968 2968 982 982 2968 2968 662 662 2968 2968 860 860 2968 2968 754 754 2968 2968 1128 1128 2358 2358 648 648 764 764 
208 208 262 262 316 316 286 286 662 662 382 382 742 742 248 248 580 580 388 388 420 420 534 534 334 334 606 606 970 970 308 308 724 724 412 412 2390 2390 2968 2968 810 810 2968 2968 968 968 2968 2968 968 968 2968 2968 800 800 2968 2968 1138 1138 2968 2968 692 692 2968 2968 2968 2968 1232 1232 2968 2968 712 712 2968 2968 818 818 2968 2968 812 812 2968 2968 906 906 2968 2968 1064 1064 1838 1838 518 518 254 254 208 208 482 482 
208 208 246 246 208 208 208 208 262 262 686 686 326 326 768 768 514 514 742 742 482 482 766 766 416 416 598 598 604 604 382 382 500 500 974 974 546 546 246 246 208 208 348 348 598 598 404 404 2262 2262 2968 2968 1102 1102 2968 2968 938 938 2968 2968 964 964 2968 2968 2968 2968 1246 1246 438 438 2968 2968 956 956 2968 2968 1076 1076 2968 2968 866 866 2968 2968 1086 1086 2968 2968 766 766 2968 2968 1090 1090 2968 2968 1068 1068 1532 1532 732 732 280 280 254 254 208 208 246 246 
208 208 262 262 396 396 382 382 546 546 428 428 660 660 396 396 538 538 540 540 618 618 374 374 708 708 474 474 1108 1108 284 284 288 288 532 532 312 312 234 234 1982 1982 2968 2968 788 788 2968 2968 886 886 2968 2968 882 882 2968 2968 1084 1084 2968 2968 736 736 2968 2968 770 770 2968 2968 856 856 2968 2968 998 998 2968 2968 1132 1132 2968 2968 1120 1120 2968 2968 1078 1078 2968 2968 2968 2968 1392 1392 254 254 528 528 
208 208 262 262 724 724 292 292 292 292 570 570 766 766 734 734 266 266 356 356 340 340 448 448 762 762 336 336 314 314 710 710 706 706 580 580 208 208 246 246 208 208 230 230 330 330 318 318 2270 2270 2968 2968 1008 1008 2968 2968 740 740 2968 2968 932 932 2968 2968 798 798 2968 2968 824 824 2968 2968 898 898 2968 2968 1064 1064 2968 2968 688 688 2968 2968 874 874 2968 2968 750 750 2968 2968 1092 1092 2620 2620 580 580 370 370 254 254 208 208 314 314 246 246 208 208 
208 208 262 262 372 372 724 724 322 322 536 536 604 604 732 732 346 346 428 428 366 366 508 508 424 424 358 358 252 252 752 752 718 718 436 436 670 670 2370 2370 2968 2968 712 712 2968 2968 996 996 2968 2968 1146 1146 2968 2968 2968 2968 676 676 1052 1052 2968 2968 538 538 2968 2968 870 870 2968 2968 1006 1006 2968 2968 924 924 2968 2968 996 996 2968 2968 1010 1010 2590 2590 254 254 208 208 378 378 
208 208 262 262 476 476 700 700 548 548 504 504 270 270 592 592 698 698 380 380 360 360 716 716 520 520 682 682 1106 1106 732 732 312 312 688 688 594 594 610 610 2282 2282 2968 2968 918 918 2968 2968 896 896 2968 2968 1154 1154 2968 2968 2968 2968 1420 1420 2968 2968 1092 1092 2968 2968 1010 1010 2968 2968 1062 1062 2968 2968 2968 2968 2968 2968 1866 1866 2968 2968 2968 2968 2434 2434 326 326 232 232 254 254 208 208 314 314 208 208 246 246 208 208 246 246 208 208 
208 208 262 262 382 382 660 660 722 722 654 654 322 322 324 324 560 560 736 736 306 306 406 406 578 578 736 736 424 424 346 346 494 494 2106 2106 266 266 2968 2968 1108 1108 2968 2968 932 932 2968 2968 660 660 2968 2968 2968 2968 1136 1136 2968 2968 998 998 2968 2968 866 866 2968 2968 668 668 2968 2968 1128 1128 2968 2968 990 990 2968 2968 930 930 2968 2968 1092 1092 1882 1882 1206 1206 
208 208 262 262 600 600 394 394 656 656 536 536 292 292 578 578 696 696 696 696 422 422 536 536 350 350 328 328 770 770 320 320 372 372 396 396 2022 2022 2968 2968 1008 1008 2968 2968 1100 1100 2968 2968 1138 1138 2968 2968 932 932 2968 2968 874 874 2968 2968 616 616 2968 2968 774 774 2968 2968 706 706 2968 2968 956 956 2968 2968 1106 1106 2968 2968 1134 1134 2500 2500 254 254 208 208 484 484 208 208 246 246 208 208 
246 246 208 208 208 208 262 262 262 262 602 602 302 302 290 290 738 738 484 484 630 630 276 276 266 266 438 438 274 274 242 242 864 864 600 600 372 372 344 344 446 446 2416 2416 2968 2968 830 830 2968 2968 862 862 2968 2968 734 734 2968 2968 2968 2968 1358 1358 2968 2968 684 684 2968 2968 900 900 2968 2968 1074 1074 2968 2968 1128 1128 2968 2968 736 736 2968 2968 1096 1096 2968 2968 850 850 2968 2968 1078 1078 330 330 666 666 208 208 254 254 254 254 
208 208 262 262 682 682 686 686 754 754 432 432 600 600 614 614 438 438 752 752 582 582 280 280 330 330 764 764 292 292 740 740 410 410 530 530 2024 2024 2968 2968 892 892 2968 2968 964 964 2968 2968 880 880 2968 2968 2968 2968 1186 1186 2968 2968 976 976 2968 2968 2968 2968 1466 1466 2968 2968 1132 1132 2968 2968 1104 1104 2968 2968 942 942 2968 2968 2968 2968 1562 1562 1910 1910 704 704 274 274 208 208 254 254 
246 246 208 208 208 208 246 246 208 208 208 208 262 262 438 438 714 714 642 642 504 504 284 284 556 556 556 556 664 664 628 628 326 326 470 470 304 304 512 512 744 744 744 744 290 290 304 304 304 304 2968 2968 2968 2968 2968 2968 2968 2968 2968 2968 2968 2968 2968 2968 2968 2968 2968 2968 2968 2968 2968 2968 2968 2968 2968 2968 2968 2968 2968 2968 1660 1660 492 492 254 254 208 208 562 562 
208 208 262 262 406 406 364 364 272 272 444 444 664 664 568 568 596 596 724 724 458 458 626 626 384 384 280 280 1144 1144 320 320 524 524 398 398 2176 2176 2968 2968 980 980 2968 2968 670 670 2968 2968 1112 1112 2968 2968 2968 2968 1222 1222 2968 2968 1140 1140 2968 2968 826 826 2968 2968 728 728 2968 2968 838 838 2968 2968 1070 1070 2968 2968 1146 1146 2968 2968 2968 2968 1128 1128 2968 2968 814 814 1088 1088 530 530 208 208 254 254 
246 246 208 208 208 208 208 208 262 262 376 376 738 738 334 334 608 608 532 532 700 700 308 308 568 568 602 602 428 428 390 390 498 498 276 276 806 806 598 598 226 226 246 246 208 208 460 460 2202 2202 2968 2968 872 872 2968 2968 828 828 2968 2968 690 690 2968 2968 710 710 2968 2968 784 784 2968 2968 1106 1106 2968 2968 866 866 2968 2968 938 938 2968 2968 2968 2968 1398 1398 2968 2968 1090 1090 2968 2968 800 800 2968 2968 778 778 2968 2968 588 588 676 676 704 704 254 254 208 208 588 588 
208 208 262 262 396 396 646 646 646 646 380 380 778 778 376 376 448 448 594 594 762 762 428 428 402 402 746 746 1014 1014 246 246 286 286 310 310 524 524 2042 2042 2968 2968 1052 1052 2968 2968 1002 1002 2968 2968 852 852 2968 2968 708 708 2968 2968 744 744 2968 2968 1116 1116 2968 2968 710 710 2968 2968 1000 1000 2968 2968 1060 1060 2968 2968 738 738 2968 2968 1070 1070 2968 2968 1002 1002 2968 2968 1116 1116 2578 2578 618 618 716 716 254 254 208 208 650 650 
208 208 262 262 520 520 666 666 266 266 590 590 450 450 360 360 776 776 560 560 230 230 472 472 516 516 516 516 486 486 456 456 838 838 504 504 444 444 2144 2144 2968 2968 1066 1066 2968 2968 1120 1120 2968 2968 1034 1034 2968 2968 1000 1000 2968 2968 834 834 2968 2968 712 712 2968 2968 1042 1042 2968 2968 898 898 2968 2968 1046 1046 2968 2968 1084 1084 2968 2968 1040 1040 2968 2968 2968 2968 1534 1534 544 544 488 488 254 254 208 208 276 276 246 246 208 208 208 208 246 246 208 208 
208 208 262 262 472 472 426 426 522 522 574 574 546 546 298 298 604 604 592 592 646 646 294 294 638 638 468 468 404 404 850 850 244 244 712 712 414 414 250 250 604 604 2238 2238 2968 2968 990 990 2968 2968 860 860 2968 2968 782 782 2968 2968 974 974 2968 2968 730 730 2968 2968 952 952 2968 2968 660 660 2968 2968 1106 1106 2968 2968 880 880 2968 2968 920 920 2968 2968 1092 1092 2968 2968 772 772 2968 2968 860 860 348 348 208 208 254 254 
208 208 262 262 492 492 652 652 492 492 718 718 270 270 770 770 518 518 268 268 592 592 694 694 404 404 778 778 586 586 544 544 352 352 616 616 2118 2118 2968 2968 1074 1074 2968 2968 998 998 2968 2968 684 684 2968 2968 978 978 2968 2968 1154 1154 2968 2968 678 678 2968 2968 958 958 2968 2968 682 682 2968 2968 720 720 2968 2968 860 860 2968 2968 958 958 2968 2968 972 972 2968 2968 1034 1034 2294 2294 688 688 254 254 208 208 362 362 246 246 208 208 208 208 436 436 228 228 766 766 592 592 208 208 246 246 208 208 
208 208 628 628 486 486 472 472 726 726 756 756 252 252 758 758 454 454 468 468 298 298 356 356 392 392 432 432 742 742 694 694 346 346 232 232 314 314 2120 2120 2968 2968 1056 1056 2968 2968 916 916 2968 2968 666 666 2968 2968 2968 2968 1158 1158 2968 2968 1080 1080 2968 2968 722 722 2968 2968 1124 1124 2968 2968 2968 2968 1368 1368 2968 2968 854 854 2968 2968 1132 1132 2968 2968 1002 1002 2210 2210 622 622 628 628 208 208 274 274 
208 208 262 262 540 540 294 294 438 438 742 742 616 616 678 678 678 678 528 528 628 628 360 360 474 474 332 332 808 808 576 576 492 492 260 260 736 736 576 576 514 514 1958 1958 2968 2968 954 954 2968 2968 762 762 2968 2968 700 700 2968 2968 968 968 2968 2968 1062 1062 2968 2968 738 738 2968 2968 698 698 2968 2968 1134 1134 2968 2968 1042 1042 2968 2968 778 778 2968 2968 786 786 2968 2968 1132 1132 2968 2968 852 852 236 236 1010 1010 246 246 208 208 208 208 
246 246 208 208 208 208 208 208 262 262 290 290 378 378 378 378 566 566 376 376 754 754 260 260 564 564 316 316 642 642 492 492 440 440 1142 1142 400 400 416 416 418 418 278 278 2122 2122 2968 2968 940 940 2968 2968 772 772 2968 2968 948 948 2968 2968 2968 2968 1162 1162 2968 2968 980 980 2968 2968 900 900 2968 2968 1054 1054 2968 2968 962 962 2968 2968 902 902 2968 2968 672 672 2968 2968 1148 1148 2968 2968 916 916 2968 2968 964 964 978 978 462 462 254 254 208 208 454 454 
208 208 262 262 314 314 574 574 574 574 680 680 728 728 584 584 284 284 322 322 508 508 428 428 772 772 366 366 710 710 784 784 686 686 264 264 484 484 316 316 340 340 260 260 658 658 2338 2338 2968 2968 674 674 2968 2968 1142 1142 2968 2968 910 910 2968 2968 2968 2968 1262 1262 2968 2968 958 958 2968 2968 964 964 2968 2968 650 650 2968 2968 662 662 2968 2968 674 674 2968 2968 1056 1056 2968 2968 1174 1174 608 608 254 254 208 208 388 388 
208 208 326 326 208 208 246 246 208 208 208 208 262 262 432 432 408 408 308 308 460 460 454 454 466 466 572 572 682 682 624 624 374 374 280 280 722 722 770 770 314 314 522 522 496 496 236 236 2294 2294 2968 2968 786 786 2968 2968 680 680 2968 2968 944 944 2968 2968 2968 2968 1476 1476 2968 2968 746 746 2968 2968 1156 1156 2968 2968 754 754 2968 2968 822 822 2968 2968 1136 1136 2968 2968 788 788 2968 2968 1016 1016 2968 2968 1068 1068 2968 2968 936 936 2968 2968 496 496 782 782 208 208 254 254 254 254 
208 208 262 262 416 416 288 288 512 512 312 312 706 706 304 304 558 558 492 492 664 664 230 230 682 682 632 632 1074 1074 528 528 288 288 274 274 342 342 686 686 2342 2342 2968 2968 792 792 2968 2968 1038 1038 2968 2968 1096 1096 2968 2968 912 912 2968 2968 898 898 2968 2968 882 882 2968 2968 816 816 2968 2968 924 924 2968 2968 686 686 2968 2968 842 842 2968 2968 1092 1092 2968 2968 2146 2146 1060 1060 222 222 208 208 
2968 2968 1906 1906 2968 2968 2968 2968 2968 2968 1906 1906 1906 1906 246 246 208 208 208 208 2968 2968 640 640 228 228 640 640 228 228 628 628 432 432 574 574 208 208 428 428 766 766 752 752 600 600 660 660 492 492 668 668 342 342 478 478 1126 1126 372 372 338 338 730 730 394 394 2294 2294 2968 2968 1102 1102 2968 2968 896 896 2968 2968 1136 1136 2968 2968 2968 2968 1200 1200 2968 2968 684 684 2968 2968 752 752 2968 2968 838 838 2968 2968 1142 1142 2968 2968 692 692 398 398 2968 2968 1056 1056 2968 2968 2968 2968 2968 2968 2968 2968 2968 2968 520 520 246 246 208 208 
208 208 262 262 658 658 564 564 592 592 612 612 728 728 578 578 434 434 316 316 340 340 568 568 290 290 322 322 894 894 476 476 254 254 542 542 2176 2176 2968 2968 804 804 2968 2968 864 864 2968 2968 708 708 2968 2968 766 766 2968 2968 1090 1090 2968 2968 1040 1040 2968 2968 880 880 2968 2968 1136 1136 2968 2968 964 964 2968 2968 1084 1084 2968 2968 966 966 2968 2968 1064 1064 2968 2968 448 448 254 254 782 782 
208 208 262 262 714 714 352 352 532 532 412 412 354 354 426 426 448 448 594 594 460 460 380 380 560 560 572 572 254 254 1078 1078 718 718 576 576 646 646 2402 2402 2968 2968 950 950 2968 2968 884 884 2968 2968 790 790 2968 2968 2968 2968 1292 1292 2968 2968 702 702 2968 2968 932 932 2968 2968 1040 1040 2968 2968 922 922 2968 2968 1016 1016 2968 2968 1150 1150 2968 2968 1062 1062 652 652 474 474 606 606 208 208 254 254 246 246 208 208 208 208 242 242 246 246 208 208 
208 208 262 262 478 478 448 448 452 452 402 402 536 536 418 418 258 258 380 380 776 776 620 620 514 514 378 378 812 812 586 586 250 250 298 298 602 602 2316 2316 2968 2968 702 702 2968 2968 948 948 2968 2968 1094 1094 2968 2968 706 706 2968 2968 744 744 2968 2968 1098 1098 2968 2968 1128 1128 2968 2968 674 674 2968 2968 754 754 2968 2968 876 876 2968 2968 696 696 2968 2968 2968 2968 2968 2968 1552 1552 246 246 596 596 254 254 208 208 390 390 
208 208 262 262 460 460 424 424 736 736 486 486 716 716 376 376 660 660 726 726 284 284 332 332 284 284 814 814 722 722 636 636 452 452 630 630 2398 2398 2968 2968 1074 1074 2968 2968 710 710 2968 2968 840 840 2968 2968 2968 2968 1220 1220 564 564 2968 2968 968 968 2968 2968 1008 1008 2968 2968 726 726 2968 2968 976 976 2968 2968 1138 1138 2968 2968 912 912 2968 2968 2968 2968 2968 2968 2968 2968 2968 2968 878 878 246 246 208 208 208 208 246 246 208 208 
208 208 262 262 370 370 336 336 722 722 316 316 700 700 538 538 524 524 760 760 596 596 616 616 420 420 660 660 380 380 1070 1070 294 294 640 640 588 588 2146 2146 2968 2968 710 710 2968 2968 760 760 2968 2968 862 862 2968 2968 1132 1132 2968 2968 1100 1100 2968 2968 690 690 2968 2968 1008 1008 2968 2968 746 746 2968 2968 792 792 2968 2968 1036 1036 2968 2968 914 914 2968 2968 1030 1030 2968 2968 910 910 2968 2968 690 690 810 810 572 572 412 412 254 254 208 208 258 258 
208 208 262 262 358 358 256 256 762 762 308 308 756 756 352 352 658 658 636 636 442 442 464 464 656 656 1130 1130 532 532 558 558 644 644 354 354 290 290 330 330 2412 2412 506 506 2968 2968 902 902 2968 2968 1114 1114 2968 2968 2968 2968 1086 1086 2968 2968 1396 1396 2968 2968 2968 2968 1002 1002 940 940 2968 2968 2968 2968 824 824 2968 2968 1346 1346 2968 2968 2968 2968 874 874 2968 2968 1600 1600 2968 2968 2962 2962 776 776 446 446 246 246 208 208 208 208 
246 246 208 208 208 208 262 262 580 580 488 488 636 636 560 560 762 762 600 600 250 250 392 392 684 684 662 662 632 632 1146 1146 528 528 408 408 622 622 418 418 2016 2016 2968 2968 1000 1000 2968 2968 932 932 2968 2968 726 726 2968 2968 2968 2968 1472 1472 306 306 2968 2968 1082 1082 2968 2968 940 940 2968 2968 1146 1146 2968 2968 712 712 2968 2968 680 680 2968 2968 2968 2968 920 920 2968 2968 790 790 
208 208 262 262 620 620 528 528 636 636 390 390 542 542 488 488 446 446 310 310 578 578 632 632 594 594 700 700 296 296 616 616 344 344 594 594 2382 2382 2968 2968 1016 1016 2968 2968 962 962 2968 2968 764 764 2968 2968 824 824 2968 2968 826 826 2968 2968 858 858 2968 2968 1028 1028 2968 2968 744 744 2968 2968 2968 2968 1354 1354 2968 2968 2968 2968 1016 1016 2968 2968 2736 2736 
242 242 246 246 208 208 208 208 208 208 208 208 262 262 610 610 520 520 246 246 208 208 610 610 302 302 456 456 662 662 474 474 610 610 336 336 644 644 668 668 324 324 898 898 604 604 690 690 462 462 2022 2022 2968 2968 1040 1040 2968 2968 870 870 2968 2968 852 852 2968 2968 2968 2968 1230 1230 2968 2968 818 818 2968 2968 928 928 2968 2968 1068 1068 2968 2968 2968 2968 1142 1142 2968 2968 684 684 2968 2968 2968 2968 1342 1342 2360 2360 542 542 446 446 254 254 208 208 524 524 
208 208 262 262 564 564 700 700 700 700 722 722 498 498 584 584 378 378 454 454 280 280 604 604 656 656 668 668 520 520 1056 1056 706 706 402 402 358 358 500 500 2366 2366 2968 2968 1002 1002 2968 2968 894 894 2968 2968 760 760 2968 2968 2968 2968 1500 1500 2968 2968 954 954 2968 2968 894 894 2968 2968 908 908 2968 2968 846 846 2968 2968 922 922 2968 2968 706 706 2968 2968 954 954 2968 2968 1072 1072 2312 2312 296 296 208 208 254 254 
208 208 262 262 348 348 606 606 740 740 410 410 726 726 768 768 582 582 338 338 462 462 664 664 246 246 208 208 208 208 396 396 412 412 1078 1078 418 418 288 288 534 534 2192 2192 2968 2968 746 746 2968 2968 860 860 2968 2968 734 734 2968 2968 1158 1158 2968 2968 1012 1012 664 664 2968 2968 1036 1036 2968 2968 994 994 2968 2968 1106 1106 2968 2968 2968 2968 1504 1504 2968 2968 1106 1106 2968 2968 256 256 392 392 374 374 254 254 208 208 256 256 246 246 208 208 
208 208 262 262 560 560 264 264 358 358 358 358 574 574 730 730 538 538 436 436 534 534 268 268 394 394 386 386 390 390 670 670 1058 1058 698 698 350 350 300 300 294 294 2408 2408 2968 2968 732 732 2968 2968 708 708 2968 2968 1060 1060 2968 2968 2968 2968 1310 1310 2968 2968 774 774 2968 2968 720 720 2968 2968 970 970 2968 2968 1112 1112 2968 2968 1154 1154 2968 2968 776 776 2968 2968 2968 2968 754 754 1142 1142 2968 2968 834 834 840 840 666 666 218 218 254 254 208 208 486 486 
208 208 262 262 628 628 586 586 478 478 410 410 738 738 268 268 618 618 402 402 704 704 768 768 544 544 564 564 1066 1066 472 472 716 716 386 386 366 366 2080 2080 2968 2968 902 902 2968 2968 764 764 2968 2968 972 972 2968 2968 1130 1130 2968 2968 1062 1062 2968 2968 1008 1008 2968 2968 1064 1064 2968 2968 1016 1016 2968 2968 970 970 2968 2968 1060 1060 2968 2968 954 954 528 528 452 452 254 254 208 208 390 390 246 246 208 208 208 208 246 246 208 208 
208 208 262 262 432 432 606 606 284 284 464 464 332 332 446 446 360 360 358 358 358 358 424 424 446 446 320 320 432 432 632 632 760 760 266 266 652 652 268 268 2224 2224 2968 2968 740 740 2968 2968 1096 1096 2968 2968 1020 1020 2968 2968 1044 1044 2968 2968 672 672 2968 2968 756 756 2968 2968 1074 1074 2968 2968 1004 1004 2968 2968 1154 1154 2968 2968 830 830 2968 2968 1058 1058 2968 2968 2968 2968 1298 1298 2586 2586 282 282 454 454 254 254 208 208 634 634 
208 208 262 262 696 696 278 278 374 374 716 716 700 700 414 414 252 252 562 562 446 446 360 360 298 298 826 826 668 668 624 624 498 498 378 378 562 562 2120 2120 2968 2968 1034 1034 2968 2968 1006 1006 2968 2968 1112 1112 2968 2968 736 736 2968 2968 840 840 2968 2968 832 832 2968 2968 1090 1090 2968 2968 1076 1076 2968 2968 2968 2968 880 880 2968 2968 2612 2612 246 246 208 208 208 208 246 246 208 208 
208 208 262 262 302 302 614 614 594 594 768 768 390 390 442 442 708 708 322 322 434 434 434 434 634 634 512 512 846 846 630 630 246 246 246 246 240 240 402 402 2382 2382 2968 2968 710 710 2968 2968 692 692 2968 2968 714 714 2968 2968 848 848 2968 2968 724 724 2968 2968 662 662 2968 2968 688 688 2968 2968 804 804 2968 2968 2968 2968 1752 1752 2968 2968 892 892 2960 2960 730 730 658 658 254 254 208 208 594 594 
208 208 262 262 522 522 330 330 566 566 536 536 312 312 312 312 608 608 444 444 472 472 394 394 652 652 818 818 630 630 524 524 698 698 404 404 2370 2370 338 338 2968 2968 712 712 2968 2968 1120 1120 2968 2968 758 758 2968 2968 888 888 2968 2968 728 728 2968 2968 852 852 2968 2968 970 970 2968 2968 1082 1082 2968 2968 2968 2968 1246 1246 2968 2968 688 688 2968 2968 654 654 2968 2968 1120 1120 2968 2968 844 844 392 392 702 702 252 252 254 254 208 208 508 508 
246 246 208 208 208 208 246 246 208 208 208 208 262 262 474 474 496 496 674 674 492 492 432 432 412 412 420 420 348 348 290 290 582 582 302 302 894 894 432 432 554 554 544 544 730 730 2134 2134 2968 2968 886 886 2968 2968 1140 1140 2968 2968 834 834 2968 2968 842 842 2968 2968 872 872 2968 2968 1054 1054 2968 2968 656 656 2968 2968 764 764 2968 2968 2968 2968 1096 1096 982 982 2968 2968 978 978 2968 2968 264 264 448 448 494 494 254 254 208 208 428 428 
208 208 262 262 464 464 678 678 458 458 630 630 528 528 742 742 304 304 476 476 320 320 704 704 370 370 650 650 908 908 522 522 286 286 322 322 2322 2322 2968 2968 722 722 2968 2968 1044 1044 2968 2968 1102 1102 2968 2968 958 958 2968 2968 838 838 612 612 2968 2968 1138 1138 2968 2968 894 894 2968 2968 668 668 2968 2968 2968 2968 1420 1420 2968 2968 984 984 2968 2968 2306 2306 
246 246 208 208 208 208 208 208 262 262 402 402 382 382 432 432 376 376 340 340 676 676 292 292 246 246 208 208 208 208 494 494 572 572 284 284 246 246 434 434 350 350 712 712 472 472 496 496 588 588 2276 2276 2968 2968 836 836 2968 2968 1004 1004 2968 2968 1116 1116 2968 2968 1130 1130 2968 2968 972 972 606 606 2968 2968 1020 1020 2968 2968 762 762 2968 2968 1118 1118 2968 2968 2968 2968 1584 1584 2968 2968 980 980 2968 2968 2968 2968 1654 1654 2968 2968 244 244 228 228 376 376 254 254 208 208 232 232 
208 208 262 262 306 306 338 338 320 320 272 272 708 708 770 770 360 360 554 554 694 694 528 528 696 696 300 300 1124 1124 750 750 264 264 536 536 642 642 1962 1962 2968 2968 810 810 2968 2968 1106 1106 2968 2968 836 836 2968 2968 846 846 2968 2968 1016 1016 2968 2968 960 960 2968 2968 742 742 2968 2968 916 916 2968 2968 1148 1148 2968 2968 1150 1150 2968 2968 754 754 2968 2968 736 736 2968 2968 870 870 1956 1956 648 648 234 234 254 254 208 208 644 644 
208 208 262 262 498 498 484 484 670 670 690 690 712 712 458 458 744 744 752 752 462 462 500 500 346 346 624 624 914 914 742 742 246 246 208 208 208 208 412 412 382 382 2316 2316 298 298 2968 2968 710 710 2968 2968 838 838 2968 2968 732 732 2968 2968 726 726 2968 2968 1044 1044 2968 2968 710 710 2968 2968 1038 1038 2968 2968 702 702 2968 2968 960 960 2968 2968 948 948 2968 2968 892 892 2968 2968 680 680 1412 1412 254 254 208 208 474 474 246 246 208 208 
208 208 262 262 606 606 600 600 606 606 606 606 732 732 302 302 496 496 602 602 442 442 622 622 400 400 868 868 656 656 296 296 734 734 252 252 250 250 2148 2148 2968 2968 756 756 2968 2968 1100 1100 2968 2968 716 716 2968 2968 2968 2968 1668 1668 2968 2968 780 780 2968 2968 776 776 2968 2968 724 724 2968 2968 1146 1146 2968 2968 900 900 2968 2968 978 978 2968 2968 2638 2638 
208 208 262 262 692 692 596 596 566 566 536 536 476 476 702 702 486 486 634 634 586 586 458 458 594 594 374 374 382 382 552 552 718 718 288 288 394 394 608 608 2040 2040 2968 2968 702 702 2968 2968 662 662 2968 2968 734 734 2968 2968 878 878 2968 2968 812 812 2968 2968 852 852 2968 2968 896 896 2968 2968 676 676 2968 2968 1084 1084 2968 2968 740 740 2968 2968 868 868 2968 2968 700 700 460 460 254 254 208 208 412 412 246 246 208 208 208 208 246 246 208 208 
208 208 262 262 484 484 468 468 568 568 394 394 604 604 772 772 560 560 394 394 448 448 352 352 304 304 280 280 794 794 588 588 516 516 294 294 670 670 2074 2074 2968 2968 740 740 2968 2968 916 916 2968 2968 1156 1156 2968 2968 2968 2968 1276 1276 2968 2968 564 564 2968 2968 1098 1098 2968 2968 662 662 2968 2968 1034 1034 2968 2968 986 986 2754 2754 376 376 254 254 208 208 448 448 
208 208 262 262 436 436 560 560 560 560 472 472 506 506 280 280 526 526 310 310 582 582 506 506 474 474 612 612 1042 1042 256 256 302 302 242 242 364 364 480 480 410 410 2132 2132 2968 2968 1120 1120 2968 2968 1138 1138 2968 2968 894 894 2968 2968 2968 2968 1250 1250 2968 2968 686 686 2968 2968 2968 2968 1492 1492 2968 2968 950 950 2968 2968 932 932 2968 2968 1034 1034 1824 1824 714 714 308 308 254 254 208 208 580 580 246 246 208 208 208 208 
246 246 208 208 208 208 628 628 576 576 328 328 322 322 726 726 338 338 564 564 586 586 594 594 384 384 760 760 438 438 546 546 1140 1140 744 744 650 650 598 598 482 482 2002 2002 2968 2968 1070 1070 2968 2968 820 820 2968 2968 844 844 2968 2968 2968 2968 1574 1574 2968 2968 780 780 2968 2968 884 884 2968 2968 942 942 2968 2968 814 814 2968 2968 756 756 2968 2968 1102 1102 2020 2020 320 320 274 274 208 208 320 320 
208 208 262 262 234 234 360 360 534 534 602 602 574 574 438 438 420 420 470 470 266 266 678 678 372 372 584 584 666 666 908 908 618 618 578 578 368 368 1936 1936 2968 2968 1018 1018 2968 2968 880 880 2968 2968 778 778 2968 2968 862 862 2968 2968 1026 1026 2968 2968 1100 1100 2968 2968 582 582 2968 2968 834 834 2968 2968 754 754 2968 2968 1026 1026 2968 2968 1036 1036 2968 2968 212 212 610 610 680 680 254 254 208 208 264 264 
246 246 208 208 208 208 246 246 208 208 208 208 262 262 534 534 692 692 648 648 372 372 340 340 536 536 580 580 350 350 432 432 426 426 350 350 824 824 468 468 336 336 252 252 728 728 2200 2200 2968 2968 1056 1056 2968 2968 952 952 2968 2968 832 832 2968 2968 718 718 2968 2968 792 792 2968 2968 976 976 2968 2968 774 774 2968 2968 1068 1068 2968 2968 1116 1116 2968 2968 996 996 2968 2968 992 992 2804 2804 692 692 578 578 578 578 
208 208 262 262 422 422 336 336 732 732 592 592 658 658 646 646 404 404 280 280 446 446 714 714 656 656 1004 1004 250 250 616 616 598 598 366 366 262 262 2256 2256 2968 2968 722 722 2968 2968 692 692 2968 2968 810 810 2968 2968 768 768 2968 2968 714 714 2968 2968 840 840 2968 2968 844 844 2968 2968 746 746 2968 2968 1036 1036 2968 2968 770 770 2968 2968 1076 1076 2968 2968 1872 1872 642 642 330 330 
246 246 208 208 208 208 208 208 262 262 396 396 344 344 472 472 282 282 616 616 380 380 534 534 282 282 292 292 332 332 434 434 1042 1042 552 552 376 376 246 246 208 208 236 236 636 636 2224 2224 2968 2968 866 866 2968 2968 976 976 2968 2968 934 934 2968 2968 982 982 2968 2968 796 796 2968 2968 800 800 2968 2968 1070 1070 2968 2968 824 824 2968 2968 1092 1092 2968 2968 744 744 2790 2790 600 600 254 254 208 208 456 456 
208 208 262 262 232 232 552 552 418 418 414 414 766 766 312 312 498 498 668 668 668 668 280 280 388 388 638 638 430 430 1134 1134 264 264 680 680 532 532 2154 2154 2968 2968 670 670 2968 2968 702 702 2968 2968 808 808 2968 2968 1158 1158 2968 2968 970 970 2968 2968 950 950 2968 2968 848 848 2968 2968 760 760 2968 2968 688 688 2968 2968 846 846 2968 2968 650 650 2960 2960 490 490 208 208 254 254 
208 208 262 262 504 504 294 294 462 462 308 308 338 338 414 414 408 408 732 732 730 730 732 732 302 302 514 514 1056 1056 560 560 624 624 406 406 2068 2068 2968 2968 1020 1020 2968 2968 806 806 2968 2968 1020 1020 2968 2968 946 946 2968 2968 1130 1130 246 246 208 208 2968 2968 710 710 2968 2968 722 722 2968 2968 1006 1006 208 208 2968 2968 768 768 2968 2968 2968 2968 574 574 254 254 474 474 208 208 246 246 208 208 
208 208 262 262 622 622 268 268 510 510 566 566 628 628 482 482 594 594 758 758 756 756 708 708 390 390 464 464 884 884 506 506 284 284 340 340 326 326 2368 2368 2968 2968 880 880 2968 2968 838 838 2968 2968 886 886 2968 2968 728 728 2968 2968 960 960 2968 2968 918 918 2968 2968 792 792 2968 2968 794 794 2968 2968 830 830 2968 2968 1044 1044 2968 2968 1010 1010 2148 2148 572 572 386 386 254 254 208 208 462 462 
208 208 262 262 666 666 364 364 410 410 454 454 678 678 252 252 466 466 760 760 712 712 392 392 286 286 430 430 766 766 704 704 460 460 640 640 2092 2092 2968 2968 1070 1070 2968 2968 884 884 2968 2968 920 920 2968 2968 708 708 2968 2968 814 814 2968 2968 1086 1086 2968 2968 888 888 2968 2968 858 858 2968 2968 972 972 2968 2968 862 862 2968 2968 704 704 2968 2968 1832 1832 246 246 208 208 208 208 246 246 208 208 
208 208 262 262 434 434 302 302 760 760 580 580 266 266 338 338 232 232 716 716 768 768 480 480 316 316 950 950 538 538 694 694 566 566 576 576 2180 2180 2968 2968 852 852 2968 2968 682 682 2968 2968 1004 1004 2968 2968 2968 2968 1512 1512 432 432 2968 2968 1124 1124 2968 2968 786 786 2968 2968 718 718 2968 2968 978 978 2968 2968 854 854 2968 2968 938 938 2968 2968 2968 2968 1716 1716 2176 2176 370 370 442 442 254 254 208 208 578 578 
208 208 262 262 438 438 578 578 366 366 540 540 736 736 582 582 592 592 332 332 396 396 688 688 620 620 716 716 270 270 1194 1194 666 666 666 666 340 340 358 358 698 698 2136 2136 2968 2968 782 782 2968 2968 670 670 2968 2968 900 900 2968 2968 2968 2968 1112 1112 2968 2968 1098 1098 2968 2968 958 958 2968 2968 628 628 2968 2968 728 728 2968 2968 1040 1040 2968 2968 744 744 2968 2968 2968 2968 772 772 246 246 208 208 208 208 
246 246 208 208 208 208 262 262 364 364 390 390 580 580 418 418 324 324 612 612 430 430 692 692 338 338 590 590 476 476 268 268 1188 1188 556 556 406 406 244 244 554 554 354 354 346 346 2260 2260 2968 2968 696 696 2968 2968 674 674 2968 2968 1000 1000 2968 2968 996 996 2968 2968 792 792 2968 2968 670 670 2968 2968 694 694 2968 2968 764 764 2968 2968 1106 1106 2968 2968 934 934 2600 2600 326 326 460 460 208 208 254 254 
208 208 262 262 356 356 418 418 286 286 328 328 464 464 604 604 724 724 534 534 300 300 380 380 600 600 494 494 920 920 398 398 266 266 654 654 640 640 408 408 2260 2260 2968 2968 918 918 2968 2968 1136 1136 2968 2968 798 798 2968 2968 1064 1064 2968 2968 1056 1056 2968 2968 930 930 2968 2968 1008 1008 2968 2968 990 990 2968 2968 840 840 2968 2968 718 718 2968 2968 670 670 2968 2968 1020 1020 1260 1260 1120 1120 
246 246 208 208 208 208 246 246 208 208 208 208 262 262 426 426 382 382 328 328 356 356 394 394 618 618 376 376 638 638 528 528 382 382 674 674 270 270 712 712 972 972 232 232 422 422 436 436 2154 2154 2968 2968 772 772 2968 2968 654 654 2968 2968 996 996 2968 2968 2968 2968 1264 1264 2968 2968 792 792 2968 2968 1012 1012 2968 2968 1004 1004 2968 2968 964 964 2968 2968 862 862 2766 2766 272 272 604 604 254 254 208 208 516 516 
208 208 262 262 650 650 582 582 616 616 752 752 350 350 728 728 336 336 694 694 340 340 764 764 348 348 404 404 1072 1072 588 588 584 584 264 264 712 712 2082 2082 2968 2968 708 708 2968 2968 1156 1156 2968 2968 690 690 2968 2968 2968 2968 1108 1108 2968 2968 810 810 2968 2968 772 772 2968 2968 766 766 2968 2968 1148 1148 2968 2968 812 812 2966 2966 556 556 254 254 484 484 
208 208 246 246 208 208 208 208 262 262 430 430 396 396 564 564 728 728 440 440 304 304 500 500 442 442 746 746 556 556 524 524 462 462 1036 1036 516 516 392 392 246 246 208 208 510 510 2436 2436 2968 2968 938 938 2968 2968 758 758 2968 2968 1070 1070 2968 2968 1128 1128 2968 2968 874 874 2968 2968 844 844 2968 2968 698 698 2968 2968 714 714 2968 2968 2968 2968 1692 1692 2968 2968 1076 1076 2968 2968 784 784 2968 2968 1148 1148 1150 1150 374 374 650 650 254 254 208 208 464 464 
208 208 262 262 276 276 318 318 752 752 328 328 294 294 576 576 382 382 356 356 510 510 332 332 578 578 808 808 400 400 668 668 256 256 612 612 668 668 678 678 2272 2272 2968 2968 800 800 2968 2968 704 704 2968 2968 834 834 2968 2968 698 698 2968 2968 1052 1052 2968 2968 724 724 2968 2968 776 776 2968 2968 1150 1150 2968 2968 852 852 2968 2968 1096 1096 2968 2968 2968 2968 446 446 254 254 208 208 598 598 
208 208 262 262 406 406 372 372 714 714 626 626 776 776 500 500 532 532 258 258 732 732 356 356 552 552 276 276 278 278 484 484 856 856 234 234 520 520 664 664 2244 2244 2968 2968 1024 1024 2968 2968 944 944 2968 2968 700 700 2968 2968 1090 1090 2968 2968 974 974 624 624 2968 2968 594 594 2968 2968 798 798 2968 2968 820 820 2968 2968 650 650 2968 2968 762 762 2224 2224 330 330 592 592 254 254 644 644 246 246 208 208 208 208 208 208 246 246 246 246 208 208 
208 208 262 262 424 424 730 730 324 324 598 598 376 376 746 746 496 496 568 568 506 506 708 708 634 634 444 444 606 606 894 894 268 268 410 410 444 444 2160 2160 2968 2968 1134 1134 2968 2968 810 810 2968 2968 788 788 2968 2968 792 792 2968 2968 954 954 2968 2968 762 762 2968 2968 2968 2968 1296 1296 2968 2968 1002 1002 2968 2968 944 944 2968 2968 650 650 2968 2968 882 882 1264 1264 718 718 554 554 254 254 208 208 572 572 
208 208 262 262 664 664 402 402 590 590 736 736 552 552 390 390 426 426 270 270 636 636 368 368 738 738 420 420 724 724 300 300 1024 1024 368 368 228 228 250 250 556 556 250 250 2184 2184 2968 2968 826 826 2968 2968 1130 1130 2968 2968 660 660 2968 2968 922 922 2968 2968 1028 1028 2968 2968 904 904 2968 2968 956 956 2968 2968 1070 1070 2968 2968 1128 1128 2968 2968 708 708 1948 1948 466 466 954 954 246 246 208 208 208 208 246 246 208 208 
208 208 262 262 534 534 742 742 580 580 664 664 312 312 328 328 652 652 300 300 380 380 678 678 500 500 352 352 734 734 686 686 488 488 598 598 1322 1322 614 614 552 552 2018 2018 660 660 2968 2968 984 984 2968 2968 736 736 2968 2968 912 912 2968 2968 1002 1002 2968 2968 1102 1102 2968 2968 662 662 2968 2968 724 724 2968 2968 1002 1002 2968 2968 1058 1058 2968 2968 816 816 2968 2968 716 716 2968 2968 762 762 1830 1830 524 524 458 458 534 534 254 254 208 208 480 480 
208 208 262 262 290 290 506 506 386 386 344 344 746 746 552 552 416 416 366 366 512 512 568 568 658 658 338 338 898 898 290 290 338 338 276 276 412 412 2380 2380 2968 2968 970 970 2968 2968 784 784 2968 2968 1018 1018 2968 2968 2968 2968 1200 1200 2968 2968 900 900 2968 2968 2968 2968 1452 1452 2968 2968 904 904 2968 2968 2514 2514 470 470 298 298 254 254 208 208 434 434 418 418 328 328 384 384 
208 208 246 246 208 208 246 246 208 208 208 208 262 262 340 340 748 748 520 520 518 518 442 442 228 228 496 496 498 498 308 308 294 294 476 476 658 658 534 534 530 530 1092 1092 502 502 258 258 270 270 2008 2008 2968 2968 1156 1156 2968 2968 946 946 2968 2968 1036 1036 2968 2968 2968 2968 1570 1570 2968 2968 446 446 2968 2968 668 668 2968 2968 700 700 2968 2968 710 710 2968 2968 882 882 2968 2968 1060 1060 1556 1556 544 544 576 576 254 254 208 208 632 632 
208 208 262 262 454 454 556 556 232 232 310 310 380 380 318 318 492 492 696 696 298 298 542 542 670 670 716 716 468 468 744 744 342 342 730 730 286 286 284 284 598 598 324 324 2442 2442 2968 2968 814 814 2968 2968 724 724 2968 2968 1092 1092 2968 2968 1026 1026 2968 2968 1134 1134 2968 2968 642 642 2968 2968 792 792 2968 2968 870 870 2968 2968 850 850 2968 2968 958 958 2968 2968 1126 1126 2968 2968 1036 1036 1332 1332 646 646 244 244 254 254 208 208 462 462 
208 208 246 246 208 208 246 246 208 208 208 208 262 262 650 650 488 488 408 408 270 270 630 630 614 614 298 298 590 590 760 760 344 344 308 308 376 376 994 994 284 284 344 344 624 624 556 556 2156 2156 320 320 2968 2968 856 856 2968 2968 1014 1014 2968 2968 1084 1084 2968 2968 2968 2968 1264 1264 2968 2968 1124 1124 2968 2968 802 802 2968 2968 1102 1102 2968 2968 870 870 2968 2968 1154 1154 2968 2968 896 896 2968 2968 922 922 2968 2968 946 946 2118 2118 618 618 452 452 254 254 208 208 626 626 
208 208 262 262 624 624 378 378 442 442 384 384 350 350 590 590 428 428 316 316 352 352 378 378 564 564 328 328 408 408 340 340 1174 1174 398 398 474 474 246 246 2204 2204 2968 2968 1128 1128 2968 2968 918 918 2968 2968 772 772 2968 2968 1072 1072 2968 2968 972 972 2968 2968 504 504 2968 2968 1012 1012 2968 2968 804 804 2968 2968 1050 1050 2968 2968 862 862 2968 2968 1066 1066 1566 1566 652 652 690 690 636 636 254 254 208 208 432 432 
208 208 262 262 424 424 624 624 320 320 720 720 662 662 470 470 328 328 270 270 776 776 520 520 630 630 690 690 514 514 548 548 906 906 420 420 246 246 208 208 208 208 208 208 242 242 460 460 2288 2288 2968 2968 870 870 2968 2968 752 752 2968 2968 772 772 2968 2968 1054 1054 2968 2968 1072 1072 2968 2968 1130 1130 2968 2968 896 896 2968 2968 1046 1046 2968 2968 1012 1012 2072 2072 246 246 586 586 230 230 254 254 208 208 536 536 
208 208 628 628 338 338 310 310 286 286 350 350 590 590 766 766 644 644 644 644 720 720 456 456 450 450 376 376 278 278 1064 1064 338 338 390 390 330 330 278 278 480 480 2156 2156 2968 2968 1140 1140 2968 2968 1108 1108 2968 2968 720 720 2968 2968 1058 1058 2968 2968 934 934 2968 2968 1004 1004 2968 2968 814 814 2968 2968 840 840 2968 2968 744 744 2968 2968 664 664 2968 2968 888 888 1122 1122 274 274 208 208 286 286 
208 208 262 262 660 660 476 476 746 746 300 300 304 304 396 396 428 428 414 414 574 574 526 526 634 634 734 734 442 442 1040 1040 290 290 604 604 298 298 316 316 2410 2410 2968 2968 1104 1104 2968 2968 654 654 2968 2968 968 968 2968 2968 726 726 2968 2968 666 666 2968 2968 980 980 2968 2968 900 900 2968 2968 1090 1090 2968 2968 814 814 2968 2968 842 842 2284 2284 720 720 328 328 208 208 246 246 208 208 
208 208 262 262 596 596 404 404 252 252 748 748 476 476 706 706 630 630 614 614 614 614 310 310 362 362 596 596 276 276 292 292 768 768 670 670 538 538 696 696 296 296 2082 2082 2968 2968 872 872 2968 2968 776 776 2968 2968 1098 1098 2968 2968 648 648 2968 2968 1142 1142 2968 2968 844 844 2968 2968 936 936 2968 2968 826 826 2968 2968 2968 2968 1178 1178 2968 2968 662 662 890 890 476 476 538 538 264 264 254 254 208 208 294 294 
208 208 262 262 360 360 722 722 366 366 326 326 322 322 330 330 452 452 680 680 618 618 516 516 332 332 248 248 1050 1050 502 502 226 226 692 692 2392 2392 2968 2968 726 726 2968 2968 752 752 2968 2968 754 754 2968 2968 890 890 2968 2968 972 972 2968 2968 776 776 2968 2968 1078 1078 2968 2968 1052 1052 2968 2968 1154 1154 2968 2968 2074 2074 722 722 684 684 254 254 208 208 308 308 246 246 208 208 208 208 
208 208 262 262 536 536 372 372 550 550 576 576 710 710 298 298 732 732 680 680 424 424 446 446 684 684 450 450 700 700 726 726 336 336 628 628 524 524 2154 2154 2968 2968 830 830 2968 2968 1120 1120 2968 2968 1150 1150 2968 2968 2968 2968 1566 1566 2968 2968 898 898 2968 2968 988 988 2968 2968 728 728 2968 2968 968 968 2968 2968 1090 1090 2968 2968 922 922 2232 2232 208 208 254 254 
208 208 262 262 448 448 530 530 530 530 262 262 576 576 674 674 692 692 270 270 504 504 488 488 564 564 462 462 332 332 282 282 642 642 1122 1122 428 428 242 242 2186 2186 2968 2968 962 962 2968 2968 832 832 2968 2968 666 666 2968 2968 2968 2968 1194 1194 2968 2968 992 992 2968 2968 1156 1156 2968 2968 1140 1140 2968 2968 896 896 2968 2968 854 854 2910 2910 480 480 254 254 208 208 446 446 2968 2968 2968 2968 2898 2898 2898 2898 704 704 228 228 766 766 592 592 208 208 
246 246 208 208 208 208 208 208 262 262 306 306 686 686 570 570 354 354 426 426 596 596 474 474 508 508 708 708 430 430 474 474 306 306 854 854 660 660 420 420 254 254 2076 2076 338 338 2968 2968 1026 1026 2968 2968 1084 1084 2968 2968 698 698 2968 2968 718 718 2968 2968 716 716 2968 2968 692 692 2968 2968 712 712 2968 2968 812 812 2968 2968 1064 1064 2314 2314 322 322 476 476 
208 208 262 262 700 700 584 584 276 276 778 778 522 522 310 310 620 620 638 638 518 518 572 572 612 612 380 380 528 528 658 658 640 640 996 996 682 682 418 418 276 276 2270 2270 2968 2968 1166 1166 2968 2968 718 718 2968 2968 770 770 2968 2968 1140 1140 2968 2968 690 690 2968 2968 1038 1038 2968 2968 730 730 2968 2968 960 960 2968 2968 666 666 2382 2382 562 562 420 420 536 536 254 254 208 208 566 566 
208 208 246 246 208 208 222 222 208 208 208 208 262 262 250 250 546 546 208 208 660 660 270 270 654 654 770 770 714 714 280 280 330 330 732 732 726 726 462 462 378 378 356 356 1092 1092 462 462 700 700 684 684 588 588 294 294 574 574 2182 2182 2968 2968 848 848 2968 2968 824 824 2968 2968 780 780 2968 2968 2968 2968 1106 1106 2968 2968 882 882 2968 2968 924 924 2968 2968 674 674 2968 2968 870 870 2968 2968 792 792 1688 1688 570 570 626 626 208 208 254 254 
208 208 262 262 616 616 276 276 756 756 626 626 598 598 694 694 596 596 354 354 548 548 546 546 572 572 260 260 726 726 354 354 548 548 510 510 2314 2314 2968 2968 962 962 2968 2968 800 800 2968 2968 654 654 2968 2968 1084 1084 2968 2968 1044 1044 2968 2968 746 746 2968 2968 2968 2968 1400 1400 2968 2968 894 894 2968 2968 2968 2968 444 444 254 254 
208 208 262 262 502 502 712 712 366 366 774 774 600 600 484 484 668 668 602 602 722 722 510 510 622 622 684 684 1106 1106 670 670 390 390 718 718 278 278 660 660 2290 2290 2968 2968 886 886 2968 2968 772 772 2968 2968 1066 1066 2968 2968 1040 1040 2968 2968 920 920 2968 2968 696 696 2968 2968 1086 1086 2968 2968 984 984 2968 2968 1016 1016 2968 2968 730 730 2968 2968 726 726 1446 1446 504 504 1262 1262 2968 2968 2968 2968 2898 2898 736 736 228 228 326 326 208 208 
208 208 262 262 462 462 406 406 662 662 662 662 726 726 686 686 566 566 394 394 744 744 402 402 478 478 484 484 528 528 1096 1096 652 652 638 638 606 606 428 428 478 478 2094 2094 2968 2968 672 672 2968 2968 1022 1022 2968 2968 802 802 2968 2968 684 684 2968 2968 986 986 2968 2968 1110 1110 2968 2968 1060 1060 2968 2968 1102 1102 2968 2968 1008 1008 2968 2968 958 958 2968 2968 908 908 2968 2968 1090 1090 576 576 228 228 254 254 208 208 486 486 
208 208 262 262 484 484 538 538 370 370 454 454 690 690 518 518 578 578 666 666 460 460 588 588 514 514 360 360 330 330 362 362 678 678 732 732 372 372 662 662 366 366 540 540 256 256 2388 2388 2968 2968 1028 1028 2968 2968 866 866 2968 2968 812 812 2968 2968 1064 1064 2968 2968 726 726 2968 2968 974 974 2968 2968 650 650 2968 2968 748 748 2968 2968 850 850 2968 2968 1074 1074 2968 2968 904 904 1536 1536 392 392 604 604 254 254 208 208 262 262 208 208 246 246 208 208 
208 208 262 262 400 400 344 344 238 238 666 666 490 490 266 266 618 618 548 548 360 360 382 382 608 608 600 600 750 750 690 690 806 806 602 602 378 378 460 460 712 712 2194 2194 2968 2968 730 730 2968 2968 980 980 2968 2968 986 986 2968 2968 2968 2968 1358 1358 2968 2968 652 652 2968 2968 1132 1132 2968 2968 826 826 2968 2968 820 820 1798 1798 698 698 320 320 254 254 208 208 344 344 
208 208 262 262 398 398 532 532 654 654 720 720 732 732 334 334 420 420 648 648 546 546 490 490 492 492 564 564 592 592 1026 1026 308 308 594 594 668 668 512 512 2078 2078 2968 2968 964 964 2968 2968 1058 1058 2968 2968 722 722 2968 2968 926 926 2968 2968 1130 1130 2968 2968 1094 1094 2968 2968 898 898 2968 2968 848 848 2968 2968 952 952 2968 2968 1056 1056 2968 2968 928 928 2110 2110 928 928 242 242 246 246 208 208 208 208 
208 208 262 262 568 568 686 686 280 280 452 452 688 688 686 686 570 570 684 684 662 662 660 660 566 566 504 504 494 494 756 756 596 596 576 576 380 380 606 606 2144 2144 2968 2968 660 660 2968 2968 852 852 2968 2968 1148 1148 2968 2968 896 896 2968 2968 762 762 2968 2968 748 748 2968 2968 2968 2968 1108 1108 2968 2968 766 766 2438 2438 730 730 254 254 208 208 288 288 
208 208 262 262 276 276 470 470 504 504 400 400 374 374 704 704 304 304 392 392 730 730 558 558 638 638 358 358 550 550 1136 1136 528 528 636 636 710 710 464 464 2096 2096 2968 2968 894 894 2968 2968 732 732 2968 2968 652 652 2968 2968 680 680 2968 2968 782 782 2968 2968 760 760 2968 2968 998 998 2968 2968 838 838 2968 2968 688 688 2968 2968 2738 2738 254 254 208 208 498 498 
246 246 208 208 208 208 208 208 262 262 534 534 694 694 694 694 308 308 384 384 688 688 462 462 244 244 590 590 408 408 352 352 542 542 632 632 1090 1090 332 332 306 306 546 546 2084 2084 2968 2968 748 748 2968 2968 984 984 2968 2968 1090 1090 2968 2968 946 946 2968 2968 784 784 2968 2968 1076 1076 2968 2968 2968 2968 1452 1452 2968 2968 1156 1156 2968 2968 754 754 2968 2968 654 654 1922 1922 254 254 208 208 546 546 
208 208 262 262 606 606 398 398 420 420 254 254 594 594 490 490 720 720 376 376 422 422 588 588 474 474 738 738 288 288 270 270 746 746 380 380 872 872 486 486 384 384 538 538 328 328 2360 2360 2968 2968 706 706 2968 2968 1088 1088 2968 2968 918 918 2968 2968 680 680 2968 2968 1004 1004 2968 2968 864 864 2968 2968 936 936 2968 2968 1056 1056 2968 2968 712 712 2968 2968 1008 1008 2968 2968 736 736 1294 1294 510 510 622 622 464 464 338 338 254 254 208 208 250 250 
208 208 262 262 302 302 474 474 274 274 754 754 482 482 522 522 336 336 662 662 440 440 742 742 396 396 726 726 208 208 246 246 208 208 986 986 700 700 208 208 208 208 548 548 684 684 588 588 2308 2308 2968 2968 660 660 2968 2968 676 676 2968 2968 1136 1136 2968 2968 748 748 2968 2968 956 956 2968 2968 694 694 2968 2968 1040 1040 2968 2968 908 908 2968 2968 904 904 2968 2968 860 860 1426 1426 254 254 208 208 562 562 
208 208 262 262 402 402 460 460 332 332 704 704 734 734 292 292 410 410 698 698 594 594 304 304 312 312 742 742 552 552 576 576 278 278 884 884 400 400 626 626 278 278 2292 2292 2968 2968 1028 1028 2968 2968 780 780 2968 2968 1034 1034 2968 2968 1042 1042 2968 2968 1150 1150 2968 2968 940 940 2968 2968 774 774 2968 2968 660 660 2968 2968 760 760 2968 2968 982 982 2216 2216 638 638 582 582 454 454 676 676 254 254 208 208 580 580 
208 208 262 262 326 326 534 534 248 248 486 486 480 480 726 726 680 680 514 514 680 680 570 570 762 762 466 466 246 246 478 478 740 740 732 732 516 516 322 322 292 292 1988 1988 2968 2968 736 736 2968 2968 800 800 2968 2968 1128 1128 2968 2968 900 900 2968 2968 1040 1040 2968 2968 944 944 2968 2968 1046 1046 2968 2968 922 922 2968 2968 1118 1118 2572 2572 282 282 622 622 340 340 254 254 208 208 506 506 208 208 246 246 208 208 
208 208 262 262 342 342 692 692 522 522 650 650 776 776 328 328 538 538 678 678 524 524 502 502 362 362 606 606 452 452 756 756 256 256 1012 1012 346 346 674 674 646 646 2426 2426 2968 2968 812 812 2968 2968 932 932 2968 2968 956 956 2968 2968 1154 1154 2968 2968 1038 1038 2968 2968 2968 2968 760 760 726 726 2968 2968 866 866 2968 2968 760 760 2968 2968 826 826 2968 2968 906 906 2968 2968 2968 2968 350 350 372 372 254 254 254 254 208 208 716 716 
208 208 262 262 472 472 666 666 462 462 428 428 294 294 450 450 616 616 704 704 534 534 318 318 708 708 546 546 490 490 740 740 494 494 682 682 670 670 552 552 2180 2180 2968 2968 1044 1044 2968 2968 698 698 2968 2968 736 736 2968 2968 1074 1074 2968 2968 1092 1092 2968 2968 984 984 2968 2968 818 818 2968 2968 942 942 2968 2968 838 838 2968 2968 1136 1136 2968 2968 832 832 2100 2100 456 456 610 610 254 254 208 208 514 514 246 246 208 208 208 208 
208 208 262 262 524 524 626 626 662 662 276 276 430 430 476 476 332 332 502 502 400 400 716 716 692 692 398 398 718 718 696 696 382 382 612 612 784 784 358 358 706 706 328 328 2202 2202 2968 2968 808 808 2968 2968 1070 1070 2968 2968 1074 1074 2968 2968 830 830 2968 2968 770 770 2968 2968 800 800 2968 2968 2968 2968 1458 1458 2968 2968 812 812 2968 2968 718 718 2968 2968 924 924 2968 2968 978 978 1766 1766 590 590 432 432 282 282 426 426 748 748 
208 208 262 262 352 352 532 532 310 310 674 674 598 598 456 456 668 668 540 540 610 610 728 728 272 272 776 776 476 476 388 388 272 272 660 660 854 854 418 418 348 348 2284 2284 2968 2968 890 890 2968 2968 688 688 2968 2968 694 694 2968 2968 768 768 2968 2968 1150 1150 2968 2968 812 812 2968 2968 726 726 2968 2968 912 912 2968 2968 1024 1024 2968 2968 1016 1016 2968 2968 896 896 2968 2968 2434 2434 328 328 558 558 702 702 254 254 254 254 208 208 584 584 
246 246 208 208 208 208 208 208 262 262 642 642 518 518 698 698 738 738 682 682 512 512 408 408 754 754 650 650 542 542 754 754 1076 1076 630 630 582 582 688 688 448 448 2370 2370 2968 2968 698 698 2968 2968 880 880 2968 2968 1128 1128 2968 2968 1054 1054 2968 2968 672 672 2968 2968 932 932 2968 2968 944 944 2968 2968 688 688 2968 2968 1050 1050 2968 2968 988 988 2968 2968 1058 1058 2968 2968 888 888 2968 2968 1058 1058 
208 208 628 628 468 468 734 734 764 764 572 572 308 308 622 622 578 578 596 596 458 458 498 498 356 356 362 362 534 534 576 576 740 740 266 266 714 714 282 282 2358 2358 2968 2968 732 732 2968 2968 698 698 2968 2968 732 732 2968 2968 2968 2968 1144 1144 2968 2968 1012 1012 2968 2968 1008 1008 2968 2968 660 660 2968 2968 888 888 2968 2968 2084 2084 730 730 354 354 208 208 274 274 
246 246 208 208 208 208 208 208 262 262 480 480 530 530 694 694 508 508 492 492 482 482 716 716 344 344 744 744 518 518 496 496 664 664 268 268 1072 1072 660 660 704 704 466 466 1990 1990 2968 2968 810 810 2968 2968 866 866 2968 2968 926 926 2968 2968 2968 2968 1318 1318 2968 2968 932 932 2968 2968 944 944 2968 2968 902 902 2968 2968 1082 1082 2968 2968 676 676 2968 2968 1148 1148 2968 2968 864 864 2968 2968 766 766 884 884 314 314 306 306 254 254 208 208 606 606 
208 208 262 262 288 288 598 598 414 414 380 380 692 692 518 518 528 528 752 752 424 424 670 670 580 580 520 520 648 648 736 736 954 954 596 596 472 472 724 724 642 642 232 232 1936 1936 2968 2968 1104 1104 2968 2968 914 914 2968 2968 1036 1036 2968 2968 732 732 2968 2968 684 684 2968 2968 1022 1022 2968 2968 850 850 2968 2968 1096 1096 2968 2968 1122 1122 2968 2968 1036 1036 2968 2968 1004 1004 2060 2060 382 382 254 254 208 208 502 502 
208 208 262 262 520 520 616 616 386 386 776 776 314 314 332 332 260 260 446 446 400 400 722 722 660 660 444 444 506 506 446 446 802 802 550 550 648 648 442 442 246 246 208 208 208 208 494 494 2108 2108 2968 2968 2968 2968 734 734 702 702 2968 2968 796 796 2968 2968 1136 1136 2968 2968 1052 1052 2968 2968 2968 2968 952 952 2968 2968 1376 1376 2968 2968 2968 2968 706 706 1042 1042 2968 2968 2968 2968 1034 1034 2656 2656 854 854 516 516 
208 208 262 262 598 598 668 668 560 560 314 314 680 680 578 578 564 564 402 402 596 596 702 702 386 386 318 318 266 266 1354 1354 588 588 336 336 1952 1952 2968 2968 736 736 2968 2968 974 974 2968 2968 756 756 2968 2968 2968 2968 1326 1326 2968 2968 862 862 2968 2968 900 900 596 596 2968 2968 872 872 2968 2968 2968 2968 1348 1348 2968 2968 702 702 2968 2968 302 302 694 694 254 254 208 208 634 634 
208 208 262 262 564 564 702 702 584 584 298 298 476 476 520 520 604 604 256 256 674 674 752 752 270 270 578 578 736 736 742 742 818 818 432 432 656 656 432 432 578 578 2148 2148 2968 2968 1098 1098 2968 2968 758 758 2968 2968 956 956 2968 2968 1148 1148 2968 2968 732 732 2968 2968 716 716 2968 2968 778 778 2968 2968 1138 1138 2968 2968 874 874 2968 2968 1030 1030 2968 2968 1146 1146 2968 2968 1720 1720 640 640 550 550 684 684 246 246 208 208 208 208 
208 208 262 262 440 440 322 322 634 634 706 706 502 502 342 342 576 576 634 634 276 276 756 756 660 660 650 650 650 650 418 418 682 682 738 738 696 696 448 448 706 706 688 688 2154 2154 462 462 2968 2968 846 846 2968 2968 998 998 2968 2968 832 832 2968 2968 2968 2968 1328 1328 2968 2968 648 648 2968 2968 324 324 2968 2968 770 770 2968 2968 1024 1024 2968 2968 822 822 2968 2968 1096 1096 2968 2968 2968 2968 1486 1486 2968 2968 250 250 
208 208 262 262 370 370 348 348 332 332 690 690 540 540 484 484 684 684 720 720 568 568 238 238 514 514 632 632 238 238 624 624 506 506 914 914 488 488 374 374 398 398 2114 2114 2968 2968 1044 1044 2968 2968 662 662 2968 2968 664 664 2968 2968 860 860 2968 2968 1098 1098 2968 2968 704 704 2968 2968 902 902 2968 2968 710 710 2968 2968 1086 1086 2968 2968 806 806 2968 2968 1046 1046 2968 2968 2968 2968 1522 1522 570 570 390 390 618 618 254 254 208 208 396 396 246 246 208 208 208 208 
208 208 262 262 362 362 332 332 342 342 694 694 360 360 282 282 648 648 434 434 554 554 776 776 486 486 428 428 618 618 340 340 240 240 1112 1112 450 450 680 680 360 360 610 610 2174 2174 2968 2968 1124 1124 2968 2968 1152 1152 2968 2968 912 912 2968 2968 792 792 2968 2968 1124 1124 2968 2968 658 658 2968 2968 372 372 2968 2968 954 954 2968 2968 994 994 2968 2968 948 948 2968 2968 812 812 2968 2968 782 782 2796 2796 520 520 264 264 490 490 386 386 518 518 254 254 208 208 346 346 
208 208 262 262 300 300 594 594 654 654 610 610 728 728 632 632 466 466 246 246 578 578 560 560 276 276 400 400 632 632 644 644 528 528 1106 1106 378 378 272 272 478 478 566 566 2340 2340 2968 2968 1124 1124 2968 2968 814 814 2968 2968 1108 1108 2968 2968 2968 2968 1484 1484 2968 2968 794 794 2968 2968 1106 1106 2968 2968 656 656 2968 2968 942 942 2968 2968 708 708 2968 2968 1080 1080 1368 1368 240 240 632 632 278 278 254 254 208 208 298 298 
208 208 246 246 208 208 208 208 262 262 682 682 646 646 552 552 354 354 696 696 396 396 400 400 622 622 276 276 542 542 518 518 680 680 552 552 1044 1044 650 650 416 416 682 682 602 602 2372 2372 636 636 2968 2968 772 772 2968 2968 674 674 2968 2968 1074 1074 2968 2968 1014 1014 2968 2968 1082 1082 2968 2968 1146 1146 2968 2968 446 446 2968 2968 1134 1134 2968 2968 2968 2968 1510 1510 2968 2968 1020 1020 2968 2968 2968 2968 1370 1370 1680 1680 506 506 208 208 254 254 
208 208 262 262 522 522 696 696 726 726 240 240 786 786 506 506 386 386 722 722 428 428 700 700 322 322 288 288 394 394 1346 1346 458 458 584 584 536 536 244 244 2416 2416 2968 2968 704 704 2968 2968 916 916 2968 2968 752 752 2968 2968 1148 1148 2968 2968 752 752 2968 2968 1120 1120 2968 2968 654 654 2968 2968 1078 1078 2968 2968 880 880 2968 2968 1016 1016 2968 2968 1158 1158 2968 2968 880 880 2968 2968 884 884 2968 2968 566 566 736 736 516 516 490 490 254 254 208 208 476 476 
208 208 262 262 612 612 702 702 490 490 674 674 298 298 532 532 498 498 342 342 740 740 740 740 590 590 514 514 476 476 408 408 390 390 246 246 208 208 208 208 208 208 404 404 386 386 446 446 950 950 246 246 568 568 496 496 246 246 290 290 2368 2368 2968 2968 704 704 2968 2968 1068 1068 2968 2968 818 818 2968 2968 1012 1012 2968 2968 772 772 578 578 2968 2968 858 858 2968 2968 632 632 2968 2968 1054 1054 2968 2968 698 698 2968 2968 736 736 2968 2968 882 882 2968 2968 2968 2968 1282 1282 2152 2152 334 334 304 304 490 490 254 254 208 208 712 712 
208 208 262 262 562 562 538 538 284 284 550 550 684 684 648 648 730 730 276 276 526 526 722 722 656 656 756 756 528 528 772 772 734 734 716 716 566 566 546 546 278 278 480 480 2304 2304 2968 2968 1028 1028 2968 2968 724 724 2968 2968 980 980 2968 2968 654 654 2968 2968 836 836 2968 2968 964 964 2968 2968 796 796 2968 2968 784 784 2968 2968 1006 1006 2968 2968 1090 1090 2968 2968 680 680 2968 2968 828 828 2902 2902 314 314 374 374 294 294 254 254 208 208 658 658 
208 208 262 262 338 338 646 646 422 422 388 388 452 452 646 646 280 280 344 344 566 566 486 486 264 264 446 446 412 412 950 950 386 386 412 412 740 740 1936 1936 2968 2968 932 932 2968 2968 906 906 2968 2968 842 842 2968 2968 2968 2968 1438 1438 2968 2968 698 698 2968 2968 878 878 2968 2968 1072 1072 2968 2968 2968 2968 1240 1240 2968 2968 702 702 2324 2324 254 254 208 208 264 264 208 208 246 246 208 208 
208 208 262 262 720 720 378 378 400 400 676 676 380 380 308 308 348 348 706 706 768 768 686 686 472 472 278 278 348 348 608 608 720 720 600 600 280 280 568 568 2086 2086 2968 2968 992 992 2968 2968 780 780 2968 2968 824 824 2968 2968 2968 2968 1226 1226 2968 2968 1078 1078 2968 2968 744 744 2968 2968 1126 1126 2968 2968 1036 1036 2968 2968 998 998 2968 2968 770 770 2968 2968 2968 2968 238 238 286 286 588 588 604 604 458 458 382 382 254 254 208 208 622 622 
208 208 262 262 488 488 504 504 696 696 310 310 512 512 524 524 714 714 246 246 686 686 350 350 374 374 292 292 300 300 610 610 894 894 600 600 304 304 270 270 274 274 264 264 2228 2228 2968 2968 666 666 2968 2968 702 702 2968 2968 690 690 2968 2968 1046 1046 2968 2968 1056 1056 2968 2968 846 846 2968 2968 444 444 2968 2968 1072 1072 2968 2968 860 860 2968 2968 870 870 2968 2968 850 850 2968 2968 2968 2968 1268 1268 2310 2310 362 362 254 254 208 208 282 282 246 246 208 208 208 208 
208 208 262 262 698 698 420 420 702 702 748 748 726 726 584 584 420 420 296 296 568 568 648 648 370 370 412 412 388 388 996 996 506 506 714 714 660 660 2436 2436 630 630 2968 2968 850 850 2968 2968 850 850 2968 2968 1032 1032 2968 2968 958 958 2968 2968 708 708 2968 2968 732 732 2968 2968 882 882 2968 2968 694 694 2968 2968 1042 1042 2968 2968 1116 1116 2968 2968 1148 1148 2968 2968 2968 2968 926 926 572 572 374 374 254 254 208 208 630 630 
208 208 262 262 638 638 602 602 362 362 690 690 756 756 518 518 522 522 422 422 278 278 324 324 716 716 380 380 376 376 678 678 896 896 682 682 504 504 416 416 2036 2036 2968 2968 1090 1090 2968 2968 728 728 2968 2968 880 880 2968 2968 824 824 2968 2968 1002 1002 2968 2968 1028 1028 2968 2968 452 452 2968 2968 746 746 2968 2968 816 816 2968 2968 964 964 2968 2968 760 760 2968 2968 716 716 2968 2968 1072 1072 2968 2968 576 576 1630 1630 710 710 
246 246 208 208 208 208 208 208 262 262 390 390 242 242 370 370 566 566 306 306 300 300 776 776 526 526 420 420 640 640 306 306 620 620 582 582 560 560 1130 1130 382 382 588 588 592 592 2350 2350 2968 2968 924 924 2968 2968 930 930 2968 2968 1038 1038 2968 2968 1090 1090 2968 2968 832 832 2968 2968 898 898 2968 2968 754 754 2968 2968 1156 1156 2968 2968 984 984 2968 2968 782 782 2968 2968 806 806 2968 2968 2968 2968 1960 1960 1092 1092 
208 208 262 262 740 740 608 608 492 492 544 544 412 412 482 482 406 406 250 250 364 364 574 574 446 446 696 696 696 696 446 446 430 430 354 354 1200 1200 502 502 292 292 620 620 2206 2206 2968 2968 802 802 2968 2968 930 930 2968 2968 712 712 2968 2968 654 654 2968 2968 1000 1000 2968 2968 592 592 2968 2968 698 698 2968 2968 1152 1152 2968 2968 746 746 2968 2968 918 918 2968 2968 716 716 2968 2968 1144 1144 2968 2968 544 544 330 330 208 208 254 254 
246 246 208 208 208 208 208 208 262 262 434 434 456 456 670 670 530 530 424 424 674 674 714 714 662 662 518 518 736 736 536 536 588 588 364 364 486 486 746 746 652 652 1274 1274 390 390 614 614 2188 2188 2968 2968 1116 1116 2968 2968 1068 1068 2968 2968 964 964 2968 2968 810 810 2968 2968 804 804 2968 2968 938 938 2968 2968 516 516 2968 2968 688 688 2968 2968 2968 2968 1538 1538 2968 2968 1106 1106 2968 2968 1076 1076 1622 1622 722 722 452 452 242 242 298 298 242 242 254 254 208 208 244 244 
208 208 262 262 292 292 336 336 502 502 494 494 536 536 444 444 498 498 698 698 560 560 530 530 280 280 462 462 660 660 278 278 394 394 912 912 670 670 688 688 426 426 398 398 2158 2158 2968 2968 766 766 2968 2968 890 890 2968 2968 702 702 2968 2968 674 674 2968 2968 1016 1016 2968 2968 806 806 2968 2968 488 488 2968 2968 680 680 2968 2968 2968 2968 1120 1120 2968 2968 808 808 2968 2968 814 814 2968 2968 950 950 2968 2968 864 864 490 490 676 676 528 528 342 342 554 554 254 254 208 208 236 236 
208 208 262 262 296 296 344 344 768 768 644 644 520 520 662 662 576 576 710 710 468 468 298 298 606 606 702 702 364 364 706 706 694 694 370 370 242 242 1940 1940 2968 2968 888 888 2968 2968 952 952 2968 2968 1070 1070 2968 2968 2968 2968 1410 1410 2968 2968 860 860 2968 2968 698 698 2968 2968 1058 1058 2968 2968 730 730 2968 2968 828 828 2968 2968 684 684 2968 2968 1140 1140 1312 1312 286 286 254 254 208 208 236 236 246 246 208 208 208 208 
208 208 262 262 414 414 570 570 684 684 758 758 272 272 638 638 274 274 712 712 546 546 428 428 566 566 288 288 488 488 312 312 238 238 804 804 690 690 596 596 728 728 402 402 2188 2188 2968 2968 806 806 2968 2968 752 752 2968 2968 900 900 2968 2968 790 790 2968 2968 1146 1146 2968 2968 682 682 2968 2968 738 738 2968 2968 894 894 2968 2968 854 854 2968 2968 842 842 2968 2968 868 868 2242 2242 724 724 682 682 446 446 684 684 254 254 208 208 586 586 
208 208 262 262 278 278 620 620 612 612 672 672 598 598 488 488 382 382 720 720 738 738 520 520 522 522 434 434 1036 1036 306 306 686 686 250 250 666 666 2034 2034 2968 2968 1142 1142 2968 2968 852 852 2968 2968 1106 1106 2968 2968 884 884 2968 2968 922 922 2968 2968 842 842 2968 2968 700 700 2968 2968 1060 1060 2968 2968 918 918 2968 2968 1114 1114 2968 2968 946 946 2968 2968 658 658 1528 1528 240 240 618 618 254 254 208 208 462 462 246 246 208 208 208 208 
208 208 262 262 320 320 330 330 652 652 602 602 718 718 288 288 300 300 746 746 360 360 440 440 652 652 494 494 546 546 546 546 498 498 686 686 988 988 476 476 726 726 458 458 2068 2068 2968 2968 956 956 2968 2968 956 956 2968 2968 1088 1088 2968 2968 2968 2968 1306 1306 2968 2968 756 756 2968 2968 1096 1096 2968 2968 1076 1076 2968 2968 1118 1118 2968 2968 796 796 2968 2968 1126 1126 2968 2968 748 748 1508 1508 264 264 254 254 208 208 610 610 
208 208 628 628 592 592 362 362 378 378 718 718 554 554 670 670 606 606 372 372 314 314 372 372 462 462 542 542 340 340 560 560 702 702 332 332 526 526 592 592 1982 1982 2968 2968 836 836 2968 2968 932 932 2968 2968 904 904 2968 2968 948 948 2968 2968 780 780 2968 2968 840 840 2968 2968 540 540 2968 2968 1068 1068 2968 2968 2968 2968 1136 1136 2968 2968 722 722 2968 2968 1148 1148 2968 2968 904 904 2968 2968 894 894 752 752 454 454 296 296 598 598 274 274 208 208 654 654 246 246 208 208 208 208 
208 208 262 262 328 328 456 456 714 714 718 718 702 702 528 528 274 274 608 608 472 472 384 384 634 634 766 766 506 506 292 292 260 260 720 720 320 320 718 718 400 400 478 478 2232 2232 2968 2968 846 846 2968 2968 768 768 2968 2968 670 670 2968 2968 818 818 2968 2968 902 902 498 498 2968 2968 652 652 2968 2968 424 424 2968 2968 744 744 2968 2968 1074 1074 2968 2968 982 982 2968 2968 976 976 2968 2968 746 746 2742 2742 558 558 664 664 404 404 300 300 482 482 254 254 208 208 696 696 
208 208 262 262 694 694 678 678 572 572 626 626 258 258 286 286 542 542 370 370 676 676 366 366 722 722 766 766 586 586 486 486 294 294 700 700 378 378 2442 2442 2968 2968 1136 1136 2968 2968 996 996 2968 2968 684 684 2968 2968 2968 2968 1446 1446 2968 2968 872 872 2968 2968 348 348 2968 2968 892 892 2968 2968 872 872 2968 2968 674 674 2968 2968 1002 1002 2968 2968 2968 2968 1258 1258 2968 2968 774 774 374 374 460 460 382 382 
246 246 208 208 208 208 208 208 262 262 716 716 706 706 366 366 554 554 300 300 548 548 282 282 352 352 650 650 710 710 750 750 654 654 562 562 1062 1062 342 342 234 234 388 388 2202 2202 2968 2968 732 732 2968 2968 814 814 2968 2968 920 920 2968 2968 742 742 2968 2968 658 658 2968 2968 654 654 2968 2968 856 856 2968 2968 1136 1136 2968 2968 702 702 2968 2968 660 660 2968 2968 980 980 2968 2968 2576 2576 532 532 650 650 254 254 208 208 622 622 
208 208 262 262 486 486 352 352 694 694 548 548 614 614 608 608 392 392 592 592 732 732 454 454 722 722 446 446 452 452 670 670 608 608 812 812 238 238 350 350 244 244 276 276 2126 2126 2968 2968 1032 1032 2968 2968 1106 1106 2968 2968 1088 1088 2968 2968 1132 1132 2968 2968 860 860 2968 2968 1078 1078 2968 2968 500 500 2968 2968 834 834 2968 2968 812 812 2968 2968 806 806 2968 2968 1032 1032 2968 2968 676 676 2968 2968 772 772 2968 2968 512 512 390 390 484 484 254 254 208 208 292 292 
208 208 262 262 338 338 502 502 358 358 538 538 370 370 292 292 286 286 272 272 602 602 246 246 208 208 208 208 314 314 616 616 208 208 558 558 1074 1074 560 560 260 260 706 706 484 484 2176 2176 2968 2968 962 962 2968 2968 782 782 2968 2968 900 900 2968 2968 772 772 2968 2968 988 988 2968 2968 998 998 2968 2968 820 820 2968 2968 1132 1132 2968 2968 1026 1026 2968 2968 708 708 2968 2968 1088 1088 2968 2968 2968 2968 1830 1830 1764 1764 380 380 538 538 254 254 208 208 414 414 
208 208 262 262 356 356 314 314 336 336 714 714 306 306 626 626 636 636 300 300 412 412 340 340 728 728 344 344 388 388 1002 1002 312 312 644 644 346 346 638 638 2054 2054 2968 2968 718 718 2968 2968 888 888 2968 2968 656 656 2968 2968 972 972 2968 2968 780 780 2968 2968 534 534 2968 2968 800 800 2968 2968 898 898 2968 2968 832 832 2968 2968 790 790 2968 2968 898 898 1284 1284 508 508 334 334 254 254 208 208 574 574 
208 208 262 262 526 526 710 710 718 718 544 544 438 438 604 604 248 248 708 708 708 708 320 320 506 506 476 476 306 306 672 672 974 974 298 298 638 638 366 366 732 732 444 444 410 410 2256 2256 2968 2968 696 696 2968 2968 746 746 2968 2968 1134 1134 2968 2968 2968 2968 1252 1252 2968 2968 806 806 2968 2968 1058 1058 2968 2968 730 730 2968 2968 950 950 2968 2968 1068 1068 2968 2968 932 932 2968 2968 1036 1036 1316 1316 490 490 254 254 208 208 306 306 208 208 246 246 208 208 208 208 
208 208 262 262 342 342 708 708 344 344 406 406 540 540 704 704 714 714 290 290 666 666 504 504 498 498 482 482 518 518 906 906 416 416 698 698 248 248 2028 2028 2968 2968 732 732 2968 2968 844 844 2968 2968 730 730 2968 2968 2968 2968 1304 1304 2968 2968 550 550 2968 2968 840 840 2968 2968 864 864 2968 2968 968 968 2968 2968 990 990 2968 2968 698 698 2294 2294 356 356 714 714 254 254 208 208 580 580 
208 208 262 262 292 292 434 434 328 328 698 698 428 428 752 752 458 458 660 660 300 300 354 354 438 438 752 752 740 740 516 516 624 624 966 966 618 618 280 280 704 704 510 510 2132 2132 2968 2968 1038 1038 2968 2968 912 912 2968 2968 1156 1156 2968 2968 1112 1112 2968 2968 780 780 2968 2968 836 836 2968 2968 984 984 2968 2968 904 904 2968 2968 1130 1130 2968 2968 1088 1088 2968 2968 1110 1110 2968 2968 2968 2968 1124 1124 414 414 254 254 208 208 710 710 246 246 208 208 208 208 
208 208 262 262 418 418 422 422 524 524 590 590 656 656 344 344 382 382 440 440 648 648 382 382 296 296 534 534 386 386 432 432 1184 1184 392 392 618 618 234 234 2208 2208 2968 2968 1072 1072 2968 2968 1124 1124 2968 2968 1134 1134 2968 2968 2968 2968 1568 1568 2968 2968 704 704 2968 2968 416 416 2968 2968 1130 1130 2968 2968 650 650 2968 2968 1146 1146 2968 2968 660 660 2968 2968 782 782 2968 2968 842 842 2968 2968 500 500 1318 1318 316 316 472 472 254 254 208 208 342 342 
208 208 262 262 388 388 572 572 612 612 312 312 482 482 312 312 402 402 564 564 550 550 542 542 562 562 536 536 470 470 410 410 744 744 546 546 474 474 634 634 512 512 2122 2122 410 410 2968 2968 770 770 2968 2968 876 876 2968 2968 1084 1084 2968 2968 2968 2968 1516 1516 2968 2968 802 802 2968 2968 1068 1068 2968 2968 802 802 2968 2968 822 822 2968 2968 964 964 2968 2968 724 724 2968 2968 1088 1088 2512 2512 274 274 484 484 446 446 274 274 276 276 1566 1566 
208 208 246 246 208 208 208 208 262 262 702 702 704 704 332 332 516 516 612 612 550 550 680 680 508 508 518 518 688 688 396 396 630 630 412 412 442 442 442 442 1154 1154 472 472 592 592 592 592 662 662 2412 2412 586 586 2968 2968 782 782 2968 2968 750 750 2968 2968 888 888 2968 2968 780 780 2968 2968 1130 1130 2968 2968 918 918 2968 2968 1098 1098 2968 2968 894 894 2968 2968 952 952 2968 2968 832 832 2968 2968 930 930 2968 2968 1004 1004 720 720 320 320 320 320 386 386 476 476 254 254 208 208 538 538 
208 208 262 262 288 288 494 494 404 404 408 408 462 462 372 372 510 510 284 284 634 634 762 762 548 548 636 636 596 596 1162 1162 284 284 606 606 372 372 2054 2054 2968 2968 740 740 2968 2968 852 852 2968 2968 996 996 2968 2968 2968 2968 1560 1560 2968 2968 816 816 2968 2968 760 760 2968 2968 880 880 2968 2968 820 820 2968 2968 676 676 2968 2968 940 940 2968 2968 706 706 2544 2544 422 422 254 254 208 208 374 374 
246 246 208 208 208 208 208 208 262 262 368 368 548 548 574 574 712 712 770 770 710 710 534 534 380 380 304 304 684 684 698 698 338 338 942 942 750 750 252 252 736 736 570 570 2050 2050 2968 2968 938 938 2968 2968 1030 1030 2968 2968 1088 1088 2968 2968 2968 2968 1494 1494 2968 2968 540 540 2968 2968 756 756 2968 2968 1124 1124 2968 2968 2968 2968 772 772 924 924 2968 2968 856 856 2968 2968 1122 1122 514 514 632 632 254 254 208 208 220 220 
208 208 262 262 576 576 470 470 400 400 778 778 576 576 394 394 544 544 268 268 402 402 774 774 316 316 1016 1016 696 696 232 232 260 260 632 632 420 420 2382 2382 2968 2968 872 872 2968 2968 1078 1078 2968 2968 680 680 2968 2968 928 928 2968 2968 890 890 2968 2968 928 928 2968 2968 1102 1102 2968 2968 722 722 2968 2968 996 996 2968 2968 1136 1136 2968 2968 1044 1044 1658 1658 448 448 254 254 538 538 
208 208 262 262 270 270 474 474 536 536 524 524 666 666 320 320 516 516 384 384 572 572 404 404 662 662 702 702 412 412 1108 1108 252 252 246 246 208 208 208 208 430 430 726 726 2346 2346 2968 2968 1170 1170 2968 2968 940 940 2968 2968 726 726 2968 2968 820 820 2968 2968 898 898 2968 2968 690 690 2968 2968 778 778 2968 2968 928 928 2968 2968 862 862 2968 2968 822 822 2968 2968 998 998 2968 2968 864 864 2968 2968 606 606 642 642 276 276 410 410 254 254 208 208 394 394 
208 208 262 262 238 238 348 348 410 410 330 330 428 428 606 606 476 476 460 460 438 438 382 382 280 280 542 542 1134 1134 650 650 614 614 434 434 2336 2336 2968 2968 784 784 2968 2968 862 862 2968 2968 700 700 2968 2968 864 864 2968 2968 988 988 2968 2968 954 954 2968 2968 848 848 2968 2968 1134 1134 2968 2968 814 814 2968 2968 1056 1056 320 320 2968 2968 648 648 2968 2968 814 814 2968 2968 1046 1046 1494 1494 258 258 432 432 254 254 208 208 282 282 282 282 
436 436 228 228 228 228 766 766 592 592 208 208 208 208 262 262 724 724 526 526 406 406 658 658 738 738 694 694 348 348 514 514 372 372 270 270 706 706 262 262 284 284 1126 1126 428 428 690 690 662 662 298 298 1978 1978 2968 2968 1008 1008 2968 2968 750 750 2968 2968 910 910 2968 2968 696 696 2968 2968 970 970 2968 2968 762 762 2968 2968 866 866 2968 2968 672 672 2968 2968 1146 1146 2968 2968 934 934 2968 2968 682 682 2968 2968 446 446 968 968 396 396 254 254 208 208 694 694 246 246 208 208 208 208 
208 208 262 262 392 392 584 584 502 502 502 502 268 268 702 702 586 586 280 280 746 746 740 740 618 618 594 594 472 472 416 416 566 566 700 700 508 508 722 722 330 330 320 320 1108 1108 562 562 556 556 586 586 2414 2414 2968 2968 1126 1126 2968 2968 1096 1096 2968 2968 802 802 2968 2968 1014 1014 2968 2968 816 816 2968 2968 888 888 2968 2968 774 774 2968 2968 980 980 2968 2968 812 812 2968 2968 738 738 2968 2968 790 790 2968 2968 1688 1688 744 744 226 226 292 292 624 624 446 446 428 428 734 734 
208 208 262 262 334 334 594 594 316 316 684 684 766 766 362 362 724 724 434 434 646 646 724 724 634 634 322 322 518 518 536 536 968 968 346 346 414 414 666 666 2144 2144 2968 2968 1154 1154 2968 2968 1134 1134 2968 2968 674 674 2968 2968 2968 2968 1304 1304 2968 2968 688 688 2968 2968 1014 1014 2968 2968 686 686 2968 2968 1056 1056 2968 2968 716 716 2968 2968 1116 1116 1506 1506 406 406 354 354 254 254 208 208 464 464 246 246 208 208 208 208 
208 208 262 262 320 320 246 246 460 460 652 652 318 318 764 764 392 392 342 342 566 566 766 766 526 526 412 412 430 430 964 964 398 398 450 450 290 290 2014 2014 2968 2968 864 864 2968 2968 824 824 2968 2968 812 812 2968 2968 1142 1142 2968 2968 908 908 2968 2968 1070 1070 2968 2968 682 682 2968 2968 944 944 2968 2968 970 970 2968 2968 672 672 2968 2968 854 854 2968 2968 2784 2784 512 512 1010 1010 
208 208 262 262 620 620 674 674 370 370 316 316 444 444 322 322 452 452 640 640 326 326 676 676 446 446 322 322 660 660 1332 1332 388 388 682 682 2312 2312 498 498 2968 2968 982 982 2968 2968 998 998 2968 2968 782 782 2968 2968 966 966 2968 2968 706 706 2968 2968 970 970 2968 2968 896 896 2968 2968 854 854 2968 2968 796 796 2968 2968 936 936 2968 2968 834 834 762 762 446 446 698 698 254 254 208 208 576 576 
246 246 208 208 208 208 208 208 262 262 686 686 478 478 288 288 268 268 424 424 266 266 564 564 626 626 706 706 488 488 588 588 510 510 346 346 1110 1110 548 548 660 660 2054 2054 2968 2968 714 714 2968 2968 862 862 2968 2968 1142 1142 2968 2968 974 974 2968 2968 1026 1026 504 504 2968 2968 698 698 2968 2968 866 866 2968 2968 962 962 2968 2968 840 840 2968 2968 922 922 2968 2968 1062 1062 2968 2968 802 802 2968 2968 1770 1770 340 340 254 254 208 208 658 658 
208 208 262 262 672 672 714 714 298 298 460 460 726 726 642 642 582 582 502 502 682 682 382 382 598 598 324 324 400 400 1008 1008 640 640 314 314 686 686 2096 2096 592 592 2968 2968 836 836 2968 2968 1080 1080 2968 2968 982 982 2968 2968 756 756 2968 2968 1128 1128 2968 2968 880 880 2968 2968 824 824 2968 2968 966 966 2968 2968 1012 1012 2968 2968 1042 1042 2968 2968 1112 1112 2968 2968 930 930 2968 2968 840 840 1718 1718 412 412 722 722 254 254 208 208 280 280 
246 246 208 208 208 208 208 208 262 262 320 320 322 322 598 598 686 686 596 596 678 678 300 300 476 476 432 432 518 518 426 426 388 388 684 684 1034 1034 364 364 536 536 730 730 2354 2354 2968 2968 664 664 2968 2968 946 946 2968 2968 986 986 2968 2968 656 656 2968 2968 790 790 2968 2968 672 672 2968 2968 1024 1024 2968 2968 970 970 2968 2968 2968 2968 2968 2968 2968 2968 2968 2968 2968 2968 282 282 402 402 254 254 208 208 720 720 222 222 208 208 
2968 2968 2968 2968 1906 1906 2968 2968 2968 2968 1906 1906 640 640 228 228 628 628 540 540 352 352 640 640 228 228 592 592 324 324 728 728 468 468 546 546 718 718 484 484 738 738 510 510 546 546 1134 1134 390 390 480 480 2124 2124 264 264 2968 2968 792 792 2968 2968 948 948 2968 2968 1058 1058 2968 2968 720 720 2968 2968 734 734 2968 2968 904 904 2968 2968 1102 1102 2968 2968 1132 1132 2968 2968 2968 2968 1338 1338 2968 2968 884 884 2968 2968 982 982 2270 2270 274 274 208 208 242 242 242 242 
208 208 262 262 244 244 530 530 530 530 716 716 498 498 654 654 308 308 288 288 436 436 674 674 668 668 332 332 442 442 714 714 276 276 420 420 342 342 208 208 246 246 208 208 486 486 510 510 2116 2116 2968 2968 778 778 2968 2968 732 732 2968 2968 1038 1038 2968 2968 2968 2968 1202 1202 2968 2968 1020 1020 2968 2968 710 710 2968 2968 1086 1086 2968 2968 924 924 2968 2968 1152 1152 2968 2968 910 910 2968 2968 848 848 2968 2968 988 988 2968 2968 326 326 254 254 404 404 254 254 208 208 438 438 
208 208 262 262 366 366 578 578 566 566 716 716 600 600 656 656 704 704 434 434 718 718 602 602 352 352 582 582 546 546 702 702 276 276 692 692 312 312 634 634 1938 1938 2968 2968 900 900 2968 2968 1044 1044 2968 2968 956 956 2968 2968 1052 1052 2968 2968 798 798 2968 2968 1114 1114 2968 2968 844 844 2968 2968 1074 1074 2968 2968 2968 2968 1270 1270 2968 2968 790 790 2968 2968 686 686 1204 1204 354 354 742 742 458 458 254 254 208 208 450 450 
208 208 262 262 680 680 536 536 624 624 588 588 622 622 744 744 268 268 714 714 298 298 370 370 656 656 272 272 576 576 418 418 1068 1068 426 426 432 432 594 594 2252 2252 2968 2968 804 804 2968 2968 974 974 2968 2968 888 888 2968 2968 786 786 2968 2968 1074 1074 2968 2968 2968 2968 972 972 1014 1014 2968 2968 880 880 2968 2968 2968 2968 1564 1564 2968 2968 686 686 2968 2968 908 908 1396 1396 284 284 730 730 616 616 510 510 502 502 254 254 208 208 626 626 246 246 208 208 208 208 
208 208 262 262 678 678 606 606 306 306 478 478 534 534 350 350 624 624 542 542 574 574 412 412 678 678 446 446 272 272 632 632 790 790 578 578 656 656 382 382 724 724 452 452 584 584 2128 2128 2968 2968 1012 1012 2968 2968 726 726 2968 2968 1142 1142 2968 2968 736 736 2968 2968 780 780 2968 2968 806 806 2968 2968 550 550 2968 2968 942 942 2968 2968 1032 1032 2968 2968 1008 1008 2968 2968 1132 1132 2968 2968 890 890 2968 2968 2968 2968 688 688 266 266 
208 208 262 262 262 262 648 648 710 710 462 462 398 398 788 788 396 396 340 340 398 398 398 398 496 496 492 492 580 580 628 628 468 468 516 516 408 408 552 552 598 598 842 842 420 420 350 350 1942 1942 2968 2968 988 988 2968 2968 786 786 2968 2968 912 912 2968 2968 810 810 2968 2968 672 672 2968 2968 804 804 2968 2968 898 898 2968 2968 1132 1132 2968 2968 744 744 2968 2968 1104 1104 2968 2968 512 512 954 954 430 430 258 258 1472 1472 658 658 254 254 208 208 380 380 246 246 208 208 208 208 
208 208 262 262 278 278 698 698 702 702 638 638 442 442 446 446 306 306 562 562 360 360 564 564 696 696 684 684 626 626 436 436 776 776 668 668 448 448 674 674 2218 2218 2968 2968 912 912 2968 2968 1004 1004 2968 2968 984 984 2968 2968 672 672 2968 2968 918 918 2968 2968 656 656 2968 2968 746 746 2968 2968 658 658 2968 2968 2968 2968 1390 1390 2968 2968 962 962 2968 2968 616 616 2168 2168 
208 208 262 262 400 400 252 252 400 400 558 558 576 576 408 408 428 428 442 442 650 650 350 350 574 574 722 722 768 768 680 680 512 512 608 608 278 278 624 624 490 490 2160 2160 2968 2968 890 890 2968 2968 686 686 2968 2968 1048 1048 2968 2968 930 930 2968 2968 710 710 2968 2968 662 662 2968 2968 590 590 2968 2968 826 826 2968 2968 1148 1148 2968 2968 664 664 2968 2968 1084 1084 2968 2968 922 922 2968 2968 820 820 2952 2952 466 466 208 208 254 254 
246 246 208 208 208 208 208 208 262 262 300 300 588 588 736 736 768 768 502 502 350 350 454 454 758 758 688 688 518 518 416 416 684 684 250 250 1324 1324 588 588 330 330 428 428 2294 2294 2968 2968 908 908 2968 2968 756 756 2968 2968 914 914 2968 2968 1060 1060 2968 2968 1038 1038 2968 2968 990 990 2968 2968 1006 1006 2968 2968 906 906 2968 2968 926 926 2968 2968 956 956 2968 2968 718 718 738 738 370 370 456 456 254 254 208 208 450 450 
242 242 208 208 262 262 528 528 676 676 302 302 430 430 604 604 550 550 354 354 234 234 516 516 422 422 550 550 320 320 826 826 408 408 524 524 730 730 564 564 2324 2324 2968 2968 2968 2968 680 680 1030 1030 2968 2968 934 934 2968 2968 2968 2968 2064 2064 652 652 2968 2968 692 692 2968 2968 754 754 2968 2968 738 738 2968 2968 728 728 2968 2968 1042 1042 2968 2968 962 962 2968 2968 2968 2968 1276 1276 1588 1588 600 600 566 566 254 254 208 208 534 534 
208 208 262 262 464 464 300 300 246 246 208 208 208 208 208 208 720 720 246 246 418 418 714 714 304 304 416 416 474 474 524 524 456 456 482 482 288 288 316 316 330 330 302 302 806 806 548 548 470 470 310 310 478 478 2094 2094 2968 2968 926 926 2968 2968 934 934 2968 2968 1100 1100 2968 2968 910 910 2968 2968 682 682 2968 2968 1044 1044 2968 2968 792 792 2968 2968 726 726 2968 2968 864 864 2968 2968 1158 1158 2968 2968 950 950 2968 2968 896 896 2968 2968 794 794 2712 2712 684 684 562 562 
208 208 262 262 634 634 694 694 620 620 646 646 308 308 572 572 284 284 706 706 428 428 644 644 340 340 602 602 726 726 706 706 730 730 324 324 344 344 296 296 296 296 2314 2314 2968 2968 970 970 2968 2968 768 768 2968 2968 740 740 2968 2968 2968 2968 1334 1334 2968 2968 624 624 2968 2968 1026 1026 2968 2968 846 846 2968 2968 694 694 2968 2968 854 854 2968 2968 964 964 1966 1966 638 638 722 722 518 518 254 254 208 208 608 608 
208 208 262 262 558 558 594 594 542 542 300 300 496 496 654 654 674 674 748 748 516 516 566 566 634 634 624 624 354 354 392 392 292 292 1030 1030 316 316 282 282 522 522 2340 2340 2968 2968 852 852 2968 2968 1114 1114 2968 2968 986 986 2968 2968 738 738 2968 2968 786 786 2968 2968 1030 1030 2968 2968 634 634 2968 2968 1020 1020 2968 2968 766 766 2968 2968 846 846 2968 2968 1062 1062 2968 2968 2968 2968 852 852 682 682 2968 2968 774 774 1092 1092 694 694 368 368 480 480 672 672 724 724 254 254 208 208 694 694 246 246 208 208 208 208 246 246 208 208 
208 208 262 262 254 254 444 444 308 308 338 338 324 324 774 774 622 622 560 560 334 334 268 268 752 752 654 654 560 560 704 704 414 414 398 398 628 628 544 544 2186 2186 2968 2968 662 662 2968 2968 672 672 2968 2968 648 648 2968 2968 2968 2968 1188 1188 2968 2968 774 774 2968 2968 650 650 2968 2968 712 712 2968 2968 876 876 2968 2968 1094 1094 2968 2968 1000 1000 2968 2968 2522 2522 670 670 254 254 208 208 290 290 
