208 208 262 262 362 362 336 336 288 288 530 530 564 564 474 474 278 278 512 512 588 588 668 668 306 306 300 300 778 778 420 420 474 474 400 400 574 574 388 388 984 984 406 406 650 650 1946 1946 346 346 700 700 2968 2968 2968 2968 2968 2968 468 468 2968 2968 2968 2968 2968 2968 328 328 2968 2968 2968 2968 2610 2610 578 578 466 466 254 254 208 208 476 476 246 246 208 208 208 208 
208 208 262 262 404 404 716 716 546 546 694 694 670 670 678 678 624 624 262 262 288 288 660 660 470 470 438 438 690 690 468 468 350 350 648 648 424 424 498 498 660 660 1254 1254 580 580 602 602 2126 2126 710 710 778 778 2968 2968 2968 2968 2968 2968 2968 2968 792 792 2968 2968 2968 2968 316 316 2968 2968 2968 2968 2968 2968 704 704 2968 2968 2968 2968 446 446 396 396 298 298 672 672 254 254 208 208 294 294 
208 208 262 262 266 266 396 396 614 614 748 748 464 464 242 242 534 534 514 514 770 770 366 366 558 558 560 560 498 498 634 634 438 438 458 458 696 696 464 464 428 428 686 686 936 936 438 438 1882 1882 410 410 776 776 2968 2968 2968 2968 2968 2968 586 586 2968 2968 2968 2968 2968 2968 552 552 2968 2968 2968 2968 2968 2968 674 674 2968 2968 2968 2968 420 420 314 314 672 672 386 386 260 260 434 434 254 254 208 208 264 264 
246 246 208 208 208 208 208 208 262 262 352 352 522 522 518 518 702 702 386 386 502 502 328 328 426 426 398 398 690 690 328 328 440 440 612 612 568 568 604 604 690 690 430 430 1140 1140 500 500 704 704 298 298 1654 1654 640 640 310 310 2968 2968 2968 2968 2968 2968 826 826 2968 2968 2968 2968 2968 2968 600 600 2968 2968 2968 2968 2704 2704 704 704 264 264 254 254 208 208 628 628 
208 208 262 262 536 536 330 330 466 466 444 444 772 772 718 718 622 622 282 282 732 732 766 766 758 758 694 694 724 724 704 704 462 462 540 540 712 712 300 300 312 312 976 976 236 236 600 600 1884 1884 504 504 456 456 2968 2968 2968 2968 2968 2968 562 562 2968 2968 2968 2968 2968 2968 2968 2968 314 314 2968 2968 2968 2968 2968 2968 2968 2968 1020 1020 410 410 338 338 572 572 254 254 208 208 468 468 
208 208 262 262 386 386 410 410 556 556 246 246 208 208 208 208 502 502 492 492 554 554 666 666 208 208 262 262 272 272 386 386 542 542 672 672 598 598 618 618 456 456 770 770 702 702 368 368 280 280 670 670 1328 1328 336 336 1778 1778 464 464 2968 2968 2968 2968 2968 2968 482 482 2968 2968 2968 2968 2968 2968 328 328 2968 2968 2968 2968 2878 2878 236 236 300 300 408 408 476 476 254 254 208 208 522 522 
208 208 262 262 628 628 488 488 404 404 526 526 710 710 724 724 270 270 280 280 368 368 320 320 398 398 600 600 320 320 424 424 424 424 706 706 746 746 1210 1210 394 394 608 608 1682 1682 566 566 488 488 2968 2968 2968 2968 2968 2968 464 464 2968 2968 2968 2968 2968 2968 764 764 2968 2968 2968 2968 2910 2910 364 364 546 546 254 254 208 208 238 238 
208 208 262 262 624 624 704 704 538 538 766 766 400 400 574 574 252 252 254 254 508 508 544 544 696 696 578 578 586 586 628 628 352 352 414 414 232 232 540 540 762 762 318 318 1272 1272 662 662 268 268 1784 1784 738 738 744 744 2968 2968 2968 2968 2968 2968 808 808 2968 2968 2968 2968 2968 2968 686 686 2968 2968 2968 2968 2598 2598 374 374 584 584 674 674 312 312 694 694 254 254 208 208 380 380 246 246 208 208 208 208 
208 208 262 262 434 434 344 344 286 286 682 682 640 640 522 522 490 490 302 302 370 370 538 538 428 428 374 374 568 568 382 382 424 424 694 694 354 354 738 738 432 432 588 588 1978 1978 342 342 516 516 2968 2968 2968 2968 2968 2968 346 346 2968 2968 2968 2968 2968 2968 496 496 2968 2968 2968 2968 2968 2968 696 696 2968 2968 2968 2968 240 240 466 466 334 334 254 254 208 208 698 698 
208 208 262 262 348 348 434 434 728 728 744 744 480 480 436 436 734 734 456 456 610 610 640 640 534 534 494 494 384 384 420 420 284 284 570 570 552 552 1002 1002 490 490 2076 2076 466 466 608 608 2968 2968 2968 2968 2968 2968 694 694 2968 2968 2968 2968 2968 2968 424 424 2968 2968 2968 2968 2716 2716 416 416 626 626 254 254 208 208 368 368 246 246 208 208 208 208 
208 208 262 262 632 632 462 462 594 594 604 604 406 406 636 636 674 674 684 684 314 314 312 312 620 620 462 462 342 342 282 282 536 536 536 536 504 504 584 584 274 274 908 908 578 578 2042 2042 550 550 538 538 2968 2968 2968 2968 2968 2968 586 586 2968 2968 2968 2968 2968 2968 336 336 2968 2968 2968 2968 2968 2968 480 480 2968 2968 2968 2968 206 206 616 616 338 338 338 338 590 590 254 254 208 208 258 258 
208 208 262 262 248 248 322 322 246 246 330 330 488 488 550 550 284 284 404 404 690 690 608 608 314 314 546 546 564 564 406 406 498 498 460 460 500 500 1116 1116 740 740 344 344 1824 1824 574 574 2968 2968 2968 2968 2968 2968 648 648 2968 2968 2968 2968 2968 2968 672 672 2968 2968 2968 2968 2596 2596 654 654 724 724 582 582 304 304 712 712 254 254 208 208 508 508 
208 208 246 246 208 208 208 208 262 262 270 270 556 556 310 310 746 746 530 530 598 598 422 422 660 660 650 650 436 436 646 646 426 426 590 590 734 734 758 758 552 552 664 664 1018 1018 412 412 670 670 1826 1826 470 470 2968 2968 2968 2968 2968 2968 736 736 2968 2968 2968 2968 2968 2968 434 434 2968 2968 2968 2968 2968 2968 684 684 2968 2968 2968 2968 266 266 254 254 
208 208 628 628 418 418 476 476 648 648 298 298 304 304 678 678 550 550 350 350 634 634 600 600 338 338 368 368 352 352 570 570 576 576 594 594 656 656 394 394 446 446 952 952 508 508 490 490 1796 1796 472 472 374 374 2968 2968 2968 2968 2968 2968 644 644 734 734 2968 2968 2968 2968 2968 2968 516 516 2968 2968 2968 2968 2968 2968 352 352 2968 2968 2968 2968 322 322 372 372 604 604 288 288 274 274 208 208 678 678 
246 246 208 208 208 208 208 208 262 262 482 482 606 606 412 412 452 452 632 632 482 482 744 744 424 424 454 454 546 546 586 586 424 424 288 288 578 578 506 506 468 468 474 474 788 788 294 294 618 618 1738 1738 460 460 716 716 2968 2968 2968 2968 2968 2968 572 572 2968 2968 2968 2968 2968 2968 586 586 2968 2968 2968 2968 2816 2816 472 472 522 522 646 646 254 254 208 208 720 720 
208 208 262 262 406 406 710 710 418 418 624 624 642 642 632 632 602 602 426 426 270 270 754 754 512 512 748 748 466 466 652 652 386 386 276 276 760 760 688 688 1228 1228 734 734 454 454 1976 1976 450 450 566 566 2968 2968 2968 2968 2968 2968 810 810 2968 2968 2968 2968 2968 2968 570 570 2968 2968 2968 2968 2888 2888 716 716 208 208 254 254 
208 208 262 262 604 604 560 560 626 626 632 632 696 696 460 460 344 344 482 482 510 510 300 300 570 570 308 308 602 602 276 276 372 372 652 652 738 738 1376 1376 386 386 418 418 684 684 1648 1648 420 420 2968 2968 2968 2968 2968 2968 918 918 2968 2968 2968 2968 2968 2968 462 462 2968 2968 2968 2968 2650 2650 346 346 318 318 208 208 254 254 246 246 208 208 208 208 
208 208 262 262 550 550 572 572 418 418 474 474 550 550 398 398 686 686 488 488 604 604 734 734 292 292 448 448 312 312 656 656 572 572 338 338 606 606 510 510 626 626 962 962 432 432 416 416 312 312 1778 1778 600 600 2968 2968 2968 2968 2968 2968 834 834 2968 2968 2968 2968 2968 2968 646 646 2968 2968 2968 2968 2968 2968 602 602 2968 2968 2968 2968 458 458 680 680 518 518 372 372 718 718 454 454 254 254 208 208 550 550 
208 208 262 262 736 736 248 248 374 374 578 578 720 720 372 372 658 658 758 758 296 296 398 398 556 556 310 310 314 314 310 310 598 598 624 624 1292 1292 264 264 490 490 1834 1834 686 686 648 648 2968 2968 2968 2968 2968 2968 808 808 2968 2968 2968 2968 2968 2968 526 526 2968 2968 2968 2968 2968 2968 596 596 484 484 254 254 208 208 500 500 246 246 208 208 208 208 
208 208 262 262 272 272 672 672 680 680 676 676 568 568 612 612 350 350 376 376 636 636 456 456 556 556 398 398 454 454 584 584 606 606 568 568 324 324 372 372 432 432 722 722 1368 1368 238 238 598 598 2214 2214 812 812 786 786 2968 2968 2968 2968 2968 2968 360 360 2968 2968 2968 2968 2968 2968 572 572 2968 2968 2968 2968 2968 2968 618 618 2968 2968 2950 2950 332 332 708 708 452 254 208 332 452 254 208 332 
208 208 262 262 514 514 560 560 414 414 688 688 722 722 704 704 344 344 622 622 298 298 708 708 466 466 364 364 292 292 612 612 342 342 780 780 458 458 770 770 728 728 294 294 726 726 1182 1182 488 488 498 498 1982 1982 640 640 542 542 2968 2968 2968 2968 2968 2968 724 724 2968 2968 2968 2968 2968 2968 362 362 2968 2968 2968 2968 2968 2968 578 578 2968 2968 2968 2968 390 390 428 428 534 534 560 560 534 534 324 324 254 254 208 208 350 350 246 246 208 208 208 208 
208 208 262 262 436 436 446 446 552 552 442 442 734 734 642 642 664 664 448 448 558 558 700 700 714 714 416 416 504 504 392 392 638 638 606 606 368 368 1304 1304 332 332 612 612 1980 1980 412 412 762 762 2968 2968 2968 2968 2968 2968 446 446 2968 2968 2968 2968 2968 2968 646 646 2968 2968 2968 2968 2908 2908 588 588 714 714 254 254 208 208 558 558 
208 208 262 262 640 640 656 656 398 398 572 572 300 300 400 400 556 556 560 560 276 276 692 692 716 716 738 738 340 340 402 402 762 762 688 688 618 618 392 392 692 692 926 926 490 490 1664 1664 332 332 618 618 2968 2968 2968 2968 2968 2968 624 624 2968 2968 2968 2968 2968 2968 550 550 2968 2968 2968 2968 2774 2774 466 466 320 320 674 674 454 454 346 346 254 254 208 208 252 252 
208 208 246 246 208 208 208 208 262 262 312 312 364 364 682 682 604 604 614 614 360 360 246 246 698 698 298 298 562 562 466 466 468 468 778 778 640 640 520 520 514 514 392 392 1266 1266 388 388 546 546 2100 2100 710 710 630 630 2968 2968 2968 2968 2968 2968 2968 2968 2968 2968 2968 2968 888 888 2968 2968 2968 2968 2626 2626 386 386 618 618 254 254 208 208 246 246 
208 208 262 262 416 416 256 256 676 676 340 340 494 494 312 312 724 724 410 410 458 458 462 462 658 658 772 772 420 420 346 346 368 368 696 696 468 468 1158 1158 704 704 294 294 1838 1838 778 778 560 560 2968 2968 2968 2968 2968 2968 832 832 2968 2968 2968 2968 2968 2968 618 618 2968 2968 2968 2968 2968 2968 412 412 2968 2968 2968 2968 464 464 512 512 208 208 254 254 
208 208 262 262 698 698 320 320 246 246 208 208 208 208 610 610 208 208 468 468 686 686 320 320 664 664 652 652 632 632 674 674 500 500 596 596 616 616 332 332 516 516 772 772 504 504 426 426 1292 1292 678 678 406 406 2014 2014 632 632 378 378 2968 2968 2968 2968 2968 2968 574 574 2968 2968 2968 2968 2968 2968 588 588 2968 2968 2968 2968 2510 2510 726 726 346 346 502 502 486 486 254 254 208 208 364 364 
208 208 262 262 720 720 692 692 644 644 360 360 514 514 692 692 448 448 394 394 326 326 474 474 656 656 554 554 286 286 578 578 358 358 328 328 400 400 598 598 704 704 496 496 1102 1102 692 692 1676 1676 632 632 610 610 500 500 2968 2968 2968 2968 2968 2968 554 554 2968 2968 2968 2968 2968 2968 2968 2968 620 620 2968 2968 2968 2968 320 320 380 380 678 678 580 580 602 602 254 254 208 208 524 524 
208 208 262 262 388 388 652 652 760 760 482 482 532 532 606 606 256 256 720 720 714 714 312 312 454 454 288 288 462 462 492 492 712 712 498 498 1284 1284 632 632 710 710 2102 2102 414 414 490 490 2968 2968 2968 2968 2968 2968 552 552 2968 2968 2968 2968 2968 2968 508 508 2968 2968 2968 2968 2568 2568 346 346 280 280 594 594 254 254 208 208 570 570 246 246 208 208 208 208 
208 208 262 262 644 644 294 294 358 358 594 594 654 654 250 250 358 358 288 288 498 498 768 768 772 772 280 280 724 724 460 460 344 344 554 554 654 654 1148 1148 292 292 664 664 2096 2096 574 574 352 352 2968 2968 2968 2968 2968 2968 518 518 2968 2968 2968 2968 2968 2968 770 770 2968 2968 2968 2968 2968 2968 560 560 2968 2968 2968 2968 480 480 634 634 208 208 254 254 
208 208 262 262 530 530 498 498 724 724 574 574 732 732 714 714 608 608 470 470 592 592 676 676 684 684 772 772 526 526 610 610 392 392 752 752 598 598 584 584 682 682 928 928 662 662 1670 1670 408 408 2968 2968 2968 2968 2968 2968 672 672 2968 2968 2968 2968 2968 2968 832 832 2968 2968 2968 2968 2582 2582 470 470 650 650 380 380 706 706 254 254 208 208 640 640 246 246 208 208 208 208 
208 208 262 262 646 646 478 478 554 554 462 462 734 734 322 322 582 582 708 708 318 318 622 622 708 708 428 428 760 760 524 524 442 442 406 406 742 742 344 344 966 966 338 338 250 250 2010 2010 514 514 370 370 2968 2968 2968 2968 2968 2968 628 628 2968 2968 2968 2968 2968 2968 354 354 2968 2968 2968 2968 2968 2968 578 578 500 500 272 272 470 470 254 254 208 208 304 304 
208 208 262 262 470 470 716 716 382 382 330 330 756 756 312 312 512 512 656 656 710 710 772 772 376 376 484 484 462 462 748 748 528 528 530 530 782 782 330 330 540 540 656 656 1286 1286 242 242 1698 1698 434 434 512 512 2968 2968 2968 2968 2968 2968 706 706 2968 2968 2968 2968 2968 2968 344 344 2968 2968 2968 2968 2610 2610 386 386 468 468 626 626 254 254 208 208 260 260 246 246 208 208 208 208 
208 208 262 262 396 396 418 418 560 560 586 586 784 784 730 730 750 750 374 374 654 654 486 486 340 340 636 636 778 778 616 616 346 346 760 760 712 712 298 298 1270 1270 284 284 1718 1718 740 740 360 360 2968 2968 2968 2968 2968 2968 438 438 2968 2968 2968 2968 2968 2968 560 560 2968 2968 2968 2968 2968 2968 462 462 2968 2968 2968 2968 306 306 284 284 208 208 254 254 
208 208 262 262 632 632 386 386 262 262 474 474 736 736 536 536 610 610 560 560 586 586 616 616 526 526 306 306 428 428 722 722 788 788 470 470 314 314 318 318 524 524 738 738 466 466 1904 1904 562 562 2968 2968 2968 2968 2968 2968 678 678 2968 2968 2968 2968 2968 2968 452 452 2968 2968 2968 2968 2968 2968 572 572 2968 2968 2968 2968 402 402 644 644 240 240 580 580 534 534 254 254 208 208 248 248 
246 246 208 208 208 208 208 208 262 262 712 712 530 530 718 718 620 620 648 648 374 374 560 560 528 528 674 674 620 620 580 580 524 524 550 550 400 400 374 374 612 612 1226 1226 716 716 724 724 1720 1720 404 404 574 574 2968 2968 2968 2968 2968 2968 576 576 2968 2968 2968 2968 2968 2968 540 540 2968 2968 2968 2968 2766 2766 774 774 208 208 254 254 
208 208 262 262 498 498 570 570 408 408 598 598 786 786 442 442 672 672 340 340 372 372 572 572 344 344 464 464 336 336 614 614 530 530 456 456 682 682 608 608 1314 1314 390 390 2088 2088 326 326 378 378 2968 2968 2968 2968 2968 2968 494 494 2968 2968 2968 2968 2968 2968 818 818 2968 2968 2968 2968 2622 2622 602 602 490 490 254 254 208 208 362 362 
208 208 262 262 318 318 522 522 460 460 366 366 596 596 382 382 566 566 316 316 358 358 390 390 522 522 236 236 208 208 246 246 208 208 696 696 746 746 306 306 492 492 208 208 580 580 474 474 1020 1020 478 478 624 624 1666 1666 586 586 308 308 2968 2968 2968 2968 2968 2968 356 356 2968 2968 2968 2968 2968 2968 808 808 2968 2968 2968 2968 2678 2678 416 416 208 208 294 294 620 620 346 346 254 254 208 208 542 542 
208 208 262 262 286 286 650 650 434 434 406 406 362 362 760 760 642 642 454 454 442 442 634 634 358 358 456 456 284 284 320 320 556 556 740 740 290 290 970 970 254 254 344 344 2100 2100 504 504 516 516 2968 2968 2968 2968 2968 2968 402 402 2968 2968 2968 2968 2968 2968 470 470 2968 2968 2968 2968 2968 2968 324 324 2968 2968 2900 2900 328 328 266 266 208 208 254 254 
208 208 262 262 250 250 438 438 550 550 292 292 466 466 432 432 686 686 310 310 718 718 418 418 322 322 324 324 428 428 318 318 772 772 468 468 1184 1184 364 364 366 366 1716 1716 606 606 500 500 646 646 2968 2968 2968 2968 2968 2968 386 386 2968 2968 2968 2968 2968 2968 466 466 2968 2968 2968 2968 2968 2968 776 776 2968 2968 2968 2968 278 278 648 648 208 208 254 254 246 246 208 208 208 208 
208 208 262 262 724 724 646 646 450 450 288 288 364 364 270 270 396 396 342 342 466 466 362 362 638 638 528 528 402 402 658 658 644 644 602 602 358 358 1218 1218 438 438 714 714 1646 1646 616 616 478 478 2968 2968 2968 2968 2968 2968 624 624 2968 2968 2968 2968 2968 2968 770 770 2968 2968 2968 2968 2892 2892 580 580 270 270 254 254 208 208 364 364 
208 208 628 628 676 676 750 750 258 258 326 326 676 676 660 660 438 438 494 494 552 552 490 490 254 254 518 518 428 428 350 350 496 496 674 674 634 634 960 960 556 556 698 698 2060 2060 610 610 2968 2968 2968 2968 2968 2968 510 510 2968 2968 2968 2968 2968 2968 636 636 2968 2968 2968 2968 2940 2940 452 452 208 208 274 274 246 246 208 208 208 208 
208 208 262 262 326 326 422 422 626 626 608 608 402 402 386 386 568 568 576 576 740 740 738 738 382 382 328 328 470 470 624 624 342 342 408 408 438 438 656 656 418 418 632 632 1008 1008 642 642 368 368 1772 1772 500 500 404 404 2968 2968 2968 2968 2968 2968 780 780 2968 2968 2968 2968 2968 2968 396 396 2968 2968 2968 2968 2866 2866 304 304 252 252 316 316 244 244 420 420 254 254 208 208 452 452 
208 208 262 262 360 360 698 698 358 358 594 594 734 734 328 328 1606 1606 774 774 550 550 322 322 506 506 670 670 382 382 592 592 492 492 700 700 658 658 1150 1150 552 552 1868 1868 346 346 2968 2968 2968 2968 2968 2968 596 596 2968 2968 2968 2968 2968 2968 658 658 2968 2968 2968 2968 2968 2968 562 562 2968 2968 2968 2968 894 894 560 560 706 706 380 380 254 254 208 208 442 442 
246 246 208 208 208 208 208 208 262 262 598 598 584 584 298 298 584 584 316 316 420 420 644 644 242 242 570 570 520 520 722 722 346 346 724 724 284 284 402 402 536 536 614 614 370 370 1128 1128 332 332 510 510 1812 1812 492 492 2968 2968 2968 2968 2968 2968 690 690 2968 2968 2968 2968 2968 2968 632 632 2968 2968 2968 2968 2968 2968 490 490 2968 2968 2968 2968 434 434 576 576 690 690 254 254 208 208 682 682 
2968 2968 2968 2968 2888 2888 2888 2888 640 640 228 228 652 652 1432 1432 208 208 2968 2968 2968 2968 2896 2896 2896 2896 704 704 228 228 766 766 592 592 208 208 208 208 262 262 692 692 658 658 372 372 684 684 720 720 396 396 472 472 294 294 592 592 484 484 284 284 376 376 348 348 602 602 652 652 260 260 666 666 434 434 652 652 354 354 956 956 642 642 430 430 1962 1962 586 586 650 650 2968 2968 2968 2968 2968 2968 596 596 2968 2968 2968 2968 2968 2968 384 384 2968 2968 2968 2968 2968 2968 612 612 2968 2968 2968 2968 374 374 300 300 558 558 608 608 532 532 732 732 236 236 254 254 208 208 670 670 
246 246 208 208 208 208 208 208 262 262 410 410 662 662 578 578 460 460 724 724 504 504 636 636 682 682 482 482 658 658 528 528 390 390 310 310 578 578 376 376 384 384 256 256 336 336 1380 1380 482 482 1782 1782 402 402 462 462 2968 2968 2968 2968 2968 2968 352 352 2968 2968 2968 2968 2968 2968 596 596 2968 2968 2968 2968 2968 2968 208 208 612 612 362 362 254 254 208 208 400 400 
208 208 262 262 714 714 408 408 270 270 518 518 390 390 566 566 566 566 506 506 702 702 590 590 388 388 540 540 628 628 744 744 766 766 380 380 570 570 660 660 996 996 500 500 1680 1680 660 660 660 660 338 338 2968 2968 2968 2968 2968 2968 800 800 2968 2968 2968 2968 2968 2968 428 428 2968 2968 2968 2968 2672 2672 526 526 710 710 234 234 254 254 208 208 240 240 
208 208 262 262 398 398 740 740 672 672 490 490 290 290 542 542 278 278 484 484 538 538 426 426 550 550 268 268 570 570 294 294 292 292 510 510 730 730 318 318 890 890 518 518 2084 2084 630 630 618 618 2968 2968 2968 2968 2968 2968 778 778 2968 2968 2968 2968 2968 2968 510 510 2968 2968 2968 2968 2968 2968 622 622 2968 2968 2968 2968 222 222 558 558 574 574 584 584 518 518 246 246 208 208 208 208 380 380 254 254 208 208 626 626 208 208 246 246 208 208 
208 208 262 262 734 734 480 480 520 520 270 270 464 464 344 344 510 510 608 608 464 464 746 746 608 608 552 552 532 532 508 508 398 398 378 378 610 610 572 572 970 970 270 270 578 578 614 614 1870 1870 586 586 2968 2968 2968 2968 2968 2968 740 740 2968 2968 2968 2968 2968 2968 700 700 2968 2968 2968 2968 2968 2968 2968 2968 588 588 2968 2968 624 624 644 644 254 254 208 208 350 350 
208 208 262 262 708 708 310 310 676 676 300 300 336 336 310 310 726 726 460 460 520 520 760 760 458 458 624 624 728 728 340 340 264 264 544 544 742 742 878 878 580 580 370 370 1940 1940 552 552 612 612 2968 2968 2968 2968 2968 2968 788 788 2968 2968 2968 2968 2968 2968 398 398 2968 2968 2968 2968 2968 2968 288 288 2968 2968 2968 2968 230 230 640 640 348 348 400 400 254 254 208 208 482 482 326 326 208 208 222 222 208 208 208 208 
208 208 262 262 444 444 614 614 694 694 384 384 720 720 484 484 510 510 702 702 300 300 582 582 546 546 666 666 660 660 444 444 310 310 350 350 712 712 312 312 998 998 572 572 626 626 2048 2048 802 802 2968 2968 2968 2968 2968 2968 798 798 2968 2968 2968 2968 2968 2968 746 746 2968 2968 2968 2968 2604 2604 534 534 544 544 384 384 254 254 208 208 706 706 
208 208 262 262 294 294 674 674 478 478 778 778 312 312 566 566 682 682 248 248 444 444 374 374 508 508 302 302 504 504 320 320 332 332 536 536 342 342 522 522 552 552 1252 1252 338 338 528 528 1824 1824 392 392 2968 2968 2968 2968 2968 2968 836 836 2968 2968 2968 2968 2968 2968 734 734 2968 2968 2968 2968 2824 2824 298 298 574 574 648 648 626 626 254 254 208 208 366 366 
2968 2968 2968 2968 2894 2894 736 736 228 228 326 326 208 208 208 208 262 262 326 326 574 574 328 328 590 590 460 460 622 622 316 316 550 550 242 242 572 572 382 382 598 598 728 728 724 724 378 378 414 414 564 564 668 668 1206 1206 642 642 718 718 1712 1712 416 416 730 730 2968 2968 2968 2968 2968 2968 750 750 2968 2968 2968 2968 2968 2968 2968 2968 596 596 2968 2968 2864 2864 738 738 288 288 580 580 254 254 208 208 662 662 242 242 
242 242 208 208 262 262 370 370 396 396 250 250 776 776 320 320 386 386 532 532 358 358 546 546 480 480 360 360 692 692 546 546 572 572 678 678 320 320 688 688 422 422 846 846 694 694 240 240 1856 1856 756 756 500 500 2968 2968 2968 2968 2968 2968 818 818 2968 2968 2968 2968 2968 2968 578 578 2968 2968 2968 2968 2968 2968 666 666 2968 2968 2968 2968 482 482 318 318 448 448 578 578 286 286 446 446 418 418 254 254 208 208 588 588 
246 246 208 208 208 208 208 208 262 262 544 544 526 526 400 400 520 520 628 628 590 590 514 514 598 598 302 302 314 314 618 618 480 480 388 388 756 756 464 464 752 752 690 690 580 580 420 420 966 966 252 252 2056 2056 650 650 526 526 2968 2968 2968 2968 2968 2968 346 346 2968 2968 2968 2968 2968 2968 520 520 2968 2968 2968 2968 2898 2898 714 714 522 522 446 446 668 668 628 628 254 254 208 208 686 686 
208 208 262 262 680 680 678 678 510 510 570 570 296 296 478 478 338 338 306 306 692 692 610 610 284 284 716 716 772 772 270 270 374 374 784 784 690 690 442 442 650 650 982 982 526 526 1774 1774 758 758 394 394 2968 2968 2968 2968 2968 2968 832 832 2968 2968 2968 2968 2968 2968 616 616 2968 2968 2968 2968 2968 2968 568 568 2968 2968 2968 2968 278 278 592 592 316 316 448 448 726 726 232 232 254 254 208 208 510 510 
208 208 262 262 402 402 662 662 600 600 448 448 590 590 436 436 484 484 440 440 680 680 414 414 680 680 388 388 446 446 640 640 284 284 642 642 488 488 320 320 462 462 438 438 1096 1096 450 450 1794 1794 462 462 594 594 2968 2968 2968 2968 2968 2968 792 792 2968 2968 2968 2968 2968 2968 540 540 2968 2968 2968 2968 2538 2538 472 472 450 450 396 396 246 246 208 208 208 208 426 426 254 254 208 208 302 302 208 208 
208 208 262 262 714 714 750 750 638 638 736 736 432 432 388 388 564 564 614 614 384 384 606 606 276 276 758 758 630 630 452 452 518 518 410 410 752 752 526 526 1092 1092 514 514 1924 1924 776 776 562 562 2968 2968 2968 2968 2968 2968 718 718 2968 2968 2968 2968 2968 2968 504 504 2968 2968 2968 2968 2548 2548 374 374 238 238 304 304 512 512 254 254 208 208 674 674 
208 208 262 262 570 570 256 256 276 276 330 330 314 314 742 742 262 262 352 352 392 392 446 446 308 308 766 766 576 576 500 500 784 784 500 500 348 348 322 322 954 954 702 702 1954 1954 534 534 2968 2968 2968 2968 2968 2968 552 552 2968 2968 2968 2968 2968 2968 786 786 2968 2968 2968 2968 2968 2968 712 712 2968 2968 2934 2934 626 626 442 442 726 726 492 492 254 254 208 208 388 388 246 246 208 208 208 208 
208 208 262 262 488 488 484 484 366 366 428 428 602 602 730 730 630 630 536 536 686 686 678 678 634 634 322 322 712 712 602 602 390 390 502 502 420 420 634 634 652 652 456 456 662 662 1408 1408 736 736 1806 1806 532 532 2968 2968 2968 2968 2968 2968 2968 2968 2968 2968 2968 2968 860 860 2968 2968 2968 2968 2968 2968 642 642 2968 2968 2968 2968 548 548 242 242 654 654 426 426 254 254 208 208 324 324 
208 208 262 262 470 470 570 570 344 344 684 684 546 546 546 546 740 740 282 282 518 518 468 468 336 336 508 508 370 370 556 556 340 340 306 306 1196 1196 386 386 1778 1778 734 734 728 728 2968 2968 2968 2968 2968 2968 604 604 2968 2968 2968 2968 2968 2968 660 660 2968 2968 2968 2968 2968 2968 614 614 2968 2968 2968 2968 1034 1034 
246 208 208 208 208 208 208 262 262 290 290 268 268 268 268 240 240 586 586 650 650 494 494 402 402 436 436 318 318 336 336 640 640 374 374 690 690 686 686 306 306 668 668 284 284 282 282 432 432 470 470 898 898 654 654 1636 1636 702 702 748 748 2968 2968 2968 2968 2968 2968 528 528 2968 2968 2968 2968 2968 2968 2968 2968 2968 2968 2824 2824 286 286 636 636 526 526 534 534 708 708 254 254 208 208 358 358 
208 208 262 262 646 646 608 608 272 272 276 276 552 552 458 458 550 550 518 518 442 442 516 516 400 400 440 440 514 514 442 442 476 476 418 418 528 528 1342 1342 680 680 1838 1838 328 328 538 538 2968 2968 2968 2968 2968 2968 2968 2968 2968 2968 2968 2968 954 954 2968 2968 2968 2968 2968 2968 2968 2968 464 464 2968 2968 968 968 634 634 350 350 254 254 208 208 454 454 
246 246 208 208 208 208 208 208 262 262 704 704 336 336 234 234 338 338 636 636 510 510 746 746 452 452 364 364 378 378 716 716 646 646 546 546 464 464 620 620 544 544 508 508 340 340 452 452 446 446 1334 1334 520 520 492 492 2186 2186 584 584 598 598 2968 2968 2968 2968 2968 2968 624 624 2968 2968 2968 2968 2968 2968 768 768 2968 2968 2968 2968 2968 2968 674 674 2968 2968 2968 2968 836 836 
208 208 262 262 410 410 522 522 706 706 464 464 568 568 354 354 424 424 392 392 440 440 530 530 632 632 266 266 484 484 570 570 430 430 286 286 516 516 606 606 570 570 454 454 820 820 248 248 2176 2176 538 538 442 442 2968 2968 2968 2968 2968 2968 494 494 2968 2968 2968 2968 2968 2968 612 612 2968 2968 2968 2968 2968 2968 652 652 2968 2968 2930 2930 682 682 654 654 510 510 254 254 208 208 318 318 
208 208 262 262 484 484 488 488 288 288 694 694 366 366 638 638 708 708 526 526 494 494 568 568 694 694 658 658 246 246 208 208 208 208 552 552 314 314 350 350 604 604 326 326 208 208 664 664 526 526 584 584 1052 1052 738 738 1920 1920 528 528 784 784 2968 2968 2968 2968 2968 2968 664 664 2968 2968 2968 2968 2968 2968 2968 2968 2968 2968 2706 2706 548 548 524 524 338 338 408 408 254 254 208 208 346 346 
208 208 262 262 674 674 680 680 592 592 396 396 412 412 624 624 656 656 314 314 350 350 386 386 640 640 696 696 306 306 536 536 780 780 304 304 718 718 492 492 690 690 322 322 734 734 1222 1222 742 742 490 490 734 734 1958 1958 742 742 796 796 2968 2968 2968 2968 2968 2968 508 508 2968 2968 2968 2968 2968 2968 544 544 2968 2968 2968 2968 2810 2810 684 684 388 388 622 622 548 548 786 786 512 512 720 720 
208 208 628 628 272 272 312 312 384 384 420 420 310 310 324 324 662 662 268 268 296 296 642 642 762 762 452 452 306 306 556 556 548 548 260 260 542 542 734 734 266 266 1304 1304 328 328 690 690 2020 2020 358 358 462 462 2968 2968 2968 2968 2968 2968 564 564 2968 2968 2968 2968 2968 2968 390 390 2968 2968 2968 2968 2862 2862 342 342 326 326 526 526 274 274 208 208 566 566 246 246 208 208 208 208 
208 208 262 262 510 510 482 482 492 492 714 714 616 616 652 652 720 720 282 282 656 656 766 766 706 706 582 582 658 658 592 592 400 400 442 442 330 330 500 500 570 570 1048 1048 330 330 590 590 1974 1974 304 304 2968 2968 2968 2968 2968 2968 728 728 2968 2968 2968 2968 2968 2968 764 764 2968 2968 2968 2968 2968 2968 2968 2968 328 328 2968 2968 678 678 732 732 316 316 254 254 208 208 648 648 
208 208 262 262 430 430 714 714 438 438 706 706 664 664 392 392 712 712 490 490 350 350 570 570 652 652 492 492 736 736 738 738 590 590 702 702 546 546 466 466 1366 1366 716 716 338 338 2044 2044 814 814 2968 2968 2968 2968 2968 2968 736 736 2968 2968 2968 2968 2968 2968 730 730 2968 2968 2968 2968 2714 2714 302 302 254 254 208 208 366 366 246 246 208 208 208 208 
208 208 262 262 556 556 422 422 578 578 446 446 628 628 542 542 628 628 652 652 550 550 296 296 602 602 594 594 556 556 272 272 748 748 496 496 420 420 574 574 692 692 652 652 386 386 276 276 1392 1392 478 478 2220 2220 386 386 732 732 2968 2968 2968 2968 2968 2968 472 472 2968 2968 2968 2968 2968 2968 522 522 2968 2968 2968 2968 2968 2968 2968 2968 538 538 2968 2968 458 458 378 378 712 712 254 254 512 512 552 552 682 682 
208 208 262 262 434 434 462 462 476 476 696 696 304 304 350 350 562 562 312 312 294 294 696 696 364 364 528 528 396 396 484 484 378 378 716 716 500 500 486 486 1112 1112 742 742 2096 2096 760 760 756 756 2968 2968 2968 2968 2968 2968 680 680 2968 2968 2968 2968 2968 2968 752 752 2968 2968 2968 2968 2620 2620 272 272 560 560 620 620 254 254 208 208 288 288 
246 246 208 208 208 208 208 208 262 262 722 722 392 392 474 474 234 234 374 374 682 682 430 430 444 444 280 280 354 354 770 770 496 496 530 530 426 426 516 516 400 400 574 574 256 256 318 318 268 268 1092 1092 494 494 1746 1746 562 562 2968 2968 2968 2968 2968 2968 932 932 2968 2968 2968 2968 2968 2968 628 628 2968 2968 2968 2968 2968 2968 456 456 2968 2968 2968 2968 604 604 622 622 526 526 420 290 420 290 436 436 1824 1824 
208 208 262 262 530 530 738 738 660 660 406 406 498 498 504 504 654 654 360 360 716 716 396 396 436 436 502 502 308 308 694 694 696 696 520 520 268 268 498 498 1202 1202 266 266 312 312 490 490 494 494 2090 2090 694 694 2968 2968 2968 2968 2968 2968 906 906 2968 2968 2968 2968 2968 2968 804 804 2968 2968 2968 2968 2968 2968 464 464 2968 2968 2968 2968 554 554 208 208 254 254 
246 246 208 208 208 208 208 208 262 262 314 314 728 728 466 466 432 432 308 308 388 388 616 616 410 410 550 550 282 282 444 444 618 618 500 500 536 536 562 562 588 588 310 310 1172 1172 490 490 376 376 1906 1906 364 364 742 742 2968 2968 2968 2968 2968 2968 432 432 2968 2968 2968 2968 2968 2968 754 754 2968 2968 2968 2968 2728 2728 426 426 728 728 514 514 580 580 354 354 254 254 208 208 534 534 
208 208 262 262 496 496 558 558 356 356 384 384 710 710 346 346 346 346 520 520 630 630 464 464 506 506 554 554 782 782 448 448 458 458 754 754 370 370 1208 1208 352 352 2144 2144 656 656 480 480 2968 2968 2968 2968 2968 2968 632 632 2968 2968 2968 2968 2968 2968 416 416 2968 2968 2968 2968 2968 2968 782 782 2968 2968 2968 2968 230 230 378 378 208 208 254 254 
208 208 262 262 502 502 684 684 274 274 538 538 574 574 454 454 722 722 632 632 530 530 726 726 516 516 476 476 770 770 334 334 578 578 336 336 544 544 380 380 314 314 602 602 1018 1018 738 738 2088 2088 588 588 492 492 2968 2968 2968 2968 2968 2968 486 486 2968 2968 2968 2968 2968 2968 550 550 2968 2968 2968 2968 2968 2968 422 422 2968 2968 2968 2968 302 302 380 380 504 504 652 652 498 498 246 246 208 208 208 208 208 208 396 396 246 246 1172 1172 246 246 208 208 
208 208 262 262 662 662 522 522 536 536 610 610 462 462 528 528 370 370 358 358 624 624 600 600 626 626 452 452 614 614 374 374 698 698 330 330 390 390 418 418 1058 1058 700 700 514 514 1998 1998 410 410 330 330 2968 2968 2968 2968 2968 2968 552 552 2968 2968 2968 2968 2968 2968 436 436 2968 2968 2968 2968 2968 2968 384 384 2968 2968 2968 2968 592 592 312 312 496 496 254 254 208 208 322 322 
208 208 262 262 388 388 304 304 428 428 408 408 368 368 604 604 710 710 408 408 500 500 518 518 736 736 364 364 430 430 356 356 448 448 312 312 666 666 674 674 656 656 778 778 294 294 1830 1830 512 512 2968 2968 2968 2968 2968 2968 846 846 2968 2968 2968 2968 2968 2968 814 814 2968 2968 2968 2968 2674 2674 664 664 544 544 324 324 662 662 254 254 208 208 498 498 246 246 208 208 208 208 
208 208 262 262 660 660 390 390 488 488 572 572 552 552 750 750 292 292 394 394 302 302 344 344 258 258 646 646 752 752 568 568 356 356 432 432 570 570 562 562 238 238 992 992 442 442 1710 1710 494 494 700 700 326 326 2968 2968 2968 2968 2968 2968 838 838 2968 2968 2968 2968 2968 2968 726 726 2968 2968 2968 2968 2968 2968 426 426 2968 2968 2968 2968 522 522 454 454 440 440 558 558 576 576 472 472 254 254 208 208 418 418 
208 208 262 262 568 568 440 440 646 646 488 488 658 658 662 662 678 678 382 382 506 506 416 416 540 540 578 578 690 690 464 464 720 720 280 280 410 410 580 580 1214 1214 660 660 288 288 1962 1962 514 514 704 704 2968 2968 2968 2968 2968 2968 498 498 2968 2968 2968 2968 2968 2968 542 542 2968 2968 2968 2968 2968 2968 612 612 2968 2968 2968 2968 566 566 286 286 462 462 702 702 254 254 208 208 646 646 
246 246 208 208 208 208 208 208 262 262 364 364 602 602 474 474 582 582 778 778 562 562 456 456 574 574 414 414 548 548 346 346 670 670 692 692 758 758 292 292 316 316 364 364 368 368 282 282 552 552 374 374 696 696 1202 1202 424 424 2002 2002 718 718 482 482 2968 2968 2968 2968 2968 2968 604 604 2968 2968 2968 2968 2968 2968 478 478 2968 2968 2968 2968 2968 2968 450 450 2968 2968 2968 2968 732 732 376 376 700 700 446 446 704 704 698 698 290 290 292 292 1388 1388 
208 208 262 262 430 430 254 254 234 234 468 468 678 678 448 448 722 722 518 518 446 446 278 278 608 608 592 592 668 668 490 490 438 438 406 406 586 586 384 384 360 360 286 286 544 544 334 334 1240 1240 488 488 1782 1782 534 534 378 378 2968 2968 2968 2968 2968 2968 628 628 2968 2968 2968 2968 2968 2968 764 764 2968 2968 2968 2968 2832 2832 696 696 664 664 276 276 634 634 712 712 380 380 1756 1756 
208 208 262 262 516 516 556 556 546 546 544 544 440 440 730 730 538 538 602 602 422 422 686 686 538 538 348 348 586 586 748 748 246 246 208 208 208 208 550 550 662 662 1200 1200 692 692 430 430 1878 1878 326 326 516 516 2968 2968 2968 2968 2968 2968 536 536 2968 2968 2968 2968 2968 2968 2968 2968 2968 2968 2968 2968 908 908 548 548 254 254 208 208 630 630 
208 208 262 262 568 568 472 472 472 472 626 626 576 576 462 462 736 736 726 726 774 774 694 694 736 736 646 646 350 350 704 704 520 520 690 690 540 540 656 656 670 670 404 404 346 346 456 456 1046 1046 736 736 368 368 1804 1804 674 674 606 606 2968 2968 2968 2968 2968 2968 448 448 2968 2968 2968 2968 2968 2968 414 414 2968 2968 2968 2968 2830 2830 394 394 576 576 718 718 448 448 556 556 1230 1230 880 880 1164 1164 
208 208 262 262 296 296 482 482 330 330 478 478 672 672 388 388 292 292 370 370 686 686 434 434 414 414 644 644 434 434 644 644 408 408 736 736 444 444 746 746 586 586 430 430 2062 2062 318 318 530 530 316 316 2968 2968 2968 2968 2968 2968 2968 2968 566 566 2968 2968 2968 2968 2968 2968 2968 2968 2968 2968 2968 2968 2968 2968 2364 2364 246 246 208 208 208 208 
208 208 262 262 668 668 604 604 628 628 768 768 246 246 574 574 428 428 502 502 502 502 458 458 696 696 504 504 286 286 674 674 594 594 386 386 692 692 674 674 610 610 636 636 442 442 944 944 530 530 292 292 1728 1728 606 606 400 400 2968 2968 2968 2968 2968 2968 526 526 2968 2968 2968 2968 2968 2968 602 602 2968 2968 2968 2968 2620 2620 588 588 312 312 254 254 208 208 584 584 
208 208 262 262 250 250 698 698 538 538 616 616 540 540 360 360 700 700 438 438 636 636 606 606 668 668 686 686 416 416 634 634 738 738 478 478 628 628 364 364 1310 1310 636 636 1642 1642 748 748 2968 2968 2968 2968 2968 2968 920 920 2968 2968 2968 2968 2968 2968 458 458 2968 2968 2968 2968 2552 2552 712 712 544 544 514 514 646 646 254 254 208 208 682 682 246 246 208 208 208 208 
208 208 262 262 672 672 386 386 420 420 446 446 428 428 336 336 360 360 560 560 604 604 408 408 596 596 460 460 666 666 394 394 690 690 436 436 596 596 418 418 1092 1092 326 326 692 692 1892 1892 528 528 642 642 2968 2968 2968 2968 2968 2968 630 630 2968 2968 2968 2968 2968 2968 680 680 2968 2968 2968 2968 2834 2834 464 464 456 456 556 556 254 254 208 208 382 382 
208 208 262 262 442 442 362 362 448 448 496 496 362 362 674 674 412 412 602 602 488 488 582 582 596 596 722 722 446 446 552 552 672 672 500 500 500 500 424 424 462 462 466 466 1254 1254 674 674 1938 1938 524 524 2968 2968 2968 2968 2968 2968 522 522 2968 2968 2968 2968 2968 2968 424 424 2968 2968 2968 2968 2968 2968 554 554 2968 2968 2968 2968 730 730 246 246 700 700 244 244 254 254 208 208 280 280 
246 246 208 208 208 208 208 208 262 262 496 496 474 474 672 672 376 376 722 722 322 322 346 346 644 644 318 318 654 654 726 726 520 520 494 494 560 560 692 692 564 564 684 684 296 296 1024 1024 648 648 1798 1798 338 338 784 784 2968 2968 2968 2968 2968 2968 788 788 2968 2968 2968 2968 2968 2968 564 564 2968 2968 2968 2968 2968 2968 616 616 2968 2968 2952 2952 674 674 254 254 208 208 418 418 
208 208 262 262 710 710 752 752 394 394 600 600 524 524 774 774 424 424 282 282 282 282 676 676 520 520 678 678 502 502 276 276 332 332 778 778 554 554 562 562 736 736 1268 1268 706 706 574 574 1842 1842 372 372 368 368 2968 2968 2968 2968 2968 2968 2968 2968 788 788 2968 2968 2968 2968 2968 2968 2968 2968 2968 2968 2968 2968 2968 2968 1324 1324 610 610 254 254 208 208 546 546 
246 246 208 208 208 208 208 208 262 262 336 336 734 734 620 620 470 470 566 566 308 308 284 284 492 492 534 534 444 444 686 686 622 622 470 470 460 460 284 284 306 306 386 386 974 974 254 254 694 694 1994 1994 442 442 650 650 2968 2968 2968 2968 2968 2968 704 704 2968 2968 2968 2968 2968 2968 574 574 2968 2968 2968 2968 2834 2834 252 252 364 364 254 254 208 208 454 454 
208 208 262 262 306 306 620 620 772 772 720 720 504 504 406 406 356 356 480 480 416 416 384 384 404 404 352 352 294 294 516 516 348 348 592 592 872 872 384 384 454 454 1938 1938 590 590 584 584 2968 2968 2968 2968 2968 2968 800 800 2968 2968 2968 2968 2968 2968 820 820 2968 2968 2968 2968 2786 2786 344 344 330 330 
208 208 628 628 352 352 392 392 746 746 754 754 642 642 698 698 652 652 652 652 470 470 772 772 484 484 382 382 586 586 518 518 322 322 614 614 398 398 794 794 322 322 208 208 246 246 208 208 242 242 1810 1810 794 794 2968 2968 2968 2968 2968 2968 728 728 2968 2968 2968 2968 2968 2968 414 414 2968 2968 2968 2968 2968 2968 384 384 2968 2968 2968 2968 524 524 296 296 654 654 274 274 208 208 592 592 
208 208 262 262 624 624 340 340 326 326 338 338 710 710 508 508 686 686 754 754 656 656 320 320 618 618 724 724 582 582 592 592 740 740 612 612 344 344 1362 1362 436 436 410 410 2006 2006 524 524 564 564 2968 2968 2968 2968 2968 2968 406 406 2968 2968 2968 2968 2968 2968 400 400 2968 2968 2968 2968 2968 2968 256 256 254 254 208 208 530 530 
208 208 262 262 688 688 278 278 512 512 466 466 696 696 596 596 424 424 628 628 386 386 406 406 290 290 442 442 728 728 390 390 388 388 276 276 1090 1090 530 530 2030 2030 628 628 436 436 2968 2968 2968 2968 2968 2968 800 800 2968 2968 2968 2968 2968 2968 644 644 2968 2968 2968 2968 2554 2554 606 606 272 272 254 254 208 208 414 414 246 246 208 208 208 208 
208 208 262 262 620 620 332 332 586 586 774 774 674 674 262 262 632 632 340 340 638 638 442 442 490 490 356 356 322 322 286 286 342 342 348 348 394 394 240 240 942 942 452 452 480 480 2174 2174 782 782 722 722 2968 2968 2968 2968 2968 2968 514 514 2968 2968 2968 2968 2968 2968 454 454 2968 2968 2968 2968 2968 2968 758 758 2968 2968 2968 2968 982 982 
208 208 262 262 426 426 746 746 360 360 594 594 762 762 452 452 694 694 464 464 532 532 572 572 424 424 574 574 618 618 682 682 436 436 336 336 436 436 948 948 542 542 2026 2026 502 502 2968 2968 2968 2968 2968 2968 800 800 2968 2968 2968 2968 2968 2968 576 576 2968 2968 2968 2968 2758 2758 640 640 588 588 254 254 208 208 290 290 246 246 208 208 208 208 
208 208 262 262 270 270 354 354 354 354 576 576 240 240 478 478 616 616 402 402 478 478 488 488 724 724 344 344 744 744 758 758 782 782 352 352 598 598 758 758 540 540 1408 1408 698 698 694 694 1714 1714 380 380 2968 2968 2968 2968 2968 2968 2968 2968 2968 2968 2968 2968 642 642 2968 2968 2968 2968 2968 2968 606 606 2968 2968 2964 2964 740 740 
208 208 262 262 690 690 562 562 590 590 750 750 566 566 778 778 244 244 432 432 622 622 310 310 522 522 430 430 472 472 690 690 732 732 394 394 298 298 672 672 688 688 916 916 546 546 1678 1678 388 388 444 444 2968 2968 2968 2968 2968 2968 424 424 2968 2968 2968 2968 2968 2968 374 374 2968 2968 2968 2968 2726 2726 350 350 662 662 618 618 254 254 208 208 668 668 
246 246 208 208 208 208 208 208 262 262 520 520 458 458 466 466 386 386 734 734 394 394 274 274 426 426 462 462 536 536 698 698 370 370 484 484 290 290 468 468 306 306 444 444 386 386 956 956 504 504 2112 2112 682 682 774 774 2968 2968 2968 2968 2968 2968 458 458 2968 2968 2968 2968 2968 2968 594 594 2968 2968 2968 2968 2968 2968 370 370 2968 2968 2968 2968 934 934 720 720 568 568 254 254 208 208 504 504 
208 208 262 262 600 600 480 480 420 420 542 542 356 356 370 370 550 550 396 396 394 394 690 690 774 774 346 346 294 294 748 748 676 676 624 624 426 426 1384 1384 608 608 1714 1714 628 628 658 658 2968 2968 2968 2968 2968 2968 816 816 2968 2968 2968 2968 2968 2968 350 350 2968 2968 2968 2968 2946 2946 732 732 208 208 254 254 
246 246 208 208 208 208 208 208 262 262 398 398 748 748 748 748 724 724 330 330 692 692 302 302 264 264 434 434 578 578 342 342 316 316 426 426 508 508 698 698 276 276 530 530 914 914 720 720 1710 1710 798 798 470 470 2968 2968 2968 2968 2968 2968 842 842 2968 2968 2968 2968 2968 2968 618 618 2968 2968 2968 2968 2968 2968 712 712 208 208 254 254 
208 208 262 262 494 494 660 660 272 272 370 370 714 714 256 256 722 722 722 722 398 398 356 356 750 750 326 326 538 538 458 458 526 526 478 478 710 710 1086 1086 622 622 374 374 1910 1910 374 374 610 610 2968 2968 2968 2968 2968 2968 2968 2968 616 616 2968 2968 2968 2968 710 710 2968 2968 2968 2968 2968 2968 414 414 2968 2968 2968 2968 1422 1422 510 510 
208 208 262 262 492 492 640 640 336 336 608 608 434 434 302 302 680 680 326 326 548 548 390 390 328 328 540 540 528 528 552 552 494 494 586 586 1196 1196 352 352 500 500 1840 1840 758 758 634 634 2968 2968 2968 2968 2968 2968 482 482 2968 2968 2968 2968 2968 2968 452 452 2968 2968 2968 2968 2968 2968 544 544 2968 2968 2968 2968 264 264 742 742 208 208 254 254 246 246 208 208 208 208 208 208 
208 208 262 262 494 494 384 384 446 446 608 608 674 674 374 374 298 298 434 434 542 542 380 380 604 604 544 544 774 774 596 596 572 572 292 292 244 244 1276 1276 532 532 664 664 1902 1902 504 504 552 552 2968 2968 2968 2968 2968 2968 582 582 2968 2968 2968 2968 2968 2968 450 450 2968 2968 2968 2968 2968 2968 278 278 2968 2968 2968 2968 324 324 662 662 250 250 654 654 
208 208 262 262 550 550 738 738 738 738 384 384 706 706 728 728 508 508 662 662 526 526 578 578 726 726 614 614 562 562 414 414 482 482 546 546 270 270 580 580 366 366 1034 1034 424 424 266 266 1990 1990 440 440 710 710 2968 2968 2968 2968 2968 2968 2968 2968 756 756 2968 2968 2968 2968 2968 2968 2968 2968 2968 2968 802 802 488 488 504 504 254 254 208 208 370 370 208 208 246 246 208 208 
208 208 262 262 520 520 374 374 436 436 348 348 652 652 356 356 286 286 606 606 628 628 416 416 654 654 464 464 794 794 466 466 500 500 636 636 1396 1396 286 286 2126 2126 688 688 476 476 2968 2968 2968 2968 2968 2968 562 562 2968 2968 2968 2968 2968 2968 652 652 2968 2968 2968 2968 2968 2968 294 294 2968 2968 2968 2968 408 408 638 638 208 208 254 254 
208 208 262 262 482 482 496 496 652 652 780 780 296 296 536 536 502 502 502 502 400 400 286 286 458 458 574 574 698 698 770 770 648 648 376 376 640 640 520 520 464 464 1190 1190 622 622 408 408 2220 2220 448 448 418 418 2968 2968 2968 2968 2968 2968 464 464 2968 2968 2968 2968 2968 2968 436 436 2968 2968 2968 2968 2968 2968 442 442 2968 2968 2968 2968 610 610 254 254 2968 2968 2968 2968 2492 2492 234 234 1046 1046 818 818 246 246 208 208 208 208 
208 208 262 262 702 702 700 700 572 572 448 448 382 382 522 522 562 562 542 542 334 334 352 352 774 774 528 528 362 362 578 578 508 508 296 296 1102 1102 660 660 436 436 228 228 766 766 592 592 208 208 406 406 1912 1912 424 424 378 378 2968 2968 2968 2968 2968 2968 792 792 2968 2968 2968 2968 2968 2968 486 486 2968 2968 2968 2968 2844 2844 610 610 308 308 254 254 208 208 706 706 
208 208 262 262 352 352 684 684 592 592 510 510 414 414 696 696 720 720 776 776 552 552 332 332 428 428 374 374 322 322 394 394 332 332 352 352 1030 1030 578 578 676 676 1656 1656 564 564 776 776 2968 2968 2968 2968 2968 2968 2968 2968 852 852 2968 2968 2968 2968 2968 2968 2968 2968 2968 2968 466 466 300 300 558 558 254 254 208 208 570 570 
246 246 208 208 208 208 208 208 262 262 634 634 378 378 330 330 500 500 362 362 288 288 462 462 322 322 524 524 414 414 776 776 580 580 282 282 454 454 682 682 336 336 548 548 1028 1028 360 360 452 452 1696 1696 418 418 2968 2968 2968 2968 2968 2968 612 612 2968 2968 2968 2968 2968 2968 774 774 2968 2968 2968 2968 2968 2968 208 208 484 484 486 486 254 254 208 208 670 670 
208 208 262 262 284 284 498 498 764 764 282 282 640 640 528 528 512 512 266 266 296 296 432 432 400 400 252 252 272 272 416 416 672 672 704 704 1112 1112 258 258 612 612 1856 1856 304 304 560 560 2968 2968 2968 2968 2968 2968 2968 2968 354 354 2968 2968 2968 2968 372 372 2968 2968 2968 2968 2968 2968 634 634 2968 2968 2968 2968 348 348 576 576 588 588 270 270 254 254 208 208 618 618 
208 208 262 262 694 694 382 382 246 246 208 208 208 208 208 208 490 490 494 494 652 652 580 580 320 320 612 612 510 510 558 558 690 690 314 314 674 674 504 504 296 296 732 732 624 624 500 500 362 362 904 904 584 584 336 336 1882 1882 422 422 444 444 2968 2968 2968 2968 2968 2968 828 828 2968 2968 2968 2968 2968 2968 388 388 2968 2968 2968 2968 2900 2900 652 652 444 444 640 640 254 254 208 208 394 394 
208 208 262 262 396 396 570 570 760 760 418 418 338 338 302 302 468 468 494 494 614 614 416 416 284 284 632 632 534 534 418 418 558 558 464 464 388 388 966 966 234 234 282 282 1924 1924 350 350 712 712 2968 2968 2968 2968 2968 2968 606 606 2968 2968 2968 2968 2968 2968 414 414 2968 2968 2968 2968 2886 2886 600 600 646 646 254 254 208 208 324 324 
208 208 262 262 584 584 512 512 280 280 360 360 454 454 678 678 582 582 544 544 446 446 544 544 298 298 680 680 446 446 642 642 228 228 538 538 334 334 632 632 1136 1136 464 464 516 516 1968 1968 642 642 394 394 2968 2968 2968 2968 2968 2968 670 670 2968 2968 2968 2968 2968 2968 598 598 2968 2968 2968 2968 2968 2968 688 688 2968 2968 2968 2968 546 546 570 570 354 354 288 288 228 228 254 254 208 208 666 666 246 246 208 208 208 208 
208 208 262 262 644 644 322 322 736 736 272 272 784 784 480 480 436 436 414 414 424 424 748 748 424 424 488 488 760 760 428 428 404 404 650 650 338 338 338 338 500 500 426 426 1014 1014 742 742 1976 1976 424 424 396 396 2968 2968 2968 2968 2968 2968 668 668 2968 2968 2968 2968 2968 2968 832 832 2968 2968 2968 2968 2954 2954 288 288 242 242 730 730 478 478 648 648 670 670 254 254 208 208 344 344 
208 208 262 262 662 662 630 630 666 666 558 558 544 544 394 394 388 388 292 292 502 502 404 404 606 606 436 436 556 556 632 632 328 328 674 674 688 688 1036 1036 588 588 718 718 2148 2148 644 644 2968 2968 2968 2968 2968 2968 2968 2968 676 676 2968 2968 2968 2968 2968 2968 2968 2968 2968 2968 2968 2968 2968 2968 1538 1538 246 246 254 254 208 208 286 286 246 246 208 208 208 208 
242 242 208 208 262 262 292 292 254 254 480 480 368 368 364 364 710 710 280 280 582 582 604 604 394 394 408 408 696 696 496 496 524 524 514 514 542 542 488 488 302 302 700 700 1288 1288 496 496 2128 2128 732 732 2968 2968 2968 2968 2968 2968 644 644 2968 2968 2968 2968 2968 2968 466 466 2968 2968 2968 2968 2968 2968 616 616 2968 2968 2968 2968 366 366 664 664 318 318 352 352 430 430 608 608 680 680 254 254 208 208 296 296 222 222 208 208 
2968 2968 2968 2968 1906 1906 2968 2968 2968 2968 1906 1906 640 640 228 228 628 628 700 700 242 242 640 640 228 228 590 590 590 590 550 550 240 240 734 734 746 746 316 316 312 312 484 484 442 442 570 570 450 450 528 528 414 414 498 498 724 724 646 646 646 646 456 456 692 692 1302 1302 634 634 354 354 1792 1792 712 712 384 384 2968 2968 2968 2968 2968 2968 610 610 2968 2968 2968 2968 2968 2968 732 732 2968 2968 2968 2968 2968 2968 992 992 380 380 454 454 690 690 274 274 208 208 390 390 
246 246 208 208 208 208 208 208 262 262 672 672 750 750 716 716 640 640 426 426 408 408 606 606 758 758 666 666 780 780 710 710 588 588 308 308 680 680 654 654 978 978 570 570 352 352 326 326 1806 1806 806 806 486 486 2968 2968 2968 2968 2968 2968 742 742 2968 2968 2968 2968 2968 2968 2968 2968 334 334 2968 2968 2968 2968 2968 2968 2968 2968 1128 1128 
208 208 262 262 552 552 338 338 710 710 324 324 704 704 502 502 682 682 542 542 566 566 414 414 636 636 564 564 760 760 238 238 432 432 614 614 406 406 328 328 516 516 280 280 1396 1396 626 626 486 486 2056 2056 360 360 486 486 2968 2968 2968 2968 2968 2968 390 390 2968 2968 2968 2968 2968 2968 2968 2968 2968 2968 2968 2968 684 684 658 658 688 688 516 516 254 254 208 208 570 570 
246 246 208 208 208 208 208 208 262 262 428 428 684 684 262 262 282 282 356 356 760 760 404 404 458 458 486 486 274 274 776 776 416 416 724 724 612 612 464 464 636 636 746 746 610 610 264 264 1154 1154 418 418 716 716 2074 2074 784 784 804 804 2968 2968 2968 2968 2968 2968 2968 2968 2968 2968 2968 2968 962 962 2968 2968 2968 2968 2678 2678 374 374 498 498 650 650 232 232 254 254 208 208 506 506 
208 208 262 262 714 714 262 262 314 314 512 512 786 786 302 302 326 326 256 256 698 698 358 358 356 356 350 350 490 490 578 578 556 556 640 640 460 460 550 550 1276 1276 342 342 358 358 2048 2048 554 554 784 784 2968 2968 2968 2968 2968 2968 770 770 2968 2968 2968 2968 2968 2968 2968 2968 2968 2968 2968 2968 1142 1142 
208 208 262 262 618 618 690 690 670 670 614 614 416 416 488 488 358 358 426 426 286 286 402 402 412 412 324 324 434 434 486 486 454 454 500 500 670 670 246 246 208 208 208 208 402 402 604 604 208 208 1058 1058 576 576 280 280 1766 1766 528 528 548 548 2968 2968 2968 2968 2968 2968 392 392 2968 2968 2968 2968 2968 2968 492 492 2968 2968 2968 2968 2968 2968 474 474 2968 2968 2968 2968 234 234 338 338 420 420 246 246 674 674 464 464 672 672 254 254 208 208 596 596 
208 208 262 262 262 262 538 538 756 756 768 768 416 416 394 394 486 486 544 544 406 406 756 756 574 574 486 486 544 544 380 380 636 636 754 754 684 684 1306 1306 482 482 718 718 1706 1706 718 718 810 810 2968 2968 2968 2968 2968 2968 350 350 2968 2968 2968 2968 2968 2968 726 726 2968 2968 2968 2968 2604 2604 558 558 
208 208 262 262 684 684 262 262 392 392 656 656 392 392 412 412 334 334 566 566 506 506 726 726 334 334 306 306 748 748 426 426 414 414 502 502 436 436 308 308 578 578 982 982 278 278 316 316 706 706 626 626 2018 2018 416 416 2968 2968 2968 2968 2968 2968 2968 2968 2968 2968 2968 2968 1094 1094 2968 2968 2968 2968 2720 2720 410 410 208 208 254 254 246 246 208 208 208 208 
428 428 428 428 228 228 428 428 628 628 582 582 520 520 228 228 698 698 518 518 612 612 774 774 500 500 372 372 256 256 744 744 512 512 486 486 610 610 666 666 674 674 324 324 420 420 522 522 298 298 532 532 810 810 530 530 256 256 2150 2150 568 568 326 326 2968 2968 2968 2968 2968 2968 594 594 2968 2968 2968 2968 2968 2968 398 398 2968 2968 2968 2968 2968 2968 2968 2968 2968 2968 1354 1354 706 706 492 492 548 548 728 728 718 718 246 246 208 208 208 208 
208 208 262 262 246 246 288 288 644 644 432 432 292 292 380 380 292 292 710 710 696 696 464 464 586 586 748 748 432 432 274 274 512 512 404 404 716 716 706 706 1074 1074 654 654 1816 1816 434 434 2968 2968 2968 2968 2968 2968 2968 2968 2968 2968 2968 2968 2968 2968 2968 2968 2968 2968 2968 2968 2968 2968 2072 2072 546 546 254 254 636 636 
208 208 262 262 278 278 682 682 438 438 330 330 340 340 722 722 362 362 336 336 696 696 768 768 386 386 366 366 718 718 750 750 372 372 730 730 640 640 932 932 524 524 604 604 1830 1830 718 718 566 566 2968 2968 2968 2968 2968 2968 2968 2968 2968 2968 2968 2968 2968 2968 2968 2968 2968 2968 1336 1336 
246 246 208 208 208 208 208 208 262 262 678 678 242 242 450 450 624 624 754 754 740 740 458 458 614 614 614 614 536 536 402 402 708 708 488 488 754 754 376 376 702 702 272 272 336 336 342 342 282 282 658 658 1004 1004 716 716 2052 2052 654 654 330 330 2968 2968 2968 2968 2968 2968 740 740 2968 2968 2968 2968 2968 2968 460 460 2968 2968 2968 2968 2968 2968 390 390 2968 2968 2968 2968 722 722 494 494 606 606 260 260 592 592 254 254 208 208 528 528 
208 208 262 262 534 534 350 350 296 296 476 476 682 682 632 632 708 708 716 716 318 318 716 716 482 482 480 480 714 714 408 408 270 270 340 340 322 322 708 708 600 600 1280 1280 516 516 430 430 1876 1876 678 678 2968 2968 2968 2968 2968 2968 592 592 2968 2968 2968 2968 2968 2968 478 478 2968 2968 2968 2968 2968 2968 572 572 2968 2968 2968 2968 294 294 254 254 
246 246 208 208 208 208 208 208 262 262 374 374 372 372 292 292 752 752 726 726 612 612 706 706 738 738 306 306 296 296 546 546 724 724 770 770 492 492 756 756 402 402 326 326 782 782 286 286 432 432 738 738 1874 1874 608 608 428 428 2968 2968 2968 2968 2968 2968 684 684 2968 2968 2968 2968 2968 2968 2968 2968 2968 2968 2968 2968 1032 1032 
208 208 262 262 394 394 690 690 228 228 464 464 404 404 712 712 730 730 258 258 318 318 520 520 464 464 528 528 320 320 494 494 330 330 538 538 332 332 298 298 748 748 1250 1250 618 618 2050 2050 348 348 658 658 644 644 2968 2968 2968 2968 2968 2968 758 758 2968 2968 2968 2968 2968 2968 712 712 2968 2968 2968 2968 2968 2968 376 376 2968 2968 2968 2968 238 238 456 456 478 478 642 642 254 254 208 208 570 570 
208 208 262 262 336 336 452 452 346 346 690 690 692 692 380 380 266 266 510 510 376 376 674 674 740 740 484 484 404 404 364 364 324 324 642 642 362 362 1002 1002 722 722 678 678 1674 1674 812 812 678 678 2968 2968 2968 2968 2968 2968 450 450 2968 2968 2968 2968 2968 2968 350 350 2968 2968 2968 2968 2968 2968 598 598 330 330 208 208 246 246 208 208 
208 208 262 262 696 696 246 246 246 246 676 676 512 512 306 306 660 660 528 528 284 284 250 250 340 340 418 418 688 688 736 736 462 462 416 416 728 728 676 676 590 590 368 368 568 568 486 486 1042 1042 508 508 1818 1818 630 630 512 512 2968 2968 2968 2968 2968 2968 2968 2968 2968 2968 2968 2968 698 698 2968 2968 2968 2968 2660 2660 324 324 296 296 344 344 576 576 254 254 208 208 316 316 
242 242 208 208 262 262 654 654 632 632 638 638 356 356 484 484 272 272 446 446 742 742 354 354 462 462 368 368 488 488 602 602 544 544 296 296 466 466 314 314 1256 1256 402 402 452 452 2040 2040 482 482 498 498 556 556 2968 2968 2968 2968 2968 2968 438 438 2968 2968 2968 2968 2968 2968 388 388 2968 2968 2968 2968 2968 2968 340 340 2968 2968 2928 2928 310 310 208 208 254 254 246 246 208 208 208 208 
208 208 262 262 528 528 540 540 528 528 652 652 474 474 564 564 620 620 496 496 474 474 482 482 270 270 384 384 320 320 388 388 616 616 560 560 320 320 822 822 288 288 1840 1840 528 528 592 592 2968 2968 2968 2968 2968 2968 538 538 2968 2968 2968 2968 2968 2968 614 614 2968 2968 2968 2968 2968 2968 738 738 2968 2968 2968 2968 264 264 902 902 
208 208 262 262 452 452 384 384 720 720 526 526 770 770 322 322 496 496 530 530 530 530 698 698 506 506 416 416 770 770 434 434 280 280 638 638 506 506 380 380 490 490 504 504 1142 1142 650 650 1708 1708 594 594 2968 2968 2968 2968 2968 2968 790 790 2968 2968 2968 2968 2968 2968 506 506 2968 2968 2968 2968 2838 2838 372 372 646 646 614 614 302 302 254 254 208 208 332 332 246 246 208 208 208 208 
326 326 482 482 736 736 1226 1226 422 422 1762 1762 580 580 352 352 2968 2968 2968 2968 2968 2968 552 552 2968 2968 2968 2968 2968 2968 470 470 2968 2968 2968 2968 2968 2968 418 418 
208 208 262 262 742 742 540 540 294 294 710 710 364 364 410 410 680 680 622 622 282 282 730 730 654 654 728 728 696 696 386 386 470 470 380 380 684 684 574 574 514 514 566 566 1276 1276 652 652 528 528 2080 2080 722 722 670 670 2968 2968 2968 2968 2968 2968 678 678 2968 2968 2968 2968 2968 2968 516 516 2968 2968 2968 2968 2968 2968 752 752 2968 2968 2968 2968 386 386 592 592 690 690 280 280 374 374 254 254 208 208 272 272 
246 246 208 208 208 208 208 208 208 208 262 262 564 564 268 268 434 434 420 420 760 760 570 570 724 724 456 456 230 230 458 458 712 712 696 696 774 774 738 738 244 244 776 776 434 434 482 482 968 968 416 416 534 534 1802 1802 550 550 814 814 2968 2968 2968 2968 2968 2968 478 478 2968 2968 2968 2968 2968 2968 694 694 2968 2968 2968 2968 2886 2886 268 268 592 592 678 678 220 220 254 254 208 208 598 598 
208 208 262 262 298 298 604 604 342 342 618 618 392 392 598 598 552 552 276 276 624 624 584 584 480 480 486 486 764 764 672 672 692 692 392 392 758 758 386 386 396 396 1140 1140 658 658 234 234 1970 1970 352 352 594 594 2968 2968 2968 2968 2968 2968 578 578 2968 2968 2968 2968 2968 2968 480 480 2968 2968 2968 2968 2626 2626 472 472 300 300 658 658 282 282 254 254 208 208 416 416 
208 208 262 262 428 428 724 724 574 574 246 246 208 208 208 208 736 736 736 736 538 538 686 686 688 688 290 290 374 374 456 456 626 626 582 582 660 660 592 592 672 672 684 684 326 326 562 562 1192 1192 388 388 426 426 726 726 2108 2108 404 404 314 314 2968 2968 2968 2968 2968 2968 826 826 2968 2968 2968 2968 2968 2968 406 406 2968 2968 2968 2968 2968 2968 612 612 2968 2968 2968 2968 582 582 590 590 646 646 518 518 254 254 208 208 672 672 
208 208 262 262 282 282 732 732 298 298 462 462 288 288 524 524 682 682 648 648 710 710 446 446 566 566 276 276 656 656 742 742 406 406 664 664 252 252 1088 1088 408 408 532 532 1916 1916 676 676 442 442 2968 2968 2968 2968 2968 2968 2968 2968 420 420 2968 2968 2968 2968 786 786 2968 2968 2968 2968 2968 2968 472 472 
208 208 262 262 660 660 372 372 502 502 336 336 342 342 696 696 396 396 396 396 330 330 540 540 350 350 436 436 734 734 688 688 510 510 626 626 516 516 278 278 938 938 286 286 426 426 1764 1764 448 448 318 318 2968 2968 2968 2968 2968 2968 2968 2968 600 600 2968 2968 2968 2968 548 548 2968 2968 2968 2968 2968 2968 256 256 422 422 726 726 466 466 254 254 208 208 496 496 246 246 208 208 208 208 
208 208 262 262 530 530 440 440 570 570 342 342 660 660 734 734 668 668 562 562 542 542 332 332 626 626 406 406 338 338 560 560 756 756 590 590 750 750 356 356 384 384 920 920 268 268 2192 2192 716 716 448 448 2968 2968 2968 2968 2968 2968 2968 2968 402 402 2968 2968 2968 2968 564 564 2968 2968 2968 2968 2968 2968 2968 2968 2968 2968 1068 1068 578 578 656 656 422 422 254 254 208 208 704 704 
208 208 262 262 284 284 610 610 558 558 392 392 428 428 458 458 436 436 770 770 720 720 588 588 536 536 296 296 694 694 650 650 460 460 608 608 522 522 586 586 1032 1032 262 262 610 610 2058 2058 482 482 2968 2968 2968 2968 2968 2968 674 674 2968 2968 2968 2968 2968 2968 670 670 2968 2968 2968 2968 2660 2660 572 572 510 510 254 254 208 208 292 292 246 246 208 208 208 208 
208 208 262 262 576 576 710 710 642 642 634 634 470 470 432 432 600 600 418 418 636 636 636 636 588 588 306 306 684 684 332 332 444 444 418 418 504 504 718 718 446 446 720 720 764 764 1060 1060 366 366 2024 2024 476 476 2968 2968 2968 2968 2968 2968 2968 2968 442 442 2968 2968 2968 2968 2968 2968 2968 2968 2968 2968 2968 2968 2968 2968 1392 1392 514 514 448 448 280 280 442 442 706 706 426 426 254 254 208 208 568 568 
208 208 262 262 398 398 628 628 296 296 310 310 446 446 318 318 438 438 398 398 544 544 376 376 280 280 378 378 726 726 378 378 550 550 416 416 392 392 606 606 1182 1182 650 650 2074 2074 564 564 2968 2968 2968 2968 2968 2968 2968 2968 2968 2968 2968 2968 958 958 2968 2968 2968 2968 2902 2902 366 366 240 240 642 642 254 254 208 208 348 348 
246 246 208 208 208 208 208 208 262 262 430 430 638 638 488 488 714 714 642 642 752 752 538 538 448 448 288 288 492 492 242 242 636 636 488 488 458 458 538 538 730 730 768 768 424 424 1132 1132 396 396 406 406 1804 1804 684 684 804 804 2968 2968 2968 2968 2968 2968 352 352 2968 2968 2968 2968 2968 2968 704 704 2968 2968 2968 2968 2544 2544 382 382 486 486 
208 208 262 262 680 680 556 556 688 688 638 638 562 562 438 438 774 774 550 550 308 308 316 316 742 742 354 354 556 556 328 328 642 642 432 432 472 472 498 498 692 692 380 380 1252 1252 516 516 736 736 1764 1764 344 344 800 800 2968 2968 2968 2968 2968 2968 2968 2968 512 512 2968 2968 2968 2968 2968 2968 2968 2968 2968 2968 990 990 470 470 708 708 402 402 254 254 208 208 310 310 
246 246 208 208 208 208 208 208 262 262 478 478 330 330 694 694 360 360 674 674 634 634 750 750 536 536 604 604 726 726 548 548 654 654 592 592 624 624 350 350 400 400 490 490 616 616 612 612 1098 1098 430 430 2060 2060 522 522 716 716 2968 2968 2968 2968 2968 2968 778 778 2968 2968 2968 2968 2968 2968 608 608 2968 2968 2968 2968 2968 2968 292 292 2968 2968 2968 2968 954 954 562 562 324 324 442 442 250 250 254 254 208 208 220 220 
208 208 262 262 376 376 718 718 544 544 756 756 760 760 574 574 454 454 356 356 538 538 688 688 316 316 396 396 680 680 390 390 414 414 534 534 326 326 1296 1296 696 696 354 354 1790 1790 382 382 2968 2968 2968 2968 2968 2968 446 446 2968 2968 2968 2968 2968 2968 572 572 2968 2968 2968 2968 2968 2968 572 572 2968 2968 2968 2968 660 660 208 208 254 254 
208 208 628 628 336 336 588 588 616 616 530 530 368 368 478 478 618 618 598 598 312 312 682 682 578 578 274 274 526 526 414 414 688 688 740 740 520 520 630 630 550 550 246 246 208 208 208 208 560 560 278 278 1214 1214 208 208 602 602 1914 1914 624 624 546 546 2968 2968 2968 2968 2968 2968 660 660 2968 2968 2968 2968 2968 2968 518 518 2968 2968 2968 2968 2572 2572 232 232 374 374 730 730 472 472 664 664 546 546 974 974 
208 208 262 262 660 660 280 280 552 552 294 294 386 386 460 460 582 582 736 736 732 732 556 556 702 702 448 448 296 296 476 476 420 420 426 426 476 476 550 550 680 680 506 506 1072 1072 594 594 568 568 1904 1904 758 758 2968 2968 2968 2968 2968 2968 832 832 2968 2968 2968 2968 2968 2968 440 440 2968 2968 2968 2968 2968 2968 734 734 2968 2968 2968 2968 922 922 592 592 600 600 718 718 700 700 494 494 254 254 208 208 552 552 
208 208 262 262 294 294 292 292 638 638 432 432 728 728 322 322 318 318 460 460 494 494 696 696 438 438 666 666 492 492 294 294 388 388 666 666 1020 1020 476 476 390 390 2144 2144 430 430 2968 2968 2968 2968 2968 2968 626 626 2968 2968 2968 2968 2968 2968 400 400 2968 2968 2968 2968 2968 2968 710 710 2968 2968 2968 2968 1022 1022 246 246 208 208 208 208 
208 208 262 262 240 240 626 626 482 482 638 638 564 564 710 710 738 738 440 440 506 506 620 620 320 320 604 604 754 754 766 766 536 536 884 884 448 448 626 626 556 556 2092 2092 640 640 648 648 2968 2968 2968 2968 2968 2968 824 824 2968 2968 2968 2968 2968 2968 692 692 2968 2968 2968 2968 2968 2968 380 380 2968 2968 2968 2968 868 868 558 558 254 254 208 208 576 576 
208 208 262 262 464 464 646 646 646 646 388 388 668 668 676 676 752 752 270 270 580 580 446 446 606 606 746 746 426 426 526 526 606 606 398 398 618 618 1164 1164 604 604 1882 1882 612 612 450 450 2968 2968 2968 2968 2968 2968 2968 2968 482 482 2968 2968 2968 2968 612 612 2968 2968 2968 2968 2968 2968 708 708 552 552 254 254 208 208 692 692 246 246 208 208 208 208 
208 208 262 262 732 732 728 728 728 728 252 252 528 528 562 562 766 766 464 464 640 640 282 282 378 378 340 340 652 652 446 446 468 468 644 644 466 466 598 598 330 330 306 306 438 438 1298 1298 610 610 400 400 1826 1826 472 472 366 366 2968 2968 2968 2968 2968 2968 446 446 2968 2968 2968 2968 2968 2968 588 588 2968 2968 2968 2968 2672 2672 572 572 676 676 254 254 208 208 566 566 
208 208 262 262 620 620 410 410 322 322 322 322 582 582 732 732 452 452 416 416 266 266 690 690 246 246 308 308 626 626 486 486 720 720 528 528 734 734 404 404 350 350 278 278 1080 1080 614 614 492 492 490 490 2010 2010 682 682 532 532 2968 2968 2968 2968 2968 2968 676 676 2968 2968 2968 2968 2968 2968 732 732 2968 2968 2968 2968 2968 2968 2968 2968 2968 2968 838 838 634 634 732 732 702 702 254 254 208 208 408 408 
246 246 208 208 208 208 208 208 262 262 396 396 618 618 294 294 484 484 326 326 570 570 744 744 346 346 556 556 648 648 596 596 528 528 492 492 586 586 336 336 580 580 610 610 348 348 558 558 396 396 472 472 690 690 1034 1034 368 368 606 606 1744 1744 692 692 484 484 2968 2968 2968 2968 2968 2968 806 806 2968 2968 2968 2968 2968 2968 788 788 2968 2968 2968 2968 2968 2968 480 480 2968 2968 2968 2968 720 720 518 518 372 372 718 718 520 520 404 404 254 254 208 208 530 530 
208 208 262 262 316 316 678 678 448 448 600 600 714 714 406 406 690 690 502 502 510 510 550 550 700 700 384 384 474 474 652 652 502 502 392 392 1204 1204 736 736 1814 1814 490 490 328 328 2968 2968 2968 2968 2968 2968 390 390 2968 2968 2968 2968 2968 2968 338 338 2968 2968 2968 2968 2514 2514 612 612 208 208 254 254 
208 208 262 262 620 620 474 474 352 352 294 294 486 486 438 438 524 524 208 208 246 246 208 208 568 568 276 276 360 360 322 322 408 408 778 778 546 546 668 668 698 698 1098 1098 510 510 680 680 1844 1844 730 730 358 358 2968 2968 2968 2968 2968 2968 834 834 2968 2968 2968 2968 2968 2968 462 462 2968 2968 2968 2968 2968 2968 360 360 2968 2968 2968 2968 800 800 
208 208 262 262 322 322 662 662 662 662 266 266 328 328 674 674 434 434 752 752 468 468 382 382 430 430 772 772 726 726 500 500 446 446 526 526 682 682 420 420 508 508 374 374 1248 1248 454 454 1978 1978 642 642 490 490 2968 2968 2968 2968 2968 2968 668 668 2968 2968 2968 2968 2968 2968 456 456 2968 2968 2968 2968 2968 2968 270 270 374 374 464 464 254 254 208 208 416 416 
208 208 262 262 446 446 640 640 232 232 356 356 420 420 546 546 410 410 396 396 576 576 310 310 384 384 512 512 438 438 604 604 524 524 624 624 290 290 524 524 632 632 288 288 390 390 1216 1216 722 722 602 602 1976 1976 750 750 592 592 2968 2968 2968 2968 2968 2968 2968 2968 598 598 2968 2968 2968 2968 2968 2968 2968 2968 2968 2968 2968 2968 2968 2968 1732 1732 458 458 576 576 256 256 254 254 208 208 280 280 246 246 208 208 208 208 
208 208 262 262 296 296 716 716 666 666 600 600 500 500 704 704 534 534 272 272 452 452 626 626 442 442 378 378 516 516 422 422 536 536 588 588 534 534 718 718 706 706 1056 1056 690 690 698 698 2030 2030 690 690 706 706 2968 2968 2968 2968 2968 2968 554 554 2968 2968 2968 2968 2968 2968 386 386 2968 2968 2968 2968 2928 2928 232 232 460 460 262 262 696 696 612 612 252 252 254 254 208 208 578 578 
208 208 262 262 380 380 402 402 344 344 536 536 762 762 286 286 286 286 314 314 396 396 622 622 538 538 456 456 320 320 730 730 386 386 518 518 646 646 436 436 1178 1178 296 296 1822 1822 664 664 2968 2968 2968 2968 2968 2968 2968 2968 726 726 2968 2968 2968 2968 2968 2968 2968 2968 2968 2968 1498 1498 246 246 208 208 208 208 
208 208 262 262 544 544 302 302 668 668 584 584 572 572 438 438 660 660 304 304 432 432 620 620 742 742 486 486 286 286 514 514 366 366 612 612 1052 1052 316 316 286 286 1772 1772 380 380 322 322 2968 2968 2968 2968 2968 2968 2968 2968 2968 2968 2968 2968 714 714 2968 2968 2968 2968 2706 2706 424 424 208 208 254 254 
208 208 262 262 596 596 500 500 500 500 484 484 472 472 346 346 620 620 626 626 702 702 652 652 772 772 514 514 480 480 570 570 382 382 508 508 634 634 694 694 624 624 612 612 1166 1166 452 452 612 612 1834 1834 614 614 2968 2968 2968 2968 2968 2968 2968 2968 904 904 2968 2968 2968 2968 2968 2968 2968 2968 2968 2968 2968 2968 2968 2968 974 974 610 610 254 254 208 208 498 498 
246 246 208 208 208 208 208 208 262 262 580 580 470 470 336 336 394 394 640 640 654 654 504 504 484 484 624 624 304 304 430 430 338 338 304 304 646 646 644 644 510 510 764 764 360 360 278 278 294 294 1182 1182 476 476 1892 1892 792 792 2968 2968 2968 2968 2968 2968 2968 2968 2968 2968 2968 2968 808 808 2968 2968 2968 2968 2604 2604 414 414 734 734 316 316 262 262 254 254 208 208 418 418 
208 208 262 262 286 286 290 290 652 652 616 616 280 280 292 292 470 470 374 374 766 766 736 736 688 688 786 786 552 552 404 404 288 288 352 352 330 330 922 922 392 392 1818 1818 642 642 2968 2968 2968 2968 2968 2968 672 672 2968 2968 2968 2968 2968 2968 442 442 2968 2968 2968 2968 2968 2968 660 660 2968 2968 2968 2968 596 596 
208 208 246 246 208 208 208 208 262 262 618 618 572 572 700 700 694 694 770 770 550 550 556 556 292 292 344 344 746 746 532 532 384 384 384 384 384 384 696 696 770 770 672 672 748 748 572 572 1076 1076 440 440 1840 1840 534 534 544 544 2968 2968 2968 2968 2968 2968 522 522 2968 2968 2968 2968 2968 2968 392 392 2968 2968 2968 2968 2968 2968 748 748 2968 2968 2968 2968 592 592 644 644 618 618 668 668 254 254 208 208 532 532 
208 208 262 262 686 686 578 578 638 638 632 632 554 554 644 644 656 656 410 410 308 308 286 286 312 312 768 768 450 450 506 506 672 672 362 362 1006 1006 506 506 2142 2142 436 436 2968 2968 2968 2968 2968 2968 2968 2968 2968 2968 2968 2968 946 946 2968 2968 2968 2968 2968 2968 720 720 2968 2968 2968 2968 344 344 208 208 254 254 
208 208 262 262 610 610 698 698 698 698 346 346 396 396 676 676 728 728 304 304 670 670 530 530 568 568 366 366 424 424 604 604 546 546 698 698 554 554 486 486 1032 1032 510 510 558 558 1826 1826 682 682 2968 2968 2968 2968 2968 2968 760 760 2968 2968 2968 2968 2968 2968 616 616 2968 2968 2968 2968 2630 2630 596 596 372 372 254 254 208 208 320 320 246 246 208 208 208 208 2968 2968 2896 2896 2968 2968 704 704 228 228 766 766 592 592 208 208 
208 208 262 262 260 260 638 638 572 572 706 706 642 642 684 684 388 388 450 450 450 450 668 668 680 680 448 448 750 750 674 674 708 708 344 344 922 922 326 326 1898 1898 810 810 522 522 2968 2968 2968 2968 2968 2968 2968 2968 716 716 2968 2968 2968 2968 650 650 2968 2968 2968 2968 2890 2890 600 600 330 330 
208 208 262 262 338 338 476 476 476 476 422 422 438 438 636 636 656 656 308 308 678 678 546 546 716 716 588 588 506 506 640 640 732 732 320 320 412 412 326 326 460 460 692 692 1156 1156 358 358 1756 1756 322 322 496 496 2968 2968 2968 2968 2968 2968 332 332 2968 2968 2968 2968 2968 2968 2968 2968 2968 2968 2968 2968 2968 2968 2968 2968 1354 1354 560 560 354 354 230 230 254 254 208 208 622 622 246 246 208 208 208 208 
208 208 262 262 564 564 558 558 420 420 276 276 440 440 778 778 448 448 256 256 698 698 702 702 348 348 484 484 680 680 660 660 446 446 698 698 702 702 400 400 1384 1384 730 730 268 268 632 632 2082 2082 768 768 414 414 2968 2968 2968 2968 2968 2968 696 696 2968 2968 2968 2968 2968 2968 394 394 2968 2968 2968 2968 2968 2968 412 412 454 454 254 254 208 208 434 434 
208 208 262 262 742 742 338 338 310 310 764 764 482 482 444 444 322 322 672 672 382 382 730 730 604 604 448 448 742 742 438 438 542 542 704 704 526 526 252 252 1316 1316 396 396 698 698 364 364 1948 1948 466 466 776 776 2968 2968 2968 2968 2968 2968 766 766 2968 2968 2968 2968 2968 2968 344 344 2968 2968 2968 2968 2968 2968 234 234 330 330 246 246 208 208 208 208 
208 208 262 262 558 558 326 326 288 288 734 734 398 398 246 246 626 626 634 634 668 668 302 302 326 326 664 664 776 776 704 704 522 522 486 486 452 452 1026 1026 722 722 1840 1840 514 514 546 546 2968 2968 2968 2968 2968 2968 834 834 2968 2968 2968 2968 2968 2968 2968 2968 2968 2968 2968 2968 678 678 332 332 254 254 208 208 710 710 
208 208 262 262 570 570 380 380 686 686 528 528 396 396 254 254 562 562 752 752 480 480 492 492 422 422 436 436 754 754 450 450 780 780 292 292 288 288 702 702 394 394 706 706 1292 1292 428 428 618 618 1800 1800 648 648 792 792 2968 2968 2968 2968 2968 2968 766 766 2968 2968 2968 2968 2968 2968 634 634 2968 2968 2968 2968 2968 2968 420 420 2968 2968 2968 2968 732 732 572 572 558 558 296 296 254 254 208 208 664 664 
208 208 246 246 208 208 208 208 628 628 580 580 566 566 268 268 620 620 408 408 576 576 500 500 548 548 566 566 750 750 608 608 402 402 548 548 500 500 536 536 634 634 552 552 386 386 1262 1262 638 638 1884 1884 592 592 2968 2968 2968 2968 2968 2968 580 580 2968 2968 2968 2968 2968 2968 396 396 2968 2968 2968 2968 2722 2722 602 602 580 580 274 274 208 208 392 392 
208 208 262 262 608 608 486 486 410 410 290 290 424 424 684 684 700 700 706 706 706 706 668 668 608 608 526 526 688 688 284 284 404 404 710 710 464 464 302 302 1196 1196 662 662 254 254 672 672 2142 2142 586 586 2968 2968 2968 2968 2968 2968 690 690 2968 2968 2968 2968 2968 2968 366 366 2968 2968 2968 2968 2854 2854 240 240 700 700 254 254 208 208 270 270 
246 246 208 208 222 222 208 208 208 208 208 208 262 262 652 652 712 712 542 542 524 524 654 654 522 522 616 616 666 666 534 534 372 372 242 242 540 540 432 432 376 376 666 666 242 242 510 510 534 534 242 242 268 268 278 278 1336 1336 532 532 242 242 680 680 338 338 2116 2116 244 244 340 340 2968 2968 2968 2968 2968 2968 802 802 2968 2968 2968 2968 2968 2968 516 516 2968 2968 2968 2968 2870 2870 292 292 254 254 208 208 594 594 
208 208 262 262 396 396 464 464 618 618 564 564 338 338 630 630 694 694 448 448 744 744 302 302 470 470 374 374 468 468 280 280 580 580 512 512 1154 1154 650 650 1942 1942 520 520 548 548 2968 2968 2968 2968 2968 2968 748 748 2968 2968 2968 2968 2968 2968 306 306 2968 2968 2968 2968 2968 2968 2968 2968 2968 2968 1072 1072 
208 208 262 262 650 650 600 600 382 382 638 638 272 272 418 418 258 258 290 290 584 584 300 300 628 628 482 482 742 742 682 682 490 490 732 732 334 334 910 910 410 410 536 536 532 532 1778 1778 476 476 790 790 2968 2968 2968 2968 2968 2968 390 390 2968 2968 2968 2968 2968 2968 828 828 2968 2968 2968 2968 2964 2964 326 326 330 330 2968 2968 2968 2968 2894 2894 2894 2894 736 736 228 228 326 326 208 208 
208 208 262 262 598 598 428 428 664 664 410 410 502 502 566 566 670 670 528 528 268 268 372 372 586 586 554 554 392 392 458 458 674 674 588 588 674 674 1242 1242 286 286 2198 2198 652 652 716 716 2968 2968 2968 2968 2968 2968 496 496 2968 2968 2968 2968 2968 2968 640 640 2968 2968 2968 2968 2968 2968 768 768 2968 2968 2968 2968 240 240 276 276 1168 1168 
208 208 262 262 232 232 518 518 384 384 780 780 390 390 724 724 640 640 354 354 666 666 738 738 444 444 570 570 332 332 692 692 426 426 654 654 574 574 704 704 850 850 294 294 2102 2102 548 548 450 450 2968 2968 2968 2968 2968 2968 2968 2968 814 814 2968 2968 2968 2968 666 666 2968 2968 2968 2968 2966 2966 678 678 208 208 254 254 246 246 208 208 208 208 208 208 
208 208 262 262 708 708 388 388 388 388 720 720 530 530 726 726 744 744 744 744 356 356 538 538 564 564 328 328 374 374 394 394 734 734 664 664 288 288 476 476 956 956 650 650 656 656 2126 2126 554 554 628 628 2968 2968 2968 2968 2968 2968 820 820 2968 2968 2968 2968 2968 2968 360 360 2968 2968 2968 2968 2968 2968 534 534 2968 2968 2968 2968 722 722 470 470 480 480 254 254 208 208 634 634 
208 208 262 262 536 536 576 576 698 698 730 730 340 340 528 528 696 696 710 710 412 412 338 338 302 302 628 628 790 790 348 348 506 506 934 934 720 720 336 336 288 288 362 362 2000 2000 780 780 694 694 2968 2968 2968 2968 2968 2968 752 752 2968 2968 2968 2968 2968 2968 826 826 2968 2968 2968 2968 2602 2602 430 430 296 296 254 254 208 208 348 348 246 246 208 208 208 208 
208 208 262 262 338 338 594 594 594 594 262 262 444 444 514 514 444 444 536 536 616 616 610 610 696 696 584 584 360 360 736 736 302 302 446 446 764 764 278 278 300 300 620 620 674 674 666 666 768 768 258 258 370 370 1816 1816 666 666 734 734 2968 2968 2968 2968 2968 2968 596 596 2968 2968 2968 2968 2968 2968 834 834 2968 2968 2968 2968 2738 2738 294 294 312 312 254 254 208 208 444 444 
208 208 262 262 332 332 414 414 352 352 432 432 592 592 600 600 626 626 608 608 320 320 424 424 720 720 524 524 470 470 726 726 648 648 308 308 626 626 1276 1276 560 560 500 500 1808 1808 690 690 528 528 2968 2968 2968 2968 2968 2968 932 932 2968 2968 2968 2968 2968 2968 2968 2968 2968 2968 2968 2968 924 924 566 566 254 254 750 750 
246 246 208 208 208 208 208 208 262 262 682 682 566 566 566 566 680 680 548 548 750 750 478 478 386 386 304 304 504 504 554 554 426 426 754 754 694 694 494 494 424 424 624 624 578 578 552 552 354 354 1180 1180 734 734 1860 1860 608 608 622 622 2968 2968 2968 2968 2968 2968 598 598 2968 2968 2968 2968 2968 2968 702 702 2968 2968 2968 2968 2968 2968 300 300 2968 2968 2968 2968 306 306 286 286 526 526 410 410 708 708 254 254 208 208 308 308 
208 208 262 262 272 272 688 688 430 430 348 348 790 790 754 754 710 710 554 554 426 426 544 544 604 604 702 702 716 716 396 396 614 614 308 308 424 424 584 584 598 598 1398 1398 696 696 1678 1678 394 394 426 426 620 620 2968 2968 2968 2968 2968 2968 2968 2968 488 488 2968 2968 2968 2968 772 772 2968 2968 2968 2968 2506 2506 332 332 244 244 254 254 208 208 484 484 
208 208 262 262 346 346 330 330 522 522 532 532 714 714 628 628 246 246 208 208 208 208 300 300 494 494 490 490 334 334 458 458 472 472 688 688 368 368 540 540 416 416 1028 1028 728 728 502 502 2198 2198 722 722 626 626 2968 2968 2968 2968 2968 2968 664 664 2968 2968 2968 2968 2968 2968 742 742 2968 2968 2968 2968 2968 2968 780 780 2968 2968 2968 2968 680 680 330 330 
208 208 262 262 624 624 650 650 668 668 750 750 344 344 510 510 342 342 424 424 666 666 754 754 622 622 738 738 442 442 718 718 290 290 354 354 300 300 566 566 922 922 666 666 312 312 2110 2110 422 422 2968 2968 2968 2968 2968 2968 2968 2968 2968 2968 2968 2968 590 590 2968 2968 2968 2968 2968 2968 670 670 254 254 208 208 642 642 
208 208 262 262 448 448 720 720 430 430 628 628 444 444 688 688 770 770 252 252 446 446 542 542 366 366 550 550 630 630 648 648 620 620 480 480 500 500 332 332 1408 1408 242 242 422 422 1788 1788 678 678 520 520 2968 2968 2968 2968 2968 2968 606 606 2968 2968 2968 2968 2968 2968 2968 2968 2968 2968 2968 2968 2968 2968 2968 2968 2030 2030 208 208 246 246 208 208 
208 208 262 262 418 418 356 356 708 708 618 618 548 548 314 314 764 764 718 718 482 482 758 758 578 578 370 370 516 516 232 232 690 690 676 676 1226 1226 622 622 392 392 1922 1922 718 718 380 380 2968 2968 2968 2968 2968 2968 2968 2968 2968 2968 2968 2968 682 682 2968 2968 2968 2968 2968 2968 326 326 2968 2968 2968 2968 582 582 
208 208 262 262 266 266 358 358 358 358 410 410 422 422 714 714 694 694 434 434 434 434 518 518 676 676 512 512 494 494 438 438 650 650 580 580 394 394 672 672 250 250 1262 1262 360 360 708 708 266 266 1914 1914 690 690 2968 2968 2968 2968 2968 2968 2968 2968 744 744 2968 2968 2968 2968 2968 2968 2968 2968 2968 2968 798 798 422 422 254 254 208 208 690 690 208 208 246 246 208 208 
