208 208 286 286 270 270 480 480 580 580 502 502 626 626 528 528 264 264 336 336 374 374 354 354 654 654 388 388 862 862 624 624 498 498 1892 1892 484 484 648 648 2968 2968 1440 1440 346 346 436 436 254 254 208 208 272 272 246 246 208 208 208 208 
208 208 262 262 352 352 658 658 286 286 366 366 616 616 512 512 692 692 756 756 390 390 308 308 440 440 576 576 1038 1038 646 646 520 520 2144 2144 448 448 700 700 2968 2968 1076 1076 662 662 600 600 254 254 208 208 222 222 
208 208 262 262 430 430 680 680 680 680 536 536 304 304 338 338 568 568 266 266 432 432 698 698 666 666 336 336 576 576 408 408 1116 1116 506 506 1712 1712 340 340 564 564 658 658 2968 2968 2968 2968 2968 2968 688 688 2968 2968 470 470 598 598 388 388 254 254 208 208 574 574 246 246 208 208 208 208 
208 208 262 262 494 494 262 262 546 546 560 560 458 458 404 404 270 270 434 434 292 292 552 552 756 756 606 606 858 858 450 450 1774 1774 530 530 396 396 2968 2968 2694 2694 486 486 722 722 254 254 208 208 712 712 
208 208 262 262 316 316 650 650 524 524 660 660 746 746 488 488 702 702 432 432 618 618 252 252 374 374 432 432 742 742 570 570 1694 1694 488 488 334 334 2968 2968 1394 1394 526 526 384 384 254 254 208 208 212 212 
208 208 246 246 208 208 208 208 628 628 668 668 682 682 336 336 772 772 448 448 408 408 432 432 588 588 420 420 542 542 422 422 494 494 1038 1038 464 464 2068 2068 700 700 678 678 2968 2968 1032 1032 504 504 560 560 274 274 208 208 618 618 
208 208 262 262 354 354 250 250 350 350 786 786 414 414 620 620 370 370 296 296 366 366 722 722 350 350 906 906 724 724 1712 1712 360 360 2968 2968 2968 2968 2968 2968 1818 1818 642 642 254 254 208 208 420 420 
208 208 246 246 208 208 208 208 262 262 606 606 554 554 716 716 782 782 512 512 352 352 524 524 578 578 342 342 466 466 306 306 1064 1064 630 630 2098 2098 582 582 754 754 2968 2968 2968 2968 2968 2968 366 366 2968 2968 502 502 368 368 254 254 208 208 688 688 
208 208 262 262 692 692 646 646 508 508 412 412 338 338 456 456 460 460 356 356 614 614 480 480 702 702 300 300 1190 1190 544 544 2104 2104 412 412 508 508 2968 2968 2692 2692 362 362 256 256 254 254 208 208 652 652 
436 436 228 228 766 766 592 592 208 208 208 208 262 262 400 400 450 450 504 504 574 574 632 632 604 604 520 520 536 536 748 748 492 492 458 458 726 726 738 738 240 240 1686 1686 576 576 802 802 2968 2968 1492 1492 646 646 366 366 254 254 208 208 584 584 246 246 208 208 208 208 
208 208 262 262 628 628 470 470 718 718 628 628 368 368 712 712 694 694 660 660 736 736 714 714 690 690 1098 1098 314 314 2050 2050 684 684 366 366 2968 2968 2968 2968 2968 2968 732 732 1584 1584 626 626 620 620 254 254 208 208 474 474 
208 208 262 262 418 418 686 686 712 712 602 602 674 674 518 518 670 670 296 296 560 560 276 276 702 702 452 452 890 890 402 402 2142 2142 330 330 386 386 2968 2968 818 818 454 454 422 422 254 254 208 208 328 328 246 246 208 208 208 208 
208 208 262 262 672 672 244 244 592 592 520 520 282 282 720 720 310 310 564 564 482 482 730 730 566 566 1216 1216 452 452 1694 1694 406 406 314 314 2968 2968 2900 2900 392 392 548 548 254 254 208 208 364 364 
208 208 262 262 264 264 310 310 618 618 744 744 414 414 458 458 424 424 692 692 282 282 664 664 612 612 574 574 1198 1198 280 280 2110 2110 642 642 714 714 2968 2968 1548 1548 316 316 218 218 254 254 208 208 490 490 246 246 208 208 208 208 
208 208 262 262 530 530 412 412 716 716 676 676 742 742 638 638 658 658 276 276 532 532 432 432 724 724 1198 1198 612 612 1964 1964 460 460 410 410 2968 2968 2968 2968 2968 2968 326 326 2968 2968 284 284 384 384 652 652 494 494 254 254 208 208 220 220 
208 208 262 262 548 548 602 602 302 302 792 792 750 750 526 526 592 592 480 480 422 422 582 582 272 272 984 984 414 414 1782 1782 686 686 680 680 2968 2968 2968 2968 2968 2968 782 782 1702 1702 324 324 488 488 254 254 208 208 294 294 
246 246 208 208 208 208 208 208 262 262 508 508 656 656 598 598 358 358 360 360 330 330 578 578 736 736 276 276 656 656 698 698 564 564 1004 1004 680 680 1790 1790 356 356 434 434 2968 2968 954 954 390 390 456 456 254 254 208 208 244 244 
208 208 262 262 590 590 282 282 516 516 692 692 674 674 416 416 720 720 368 368 480 480 578 578 458 458 1212 1212 480 480 2026 2026 502 502 306 306 2968 2968 1456 1456 468 468 432 432 254 254 208 208 550 550 
242 242 246 246 208 208 208 208 208 208 262 262 460 460 272 272 754 754 422 422 664 664 576 576 660 660 562 562 342 342 620 620 282 282 908 908 456 456 1836 1836 656 656 766 766 2968 2968 2968 2968 238 238 620 620 580 580 254 254 208 208 676 676 
208 208 262 262 426 426 646 646 518 518 458 458 556 556 332 332 762 762 262 262 338 338 426 426 716 716 594 594 1306 1306 614 614 360 360 2004 2004 360 360 462 462 2968 2968 2968 2968 2968 2968 732 732 1604 1604 644 644 714 714 254 254 208 208 412 412 
208 208 262 262 582 582 678 678 568 568 548 548 274 274 414 414 290 290 342 342 606 606 256 256 416 416 310 310 1146 1146 342 342 666 666 1806 1806 650 650 572 572 812 812 2968 2968 1160 1160 656 656 324 324 254 254 208 208 436 436 246 246 208 208 208 208 
208 208 262 262 432 432 476 476 636 636 414 414 508 508 612 612 466 466 466 466 302 302 516 516 622 622 630 630 646 646 1286 1286 274 274 394 394 1810 1810 600 600 458 458 2968 2968 2968 2968 2968 2968 2968 2968 600 600 226 226 254 254 208 208 596 596 
208 208 262 262 554 554 436 436 652 652 336 336 444 444 384 384 554 554 438 438 522 522 544 544 504 504 1298 1298 582 582 1752 1752 410 410 736 736 550 550 2968 2968 2648 2648 700 700 456 456 254 254 208 208 460 460 208 208 246 246 208 208 
208 208 262 262 276 276 506 506 372 372 488 488 598 598 708 708 388 388 258 258 338 338 640 640 602 602 1160 1160 580 580 584 584 1700 1700 778 778 738 738 2968 2968 2968 2968 2968 2968 846 846 1302 1302 614 614 254 254 208 208 218 218 
208 208 262 262 468 468 402 402 594 594 788 788 342 342 328 328 554 554 536 536 524 524 654 654 506 506 614 614 1158 1158 386 386 1688 1688 704 704 646 646 2968 2968 1554 1554 472 472 598 598 254 254 208 208 636 636 246 246 208 208 208 208 
208 208 262 262 392 392 628 628 734 734 538 538 332 332 382 382 472 472 296 296 370 370 426 426 290 290 738 738 1050 1050 436 436 280 280 1754 1754 812 812 486 486 2968 2968 1204 1204 248 248 606 606 254 254 208 208 330 330 
208 208 262 262 374 374 638 638 638 638 686 686 366 366 256 256 766 766 518 518 484 484 410 410 514 514 626 626 618 618 696 696 612 612 1936 1936 542 542 446 446 262 262 2968 2968 2968 2968 2968 2968 464 464 2968 2968 340 340 582 582 336 336 254 254 208 208 498 498 
246 246 208 208 208 208 208 208 286 286 484 484 568 568 690 690 420 420 552 552 484 484 628 628 368 368 632 632 666 666 408 408 336 336 662 662 1080 1080 608 608 1900 1900 710 710 456 456 2968 2968 2968 2968 2968 2968 672 672 1210 1210 656 656 704 704 254 254 208 208 284 284 
208 208 262 262 274 274 476 476 724 724 506 506 282 282 428 428 552 552 688 688 424 424 446 446 292 292 536 536 442 442 1008 1008 362 362 1722 1722 512 512 566 566 2968 2968 2656 2656 378 378 346 346 254 254 208 208 320 320 
208 208 262 262 384 384 640 640 208 208 246 246 208 208 424 424 532 532 328 328 382 382 756 756 314 314 350 350 532 532 740 740 506 506 992 992 554 554 1990 1990 484 484 606 606 2968 2968 1182 1182 250 250 632 632 254 254 208 208 534 534 
208 208 262 262 278 278 468 468 566 566 436 436 508 508 324 324 374 374 470 470 344 344 400 400 398 398 368 368 984 984 330 330 290 290 1906 1906 750 750 644 644 2968 2968 1192 1192 664 664 686 686 254 254 208 208 504 504 
208 208 262 262 444 444 598 598 646 646 448 448 392 392 506 506 512 512 374 374 626 626 488 488 768 768 518 518 242 242 1958 1958 482 482 2968 2968 2968 2968 2968 2968 806 806 2968 2968 618 618 474 474 392 392 254 254 208 208 722 722 246 246 208 208 208 208 208 208 
208 208 628 628 690 690 348 348 348 348 568 568 646 646 684 684 652 652 446 446 718 718 674 674 366 366 512 512 492 492 1266 1266 536 536 2176 2176 604 604 708 708 2968 2968 2968 2968 2968 2968 578 578 1430 1430 432 432 574 574 274 274 208 208 572 572 
208 208 262 262 256 256 410 410 600 600 570 570 558 558 426 426 638 638 292 292 428 428 268 268 718 718 628 628 708 708 630 630 1748 1748 700 700 754 754 2968 2968 1276 1276 390 390 410 410 254 254 208 208 278 278 208 208 246 246 208 208 
208 208 262 262 654 654 422 422 422 422 542 542 356 356 612 612 550 550 258 258 536 536 594 594 350 350 414 414 652 652 1246 1246 630 630 564 564 372 372 1854 1854 686 686 388 388 2968 2968 2636 2636 302 302 560 560 254 254 208 208 368 368 
208 208 262 262 426 426 592 592 732 732 578 578 514 514 452 452 670 670 400 400 494 494 264 264 546 546 240 240 1026 1026 306 306 2156 2156 616 616 814 814 2968 2968 2968 2968 2968 2968 628 628 2968 2968 498 498 384 384 254 254 208 208 528 528 246 246 208 208 208 208 
208 208 262 262 726 726 600 600 668 668 296 296 434 434 416 416 606 606 288 288 534 534 696 696 582 582 730 730 1082 1082 366 366 1820 1820 548 548 814 814 2968 2968 1552 1552 446 446 458 458 254 254 208 208 504 504 
208 208 262 262 540 540 348 348 338 338 630 630 312 312 630 630 630 630 584 584 328 328 704 704 614 614 1112 1112 240 240 558 558 256 256 1992 1992 764 764 718 718 2968 2968 2968 2968 2968 2968 722 722 1606 1606 286 286 686 686 254 254 208 208 354 354 
246 246 208 208 208 208 208 208 262 262 268 268 678 678 484 484 478 478 696 696 498 498 566 566 410 410 446 446 650 650 700 700 1036 1036 550 550 354 354 2154 2154 686 686 382 382 2968 2968 2968 2968 242 242 714 714 690 690 254 254 208 208 252 252 
208 208 262 262 736 736 736 736 428 428 630 630 396 396 732 732 322 322 656 656 344 344 422 422 634 634 1184 1184 386 386 2122 2122 386 386 482 482 2968 2968 842 842 596 596 342 342 254 254 208 208 432 432 
208 208 262 262 596 596 692 692 564 564 708 708 546 546 474 474 392 392 476 476 722 722 246 246 208 208 208 208 650 650 642 642 732 732 298 298 2020 2020 494 494 390 390 608 608 2968 2968 2968 2968 2968 2968 410 410 2968 2968 656 656 722 722 254 254 208 208 484 484 
208 208 262 262 304 304 248 248 472 472 706 706 720 720 688 688 342 342 716 716 434 434 272 272 562 562 356 356 1022 1022 650 650 1786 1786 666 666 638 638 446 446 2968 2968 2968 2968 2968 2968 742 742 1672 1672 314 314 456 456 254 254 208 208 320 320 
208 208 262 262 680 680 538 538 448 448 706 706 710 710 712 712 580 580 292 292 306 306 426 426 350 350 1082 1082 632 632 2116 2116 712 712 614 614 2968 2968 2716 2716 518 518 534 534 254 254 208 208 634 634 246 246 208 208 208 208 
208 208 262 262 404 404 520 520 662 662 392 392 630 630 508 508 384 384 486 486 606 606 610 610 244 244 982 982 658 658 1868 1868 356 356 612 612 2968 2968 1080 1080 468 468 626 626 254 254 208 208 676 676 
208 208 262 262 682 682 378 378 448 448 498 498 306 306 430 430 460 460 640 640 446 446 584 584 362 362 722 722 1354 1354 632 632 380 380 714 714 1964 1964 328 328 636 636 2968 2968 2968 2968 2968 2968 618 618 2962 2962 274 274 424 424 254 254 208 208 252 252 246 246 208 208 208 208 
208 208 262 262 652 652 300 300 720 720 790 790 506 506 584 584 322 322 608 608 680 680 704 704 538 538 420 420 1196 1196 400 400 2080 2080 650 650 2968 2968 2968 2968 2968 2968 634 634 1328 1328 706 706 418 418 254 254 208 208 520 520 
208 208 262 262 404 404 376 376 426 426 786 786 434 434 324 324 294 294 450 450 476 476 684 684 678 678 306 306 888 888 258 258 1870 1870 426 426 592 592 2968 2968 2644 2644 514 514 596 596 254 254 208 208 614 614 208 208 246 246 208 208 
208 208 262 262 718 718 418 418 452 452 600 600 558 558 434 434 280 280 428 428 392 392 274 274 594 594 282 282 1026 1026 646 646 1920 1920 544 544 562 562 2968 2968 1208 1208 736 736 720 720 254 254 208 208 512 512 
208 208 286 286 646 646 722 722 304 304 288 288 310 310 688 688 536 536 750 750 424 424 464 464 418 418 1306 1306 436 436 1930 1930 564 564 2968 2968 2968 2968 2968 2968 778 778 2968 2968 576 576 456 456 426 426 254 254 208 208 370 370 
246 246 208 208 208 208 208 208 262 262 448 448 394 394 490 490 656 656 346 346 454 454 398 398 270 270 312 312 592 592 474 474 500 500 814 814 324 324 2148 2148 634 634 780 780 2968 2968 1338 1338 398 398 306 306 254 254 208 208 510 510 
208 208 262 262 276 276 328 328 738 738 538 538 592 592 312 312 554 554 404 404 652 652 544 544 310 310 690 690 1018 1018 280 280 2004 2004 380 380 688 688 2968 2968 2968 2968 2968 2968 358 358 1372 1372 542 542 536 536 254 254 208 208 492 492 
208 208 262 262 586 586 436 436 436 436 470 470 412 412 502 502 446 446 384 384 346 346 442 442 342 342 420 420 520 520 954 954 246 246 208 208 208 208 352 352 2018 2018 662 662 460 460 2968 2968 2968 2968 410 410 226 226 254 254 208 208 628 628 
208 208 262 262 440 440 508 508 668 668 450 450 766 766 414 414 332 332 330 330 386 386 376 376 270 270 636 636 1068 1068 244 244 1712 1712 570 570 548 548 2968 2968 2968 2968 2968 2968 730 730 2968 2968 608 608 518 518 446 446 254 254 208 208 376 376 
208 208 262 262 340 340 542 542 408 408 606 606 592 592 736 736 754 754 338 338 540 540 234 234 568 568 380 380 784 784 244 244 2030 2030 396 396 670 670 2968 2968 1300 1300 500 500 484 484 254 254 208 208 546 546 246 246 208 208 208 208 
208 208 262 262 456 456 482 482 476 476 682 682 356 356 406 406 298 298 582 582 624 624 372 372 534 534 420 420 880 880 596 596 1732 1732 564 564 2968 2968 2968 2968 2968 2968 1958 1958 486 486 666 666 254 254 208 208 532 532 
208 208 262 262 436 436 410 410 366 366 572 572 644 644 484 484 382 382 312 312 600 600 378 378 590 590 652 652 858 858 628 628 1946 1946 650 650 698 698 2968 2968 2870 2870 494 494 552 552 254 254 208 208 340 340 246 246 208 208 208 208 
208 208 262 262 590 590 482 482 578 578 578 578 516 516 478 478 602 602 362 362 696 696 322 322 318 318 254 254 996 996 302 302 1818 1818 538 538 744 744 2968 2968 2968 2968 2968 2968 630 630 2968 2968 612 612 648 648 254 254 208 208 564 564 
208 208 262 262 738 738 612 612 516 516 490 490 724 724 596 596 302 302 466 466 396 396 484 484 330 330 338 338 1184 1184 732 732 1948 1948 662 662 798 798 2968 2968 1186 1186 618 618 268 268 254 254 208 208 326 326 222 222 208 208 246 246 208 208 208 208 208 208 
2968 2968 2968 2968 1906 1906 2968 2968 2968 2968 1906 1906 1906 1906 640 640 228 228 1906 1906 640 640 228 228 628 628 726 726 368 368 336 336 392 392 662 662 338 338 504 504 508 508 468 468 472 472 382 382 968 968 560 560 254 254 1962 1962 706 706 810 810 2968 2968 948 948 564 564 666 666 274 274 208 208 566 566 
208 208 262 262 582 582 586 586 642 642 514 514 538 538 752 752 696 696 496 496 530 530 278 278 658 658 296 296 846 846 384 384 1854 1854 432 432 400 400 2968 2968 2968 2968 2968 2968 602 602 1326 1326 702 702 296 296 254 254 208 208 614 614 
246 246 208 208 208 208 208 208 262 262 298 298 714 714 714 714 522 522 530 530 306 306 620 620 590 590 658 658 300 300 504 504 574 574 460 460 814 814 386 386 2032 2032 630 630 384 384 2968 2968 2968 2968 2968 2968 2968 2968 294 294 642 642 718 718 254 254 208 208 248 248 
208 208 262 262 696 696 716 716 270 270 538 538 302 302 520 520 342 342 752 752 542 542 586 586 634 634 442 442 1184 1184 298 298 258 258 1678 1678 464 464 666 666 2968 2968 2806 2806 670 670 224 224 254 254 208 208 606 606 
208 208 246 246 208 208 208 208 262 262 436 436 404 404 692 692 488 488 278 278 740 740 752 752 708 708 438 438 420 420 448 448 352 352 972 972 288 288 1712 1712 660 660 426 426 2968 2968 1416 1416 682 682 558 558 254 254 208 208 594 594 
208 208 262 262 604 604 554 554 376 376 348 348 554 554 616 616 516 516 622 622 558 558 670 670 420 420 434 434 760 760 398 398 1750 1750 372 372 304 304 2968 2968 1076 1076 716 716 254 254 208 208 378 378 
208 208 262 262 258 258 380 380 294 294 618 618 746 746 678 678 598 598 746 746 314 314 722 722 700 700 702 702 1014 1014 292 292 2114 2114 780 780 528 528 2968 2968 2968 2968 2968 2968 436 436 2968 2968 470 470 580 580 368 368 254 254 208 208 644 644 246 246 208 208 208 208 
208 208 262 262 532 532 732 732 452 452 758 758 546 546 740 740 372 372 660 660 668 668 474 474 614 614 254 254 830 830 672 672 1844 1844 716 716 654 654 2968 2968 2968 2968 2968 2968 462 462 1642 1642 252 252 332 332 254 254 208 208 298 298 
208 208 262 262 462 462 248 248 358 358 470 470 702 702 412 412 456 456 306 306 304 304 382 382 380 380 646 646 1176 1176 488 488 614 614 1736 1736 764 764 580 580 2968 2968 2624 2624 378 378 608 608 254 254 208 208 620 620 208 208 246 246 208 208 
242 242 208 208 262 262 316 316 602 602 576 576 548 548 566 566 484 484 648 648 378 378 280 280 432 432 730 730 420 420 962 962 478 478 1722 1722 596 596 634 634 2968 2968 826 826 308 308 454 454 254 254 208 208 438 438 
208 208 262 262 246 246 588 588 696 696 680 680 606 606 294 294 296 296 602 602 730 730 324 324 706 706 522 522 1164 1164 608 608 394 394 2030 2030 620 620 584 584 2968 2968 1174 1174 356 356 682 682 254 254 208 208 630 630 246 246 208 208 208 208 
208 208 262 262 614 614 380 380 476 476 738 738 336 336 572 572 264 264 524 524 438 438 528 528 672 672 654 654 628 628 982 982 644 644 2176 2176 652 652 608 608 2968 2968 2968 2968 2968 2968 554 554 1492 1492 396 396 592 592 408 408 254 254 208 208 344 344 
208 208 262 262 566 566 452 452 278 278 468 468 576 576 492 492 440 440 590 590 538 538 614 614 454 454 578 578 972 972 604 604 1852 1852 644 644 2968 2968 2968 2968 2968 2968 2968 2968 584 584 670 670 572 572 254 254 208 208 340 340 
246 246 208 208 208 208 208 208 262 262 488 488 450 450 712 712 618 618 498 498 556 556 382 382 302 302 630 630 702 702 552 552 312 312 1036 1036 542 542 1910 1910 664 664 730 730 2968 2968 2796 2796 568 568 676 676 254 254 208 208 282 282 
208 208 262 262 704 704 282 282 546 546 594 594 320 320 504 504 754 754 360 360 600 600 488 488 554 554 522 522 1142 1142 658 658 1976 1976 550 550 358 358 2968 2968 1826 1826 718 718 254 254 208 208 352 352 
208 208 262 262 268 268 440 440 400 400 624 624 700 700 424 424 738 738 382 382 494 494 246 246 208 208 208 208 670 670 412 412 1028 1028 496 496 348 348 578 578 1890 1890 768 768 624 624 2968 2968 2968 2968 2968 2968 2484 2484 502 502 254 254 208 208 634 634 
208 208 262 262 616 616 392 392 392 392 602 602 776 776 430 430 446 446 648 648 618 618 630 630 532 532 648 648 312 312 340 340 852 852 708 708 1712 1712 308 308 502 502 2968 2968 1200 1200 568 568 642 642 254 254 208 208 318 318 
2968 2968 2968 2968 2898 2898 704 704 228 228 766 766 592 592 208 208 208 208 262 262 668 668 720 720 752 752 742 742 324 324 690 690 546 546 290 290 522 522 384 384 342 342 554 554 718 718 584 584 1888 1888 364 364 768 768 2968 2968 2968 2968 2968 2968 678 678 2968 2968 372 372 582 582 712 712 254 254 208 208 574 574 246 246 208 208 208 208 208 208 
208 208 262 262 610 610 416 416 550 550 428 428 312 312 748 748 316 316 308 308 464 464 716 716 742 742 756 756 714 714 1930 1930 486 486 638 638 2968 2968 2818 2818 454 454 578 578 254 254 208 208 462 462 
208 208 262 262 464 464 690 690 328 328 616 616 590 590 688 688 634 634 474 474 296 296 662 662 712 712 298 298 694 694 414 414 1998 1998 716 716 2968 2968 2968 2968 2968 2968 1918 1918 710 710 280 280 254 254 208 208 348 348 208 208 246 246 208 208 
208 208 262 262 672 672 718 718 670 670 416 416 288 288 354 354 610 610 382 382 310 310 538 538 284 284 468 468 1072 1072 696 696 1976 1976 360 360 702 702 2968 2968 1326 1326 728 728 244 244 254 254 208 208 436 436 
208 208 262 262 252 252 494 494 696 696 550 550 348 348 268 268 374 374 556 556 338 338 542 542 276 276 366 366 980 980 308 308 308 308 1844 1844 750 750 332 332 2968 2968 1214 1214 434 434 336 336 254 254 208 208 620 620 246 246 208 208 208 208 
208 208 262 262 694 694 568 568 336 336 304 304 398 398 396 396 446 446 302 302 606 606 696 696 670 670 610 610 942 942 546 546 1710 1710 324 324 324 324 2968 2968 2780 2780 450 450 598 598 254 254 208 208 272 272 
208 208 262 262 486 486 262 262 316 316 706 706 712 712 678 678 660 660 658 658 610 610 270 270 614 614 444 444 1190 1190 568 568 1994 1994 488 488 598 598 2968 2968 2968 2968 2968 2968 560 560 1308 1308 356 356 484 484 254 254 208 208 370 370 
246 246 208 208 222 222 208 208 208 208 208 208 208 208 262 262 430 430 494 494 494 494 366 366 564 564 468 468 310 310 670 670 268 268 462 462 488 488 710 710 598 598 972 972 442 442 270 270 1784 1784 660 660 684 684 2968 2968 1232 1232 400 400 350 350 254 254 208 208 286 286 
208 208 262 262 232 232 274 274 632 632 730 730 454 454 708 708 494 494 504 504 542 542 572 572 278 278 624 624 800 800 628 628 1984 1984 520 520 2968 2968 2968 2968 2968 2968 686 686 2968 2968 372 372 378 378 288 288 254 254 208 208 370 370 
242 242 208 208 262 262 904 904 492 492 502 502 514 514 634 634 604 604 600 600 628 628 356 356 402 402 326 326 904 904 320 320 1932 1932 524 524 776 776 2968 2968 1472 1472 702 702 664 664 254 254 208 208 370 370 2968 2968 2968 2968 2894 2894 736 736 228 228 326 326 208 208 
208 208 628 628 738 738 320 320 482 482 330 330 606 606 496 496 578 578 706 706 712 712 376 376 562 562 566 566 706 706 496 496 1736 1736 654 654 322 322 2968 2968 2968 2968 2968 2968 382 382 1316 1316 710 710 522 522 274 274 208 208 342 342 
208 208 262 262 730 730 270 270 558 558 304 304 404 404 332 332 716 716 614 614 466 466 338 338 322 322 706 706 568 568 2156 2156 634 634 392 392 2968 2968 882 882 554 554 278 278 254 254 208 208 528 528 246 246 208 208 208 208 
208 208 262 262 392 392 600 600 472 472 702 702 750 750 566 566 598 598 616 616 680 680 324 324 684 684 472 472 814 814 714 714 1764 1764 642 642 466 466 2968 2968 2968 2968 616 616 536 536 254 254 208 208 350 350 
208 208 262 262 734 734 258 258 622 622 572 572 482 482 540 540 516 516 404 404 552 552 264 264 574 574 304 304 1028 1028 558 558 2070 2070 814 814 412 412 2968 2968 1086 1086 724 724 446 446 254 254 208 208 442 442 246 246 208 208 208 208 
208 208 262 262 384 384 438 438 438 438 326 326 326 326 578 578 350 350 656 656 392 392 262 262 604 604 470 470 270 270 350 350 1100 1100 638 638 378 378 1896 1896 728 728 626 626 2968 2968 2968 2968 2968 2968 556 556 2968 2968 486 486 662 662 508 508 254 254 208 208 610 610 
208 208 262 262 352 352 550 550 728 728 288 288 398 398 710 710 358 358 570 570 584 584 482 482 376 376 652 652 712 712 738 738 678 678 2000 2000 722 722 482 482 2968 2968 2968 2968 2968 2968 394 394 1542 1542 388 388 480 480 254 254 208 208 312 312 
246 246 208 208 208 208 208 208 262 262 568 568 490 490 490 490 736 736 640 640 460 460 378 378 652 652 684 684 304 304 652 652 500 500 584 584 1076 1076 592 592 708 708 1708 1708 690 690 552 552 2968 2968 1058 1058 332 332 530 530 254 254 208 208 310 310 
208 208 262 262 322 322 660 660 646 646 740 740 344 344 562 562 372 372 266 266 324 324 514 514 466 466 658 658 902 902 252 252 2040 2040 622 622 690 690 2968 2968 2924 2924 696 696 670 670 254 254 208 208 412 412 
208 208 246 246 208 208 208 208 262 262 512 512 318 318 408 408 370 370 448 448 476 476 388 388 394 394 338 338 736 736 504 504 390 390 734 734 284 284 2056 2056 434 434 346 346 2968 2968 1496 1496 622 622 576 576 254 254 208 208 700 700 
208 208 262 262 410 410 660 660 512 512 368 368 496 496 686 686 586 586 410 410 282 282 528 528 574 574 516 516 1010 1010 408 408 656 656 1880 1880 666 666 530 530 2968 2968 2968 2968 2968 2968 604 604 1652 1652 398 398 604 604 254 254 208 208 662 662 
208 208 262 262 388 388 738 738 738 738 680 680 442 442 674 674 704 704 290 290 460 460 558 558 590 590 552 552 514 514 864 864 572 572 246 246 208 208 208 208 660 660 298 298 700 700 1916 1916 446 446 640 640 2968 2968 866 866 244 244 458 458 254 254 208 208 548 548 
208 208 262 262 556 556 636 636 472 472 362 362 452 452 506 506 496 496 480 480 280 280 674 674 360 360 370 370 804 804 724 724 2136 2136 338 338 344 344 2968 2968 2664 2664 238 238 418 418 254 254 208 208 556 556 
208 208 262 262 608 608 266 266 484 484 460 460 694 694 338 338 342 342 640 640 482 482 300 300 716 716 1290 1290 380 380 350 350 1904 1904 514 514 398 398 2968 2968 1300 1300 572 572 536 536 254 254 208 208 320 320 246 246 208 208 208 208 
208 208 262 262 630 630 612 612 376 376 640 640 434 434 568 568 310 310 384 384 280 280 676 676 360 360 568 568 810 810 472 472 1718 1718 402 402 566 566 2968 2968 2968 2968 2968 2968 476 476 1328 1328 612 612 722 722 254 254 332 332 
208 208 262 262 714 714 464 464 590 590 476 476 354 354 652 652 550 550 388 388 390 390 544 544 582 582 284 284 1088 1088 348 348 374 374 1954 1954 392 392 732 732 2968 2968 2968 2968 2968 2968 488 488 2968 2968 234 234 528 528 614 614 254 254 208 208 582 582 246 246 208 208 208 208 
208 208 262 262 546 546 566 566 436 436 736 736 484 484 674 674 728 728 270 270 632 632 718 718 698 698 426 426 724 724 456 456 2150 2150 522 522 812 812 2968 2968 908 908 672 672 680 680 254 254 208 208 304 304 
208 208 262 262 580 580 436 436 644 644 368 368 410 410 580 580 704 704 768 768 596 596 568 568 320 320 280 280 944 944 294 294 458 458 2118 2118 628 628 760 760 2968 2968 1160 1160 528 528 718 718 254 254 208 208 314 314 
246 246 208 208 208 208 208 208 262 262 566 566 474 474 474 474 330 330 398 398 774 774 644 644 348 348 322 322 352 352 482 482 442 442 692 692 1118 1118 328 328 2140 2140 418 418 304 304 2968 2968 2724 2724 246 246 706 706 350 350 254 254 208 208 674 674 
208 208 262 262 658 658 346 346 640 640 542 542 284 284 534 534 616 616 308 308 358 358 244 244 498 498 342 342 978 978 250 250 710 710 1940 1940 338 338 772 772 2968 2968 2968 2968 2968 2968 686 686 2968 2968 240 240 350 350 676 676 254 254 208 208 628 628 
246 246 208 208 208 208 208 208 262 262 246 246 508 508 710 710 410 410 704 704 504 504 452 452 654 654 544 544 466 466 680 680 680 680 808 808 242 242 1968 1968 808 808 658 658 2968 2968 1080 1080 508 508 460 460 254 254 208 208 482 482 
208 208 262 262 456 456 424 424 636 636 550 550 762 762 424 424 556 556 546 546 436 436 556 556 634 634 468 468 744 744 392 392 2090 2090 788 788 622 622 2968 2968 2968 2968 2968 2968 610 610 1312 1312 528 528 254 254 208 208 468 468 
208 208 208 208 262 262 696 696 696 696 208 208 666 666 662 662 568 568 502 502 520 520 660 660 688 688 608 608 392 392 618 618 1090 1090 386 386 674 674 2116 2116 800 800 658 658 2968 2968 1538 1538 650 650 236 236 254 254 208 208 634 634 208 208 246 246 208 208 
208 208 262 262 382 382 692 692 432 432 642 642 368 368 284 284 552 552 552 552 702 702 256 256 534 534 480 480 1172 1172 480 480 1810 1810 636 636 650 650 2968 2968 2968 2968 2968 2968 466 466 2968 2968 504 504 600 600 254 254 208 208 316 316 
208 208 262 262 668 668 470 470 708 708 506 506 556 556 414 414 268 268 670 670 684 684 358 358 576 576 570 570 1124 1124 478 478 1712 1712 550 550 308 308 2968 2968 2818 2818 590 590 658 658 254 254 208 208 630 630 208 208 246 246 208 208 
208 208 262 262 626 626 480 480 758 758 308 308 354 354 486 486 476 476 338 338 290 290 338 338 408 408 612 612 1118 1118 700 700 2052 2052 396 396 808 808 2968 2968 1166 1166 484 484 254 254 208 208 374 374 
208 208 262 262 572 572 482 482 480 480 634 634 560 560 440 440 352 352 748 748 550 550 624 624 316 316 456 456 728 728 644 644 628 628 1790 1790 632 632 2968 2968 2968 2968 2968 2968 834 834 1504 1504 680 680 662 662 254 254 208 208 262 262 246 246 208 208 208 208 208 208 
208 208 262 262 654 654 584 584 560 560 788 788 470 470 360 360 526 526 446 446 466 466 462 462 644 644 676 676 1150 1150 540 540 2156 2156 364 364 608 608 2968 2968 1174 1174 536 536 322 322 254 254 208 208 430 430 
208 208 628 628 550 550 698 698 444 444 306 306 724 724 440 440 394 394 406 406 572 572 632 632 694 694 706 706 612 612 310 310 1758 1758 694 694 360 360 2968 2968 2784 2784 236 236 634 634 274 274 208 208 308 308 
246 246 208 208 208 208 208 208 262 262 642 642 384 384 410 410 684 684 686 686 622 622 552 552 370 370 300 300 454 454 802 802 248 248 658 658 1930 1930 320 320 440 440 2968 2968 2968 2968 2968 2968 686 686 2968 2968 486 486 652 652 340 340 254 254 208 208 616 616 
208 208 262 262 498 498 720 720 480 480 424 424 460 460 540 540 346 346 294 294 544 544 646 646 606 606 580 580 1152 1152 706 706 1870 1870 752 752 784 784 2968 2968 2968 2968 2968 2968 832 832 1472 1472 238 238 326 326 254 254 208 208 640 640 
246 246 208 208 208 208 208 208 262 262 714 714 296 296 482 482 384 384 366 366 260 260 514 514 656 656 452 452 720 720 682 682 1214 1214 380 380 
208 208 262 262 378 378 334 334 300 300 758 758 330 330 618 618 740 740 562 562 690 690 704 704 386 386 302 302 1010 1010 366 366 2046 2046 626 626 668 668 2968 2968 1032 1032 368 368 272 272 254 254 208 208 450 450 
208 208 262 262 330 330 610 610 536 536 572 572 404 404 708 708 714 714 608 608 462 462 580 580 500 500 522 522 1186 1186 394 394 2096 2096 754 754 2968 2968 2702 2702 594 594 484 484 254 254 208 208 496 496 208 208 246 246 208 208 
208 208 262 262 596 596 434 434 434 434 690 690 436 436 674 674 294 294 642 642 496 496 496 496 552 552 1230 1230 558 558 560 560 2162 2162 750 750 554 554 2968 2968 2968 2968 2968 2968 260 260 2968 2968 346 346 238 238 420 420 254 254 208 208 306 306 
208 208 262 262 306 306 376 376 276 276 556 556 598 598 668 668 412 412 334 334 646 646 472 472 648 648 1060 1060 504 504 1826 1826 752 752 584 584 2968 2968 2968 2968 2968 2968 810 810 1322 1322 410 410 704 704 254 254 208 208 526 526 246 246 208 208 208 208 
208 208 262 262 674 674 586 586 714 714 286 286 306 306 376 376 354 354 524 524 520 520 444 444 560 560 388 388 1066 1066 432 432 540 540 1996 1996 496 496 806 806 2968 2968 1072 1072 688 688 340 340 254 254 208 208 432 432 
208 208 262 262 340 340 452 452 612 612 560 560 366 366 728 728 666 666 682 682 660 660 600 600 570 570 266 266 864 864 504 504 2162 2162 308 308 566 566 2968 2968 1128 1128 650 650 544 544 254 254 208 208 438 438 246 246 208 208 208 208 
208 208 262 262 232 232 668 668 692 692 424 424 602 602 532 532 682 682 694 694 282 282 412 412 272 272 714 714 1266 1266 672 672 1760 1760 614 614 684 684 2968 2968 2968 2968 284 284 640 640 254 254 208 208 702 702 
208 208 262 262 292 292 480 480 766 766 388 388 558 558 552 552 710 710 436 436 728 728 486 486 736 736 950 950 742 742 276 276 2016 2016 504 504 444 444 2968 2968 2968 2968 2968 2968 464 464 1570 1570 602 602 614 614 254 254 208 208 318 318 
246 246 208 208 208 208 208 208 262 262 304 304 666 666 404 404 552 552 674 674 614 614 462 462 288 288 564 564 692 692 372 372 1038 1038 260 260 1876 1876 796 796 528 528 2968 2968 2968 2968 2968 2968 634 634 2968 2968 402 402 660 660 254 254 208 208 386 386 
208 208 262 262 512 512 728 728 464 464 770 770 656 656 746 746 594 594 416 416 408 408 598 598 550 550 656 656 938 938 596 596 1688 1688 736 736 652 652 2968 2968 1328 1328 444 444 474 474 254 254 208 208 606 606 
208 208 262 262 442 442 430 430 208 208 246 246 208 208 208 208 536 536 736 736 458 458 572 572 452 452 636 636 412 412 416 416 276 276 486 486 1124 1124 252 252 2170 2170 574 574 2968 2968 2920 2920 556 556 220 220 254 254 208 208 436 436 
208 208 262 262 620 620 246 246 566 566 380 380 514 514 564 564 452 452 388 388 674 674 354 354 362 362 524 524 952 952 562 562 1918 1918 708 708 324 324 2968 2968 1130 1130 550 550 390 390 254 254 208 208 220 220 
208 208 262 262 660 660 580 580 410 410 322 322 290 290 640 640 598 598 432 432 434 434 714 714 506 506 434 434 1090 1090 688 688 1964 1964 336 336 336 336 2968 2968 2968 2968 2968 2968 700 700 2968 2968 256 256 360 360 430 430 254 254 208 208 440 440 246 246 208 208 208 208 
208 208 262 262 384 384 352 352 512 512 480 480 564 564 570 570 598 598 432 432 268 268 322 322 618 618 964 964 658 658 1694 1694 774 774 618 618 584 584 2968 2968 2968 2968 2968 2968 732 732 1706 1706 284 284 640 640 254 254 208 208 560 560 
208 208 262 262 736 736 714 714 658 658 342 342 370 370 256 256 616 616 334 334 398 398 568 568 706 706 374 374 1200 1200 694 694 1940 1940 454 454 554 554 2968 2968 2952 2952 580 580 680 680 254 254 208 208 448 448 208 208 246 246 208 208 
208 208 262 262 596 596 308 308 464 464 636 636 532 532 540 540 762 762 506 506 724 724 304 304 356 356 974 974 508 508 2032 2032 474 474 382 382 2968 2968 1300 1300 392 392 588 588 254 254 208 208 306 306 
208 208 262 262 246 246 286 286 524 524 586 586 450 450 532 532 468 468 542 542 666 666 646 646 322 322 898 898 416 416 1858 1858 620 620 308 308 2968 2968 1154 1154 422 422 552 552 254 254 208 208 234 234 246 246 208 208 208 208 
208 208 262 262 286 286 456 456 554 554 458 458 372 372 516 516 548 548 510 510 564 564 310 310 376 376 502 502 1032 1032 316 316 2100 2100 430 430 2968 2968 2968 2968 2968 2968 2968 2968 564 564 262 262 254 254 208 208 646 646 
208 208 262 262 624 624 680 680 432 432 612 612 716 716 316 316 316 316 346 346 762 762 656 656 354 354 708 708 638 638 786 786 422 422 1992 1992 504 504 694 694 2968 2968 2968 2968 228 228 712 712 254 254 208 208 252 252 
246 246 208 208 208 208 208 208 262 262 298 298 410 410 720 720 332 332 466 466 740 740 620 620 688 688 606 606 496 496 390 390 422 422 958 958 370 370 1820 1820 460 460 448 448 2968 2968 2968 2968 2968 2968 748 748 1242 1242 650 650 682 682 254 254 208 208 592 592 
208 208 262 262 424 424 548 548 518 518 678 678 658 658 754 754 392 392 480 480 594 594 300 300 378 378 378 378 694 694 324 324 2064 2064 664 664 804 804 2968 2968 1300 1300 568 568 328 328 254 254 208 208 280 280 
208 208 262 262 486 486 260 260 318 318 370 370 620 620 704 704 762 762 708 708 452 452 208 208 246 246 208 208 586 586 668 668 1200 1200 422 422 2022 2022 406 406 430 430 2968 2968 2968 2968 2968 2968 754 754 2968 2968 250 250 308 308 464 464 254 254 208 208 606 606 
208 208 262 262 672 672 416 416 416 416 628 628 762 762 736 736 428 428 734 734 534 534 756 756 494 494 532 532 538 538 534 534 1004 1004 552 552 2046 2046 396 396 424 424 2968 2968 2968 2968 240 240 688 688 558 558 254 254 208 208 488 488 
208 208 628 628 320 320 490 490 592 592 392 392 350 350 374 374 440 440 444 444 716 716 412 412 254 254 718 718 272 272 1790 1790 602 602 2968 2968 2968 2968 2968 2968 882 882 1490 1490 604 604 274 274 208 208 434 434 208 208 246 246 208 208 
208 208 262 262 596 596 572 572 354 354 650 650 726 726 308 308 318 318 528 528 346 346 476 476 688 688 452 452 986 986 710 710 2100 2100 466 466 638 638 2968 2968 1120 1120 372 372 360 360 254 254 208 208 264 264 
208 208 262 262 428 428 682 682 348 348 714 714 374 374 728 728 724 724 556 556 236 236 326 326 368 368 1114 1114 714 714 2032 2032 554 554 656 656 2968 2968 2968 2968 2968 2968 370 370 2968 2968 568 568 526 526 254 254 208 208 244 244 436 436 228 228 766 766 592 592 208 208 246 246 208 208 208 208 
208 208 262 262 648 648 710 710 266 266 372 372 376 376 586 586 538 538 368 368 542 542 568 568 298 298 408 408 994 994 408 408 1754 1754 620 620 560 560 2968 2968 2968 2968 230 230 642 642 510 510 254 254 208 208 400 400 
208 208 262 262 270 270 456 456 440 440 356 356 530 530 314 314 564 564 658 658 588 588 440 440 478 478 658 658 726 726 700 700 2002 2002 372 372 520 520 2968 2968 1466 1466 728 728 420 420 254 254 208 208 410 410 208 208 246 246 208 208 
208 208 262 262 608 608 624 624 462 462 290 290 320 320 728 728 600 600 426 426 550 550 566 566 384 384 376 376 1272 1272 498 498 728 728 2012 2012 492 492 472 472 2968 2968 924 924 608 608 246 246 254 254 208 208 568 568 
208 208 262 262 456 456 598 598 274 274 764 764 478 478 436 436 696 696 366 366 432 432 564 564 372 372 890 890 234 234 1982 1982 532 532 666 666 2968 2968 2968 2968 2968 2968 358 358 2968 2968 460 460 312 312 254 254 208 208 604 604 
246 246 208 208 208 208 208 208 262 262 334 334 680 680 680 680 610 610 550 550 336 336 368 368 302 302 690 690 532 532 358 358 632 632 348 348 1102 1102 298 298 1942 1942 660 660 430 430 778 778 2968 2968 2968 2968 2968 2968 342 342 1300 1300 338 338 706 706 254 254 208 208 706 706 
208 208 262 262 462 462 276 276 440 440 518 518 724 724 336 336 588 588 502 502 616 616 494 494 578 578 284 284 1134 1134 238 238 2156 2156 804 804 668 668 2968 2968 2776 2776 262 262 486 486 254 254 208 208 526 526 
208 208 262 262 384 384 594 594 742 742 304 304 574 574 352 352 370 370 712 712 322 322 690 690 374 374 386 386 992 992 524 524 2130 2130 668 668 386 386 2968 2968 1124 1124 386 386 254 254 208 208 276 276 246 246 208 208 208 208 
208 208 262 262 556 556 338 338 496 496 374 374 610 610 612 612 426 426 352 352 494 494 262 262 594 594 668 668 836 836 492 492 636 636 320 320 2026 2026 414 414 356 356 2968 2968 1164 1164 440 440 254 254 254 254 208 208 262 262 
242 242 208 208 262 262 526 526 512 512 512 512 278 278 622 622 696 696 664 664 742 742 754 754 568 568 506 506 546 546 342 342 912 912 738 738 1944 1944 460 460 764 764 2968 2968 2968 2968 2968 2968 694 694 1442 1442 570 570 694 694 254 254 208 208 352 352 246 246 208 208 208 208 
208 208 262 262 232 232 354 354 424 424 492 492 398 398 360 360 412 412 326 326 500 500 686 686 464 464 422 422 732 732 342 342 318 318 1980 1980 724 724 356 356 2968 2968 2616 2616 380 380 486 486 254 254 208 208 500 500 
208 208 262 262 624 624 288 288 430 430 560 560 376 376 542 542 704 704 580 580 418 418 546 546 684 684 878 878 334 334 2014 2014 502 502 2968 2968 2968 2968 2968 2968 856 856 2968 2968 388 388 518 518 280 280 254 254 208 208 224 224 246 246 208 208 208 208 
208 208 262 262 738 738 362 362 754 754 400 400 568 568 598 598 564 564 368 368 736 736 404 404 414 414 588 588 926 926 592 592 246 246 2002 2002 460 460 2968 2968 1428 1428 396 396 254 254 208 208 522 522 
208 208 208 208 262 262 732 732 350 350 586 586 366 366 274 274 314 314 256 256 450 450 658 658 424 424 492 492 312 312 1306 1306 304 304 1864 1864 694 694 532 532 2968 2968 1168 1168 674 674 352 352 254 254 208 208 234 234 
246 246 208 208 208 208 208 208 262 262 568 568 640 640 716 716 442 442 566 566 284 284 402 402 354 354 568 568 608 608 288 288 662 662 1338 1338 576 576 1754 1754 610 610 680 680 2968 2968 2968 2968 2968 2968 662 662 1338 1338 360 360 638 638 254 254 208 208 504 504 
208 208 262 262 384 384 606 606 706 706 600 600 664 664 492 492 734 734 350 350 552 552 608 608 714 714 640 640 840 840 426 426 1714 1714 756 756 2968 2968 2816 2816 352 352 254 254 208 208 432 432 
246 246 208 208 208 208 208 208 262 262 256 256 434 434 366 366 550 550 536 536 600 600 632 632 600 600 372 372 292 292 542 542 994 994 568 568 2124 2124 332 332 760 760 2968 2968 1346 1346 504 504 272 272 254 254 208 208 716 716 
208 208 262 262 426 426 568 568 422 422 298 298 714 714 268 268 618 618 492 492 650 650 508 508 458 458 568 568 1020 1020 724 724 1978 1978 640 640 704 704 2968 2968 2968 2968 2968 2968 702 702 2912 2912 474 474 418 418 254 254 208 208 262 262 
208 208 262 262 614 614 710 710 268 268 790 790 400 400 318 318 596 596 754 754 570 570 314 314 686 686 404 404 750 750 738 738 1726 1726 586 586 648 648 2968 2968 2968 2968 2968 2968 442 442 1610 1610 378 378 254 254 208 208 660 660 246 246 208 208 208 208 
208 208 262 262 364 364 292 292 660 660 726 726 672 672 282 282 528 528 458 458 374 374 384 384 620 620 1208 1208 342 342 2134 2134 634 634 380 380 2968 2968 2968 2968 476 476 232 232 254 254 208 208 248 248 
208 208 262 262 710 710 572 572 452 452 286 286 686 686 630 630 724 724 476 476 476 476 448 448 556 556 330 330 1164 1164 658 658 2138 2138 438 438 596 596 2968 2968 1184 1184 494 494 548 548 668 668 254 254 208 208 502 502 246 246 208 208 208 208 
208 208 262 262 472 472 614 614 724 724 442 442 478 478 462 462 428 428 700 700 370 370 356 356 368 368 1040 1040 376 376 2156 2156 678 678 402 402 2968 2968 2968 2968 2968 2968 748 748 2968 2968 594 594 642 642 722 722 254 254 208 208 628 628 
208 208 262 262 536 536 626 626 708 708 592 592 284 284 640 640 766 766 356 356 260 260 622 622 282 282 726 726 1028 1028 722 722 2052 2052 596 596 372 372 2968 2968 1054 1054 714 714 656 656 254 254 208 208 428 428 246 246 208 208 208 208 
208 208 262 262 642 642 642 642 306 306 708 708 736 736 698 698 548 548 480 480 246 246 680 680 538 538 466 466 1144 1144 548 548 2138 2138 808 808 632 632 2968 2968 2584 2584 308 308 282 282 254 254 208 208 506 506 
208 208 262 262 564 564 284 284 768 768 464 464 448 448 340 340 496 496 338 338 406 406 326 326 450 450 378 378 944 944 514 514 1938 1938 330 330 708 708 2968 2968 1502 1502 324 324 350 350 254 254 208 208 676 676 
246 246 208 208 208 208 208 208 628 628 280 280 470 470 306 306 522 522 588 588 616 616 548 548 418 418 386 386 444 444 668 668 286 286 1054 1054 616 616 236 236 1944 1944 770 770 440 440 2968 2968 2968 2968 2968 2968 338 338 2968 2968 612 612 412 412 708 708 274 274 208 208 418 418 2968 2968 2968 2968 2886 2886 640 640 228 228 652 652 1060 1060 208 208 
208 208 262 262 584 584 692 692 712 712 598 598 640 640 418 418 536 536 466 466 612 612 234 234 422 422 342 342 1178 1178 588 588 1866 1866 368 368 612 612 2968 2968 1244 1244 696 696 628 628 254 254 208 208 514 514 
246 246 208 208 208 208 208 208 262 262 552 552 590 590 746 746 522 522 286 286 516 516 456 456 418 418 538 538 544 544 752 752 718 718 898 898 300 300 1960 1960 324 324 496 496 2968 2968 2968 2968 430 430 502 502 254 254 208 208 374 374 
208 208 262 262 630 630 294 294 766 766 336 336 484 484 408 408 678 678 604 604 746 746 640 640 726 726 516 516 988 988 262 262 2088 2088 740 740 688 688 2968 2968 2968 2968 2968 2968 758 758 1646 1646 406 406 720 720 254 254 208 208 448 448 
208 208 262 262 274 274 622 622 622 622 654 654 654 654 558 558 480 480 404 404 722 722 250 250 474 474 654 654 392 392 520 520 246 246 1148 1148 544 544 424 424 2110 2110 364 364 424 424 2968 2968 2968 2968 2968 2968 678 678 2968 2968 558 558 650 650 528 528 254 254 208 208 328 328 246 246 208 208 208 208 
208 208 262 262 462 462 634 634 700 700 716 716 436 436 730 730 706 706 570 570 656 656 662 662 678 678 338 338 1194 1194 538 538 1928 1928 406 406 802 802 2968 2968 1128 1128 560 560 422 422 254 254 208 208 608 608 
208 208 262 262 690 690 718 718 730 730 706 706 608 608 608 608 480 480 354 354 540 540 562 562 322 322 548 548 724 724 834 834 544 544 2162 2162 542 542 608 608 2968 2968 1118 1118 688 688 508 508 254 254 208 208 274 274 208 208 246 246 208 208 
208 208 262 262 274 274 412 412 336 336 488 488 610 610 394 394 284 284 362 362 618 618 694 694 626 626 612 612 1094 1094 554 554 704 704 2162 2162 648 648 702 702 2968 2968 2968 2968 2968 2968 380 380 1368 1368 476 476 682 682 208 208 254 254 
208 208 262 262 730 730 466 466 270 270 756 756 434 434 300 300 508 508 276 276 342 342 492 492 290 290 414 414 1184 1184 656 656 1776 1776 346 346 578 578 688 688 2968 2968 2968 2968 2968 2968 670 670 2968 2968 418 418 722 722 470 470 254 254 208 208 384 384 246 246 208 208 208 208 
208 208 262 262 500 500 604 604 604 604 542 542 590 590 548 548 292 292 672 672 402 402 504 504 368 368 520 520 1016 1016 610 610 578 578 2168 2168 692 692 518 518 2968 2968 2968 2968 240 240 314 314 434 434 254 254 208 208 600 600 242 242 
208 208 262 262 296 296 392 392 424 424 312 312 304 304 348 348 368 368 260 260 684 684 696 696 290 290 626 626 928 928 482 482 366 366 1814 1814 812 812 670 670 2968 2968 1276 1276 438 438 518 518 254 254 208 208 574 574 
208 208 246 246 208 208 208 208 262 262 262 262 626 626 406 406 516 516 614 614 658 658 536 536 470 470 396 396 474 474 530 530 552 552 694 694 546 546 1854 1854 388 388 552 552 2968 2968 2968 2968 2968 2968 346 346 1334 1334 532 532 566 566 254 254 208 208 290 290 
208 208 262 262 600 600 748 748 748 748 270 270 638 638 646 646 256 256 678 678 754 754 494 494 680 680 278 278 514 514 878 878 444 444 1832 1832 794 794 320 320 2968 2968 2968 2968 2968 2968 608 608 2968 2968 340 340 438 438 480 480 254 254 208 208 356 356 
246 246 208 208 208 208 208 208 262 262 562 562 686 686 686 686 412 412 614 614 664 664 754 754 604 604 466 466 736 736 254 254 270 270 718 718 1098 1098 628 628 2172 2172 500 500 766 766 2968 2968 890 890 582 582 650 650 254 254 208 208 532 532 
208 208 262 262 446 446 376 376 354 354 364 364 590 590 546 546 442 442 662 662 688 688 744 744 254 254 866 866 382 382 1726 1726 426 426 648 648 2968 2968 2624 2624 522 522 692 692 254 254 208 208 382 382 
208 208 262 262 374 374 568 568 582 582 326 326 396 396 640 640 680 680 534 534 692 692 454 454 524 524 636 636 1138 1138 516 516 1728 1728 304 304 582 582 2968 2968 1844 1844 714 714 254 254 208 208 320 320 246 246 208 208 208 208 
208 208 262 262 406 406 514 514 590 590 394 394 734 734 308 308 470 470 736 736 510 510 668 668 378 378 482 482 708 708 432 432 1890 1890 634 634 682 682 2968 2968 2968 2968 2968 2968 398 398 1324 1324 246 246 356 356 254 254 208 208 328 328 
208 208 262 262 306 306 606 606 614 614 700 700 356 356 274 274 598 598 596 596 406 406 272 272 380 380 268 268 1016 1016 456 456 1840 1840 628 628 600 600 2968 2968 872 872 326 326 230 230 254 254 208 208 278 278 246 246 208 208 208 208 
208 208 262 262 262 262 740 740 740 740 562 562 234 234 292 292 268 268 630 630 692 692 638 638 358 358 702 702 318 318 312 312 540 540 722 722 1018 1018 636 636 718 718 1836 1836 408 408 656 656 2968 2968 2816 2816 482 482 742 742 412 412 
208 208 262 262 584 584 572 572 284 284 656 656 638 638 358 358 418 418 598 598 370 370 352 352 538 538 560 560 928 928 510 510 558 558 1986 1986 480 480 518 518 2968 2968 2968 2968 2968 2968 614 614 2968 2968 560 560 416 416 370 370 254 254 208 208 294 294 246 246 208 208 208 208 
208 208 262 262 494 494 728 728 290 290 726 726 696 696 648 648 454 454 580 580 656 656 420 420 762 762 648 648 1280 1280 364 364 680 680 1890 1890 364 364 492 492 2968 2968 1208 1208 438 438 438 438 254 254 208 208 566 566 
208 208 262 262 662 662 720 720 568 568 384 384 412 412 268 268 530 530 284 284 688 688 382 382 268 268 554 554 1198 1198 422 422 638 638 1748 1748 482 482 582 582 2968 2968 2968 2968 2968 2968 484 484 1250 1250 720 720 430 430 254 254 208 208 514 514 
246 246 208 208 208 208 208 208 262 262 704 704 478 478 398 398 564 564 608 608 428 428 686 686 552 552 282 282 694 694 692 692 582 582 1002 1002 604 604 1986 1986 682 682 316 316 2968 2968 2880 2880 650 650 372 372 254 254 208 208 246 246 
208 208 262 262 618 618 434 434 322 322 678 678 552 552 374 374 1178 1178 532 532 402 402 320 320 322 322 1128 1128 480 480 1874 1874 350 350 390 390 376 376 2968 2968 2968 2968 2968 2968 312 312 2968 2968 640 640 254 254 208 208 700 700 
208 208 262 262 290 290 378 378 598 598 566 566 372 372 694 694 208 208 246 246 208 208 588 588 208 208 612 612 726 726 340 340 464 464 370 370 1100 1100 254 254 274 274 1892 1892 322 322 702 702 2968 2968 1386 1386 344 344 416 416 254 254 208 208 682 682 
208 208 262 262 416 416 374 374 436 436 560 560 322 322 324 324 596 596 690 690 636 636 288 288 594 594 476 476 1200 1200 454 454 2164 2164 666 666 780 780 2968 2968 2968 2968 2968 2968 470 470 1422 1422 696 696 254 254 208 208 438 438 222 222 208 208 
2968 2968 2968 2968 1906 1906 2968 2968 2968 2968 1906 1906 1906 1906 1906 1906 640 640 228 228 628 628 248 248 532 532 640 640 228 228 282 282 416 416 482 482 758 758 376 376 620 620 318 318 500 500 526 526 726 726 1164 1164 608 608 318 318 1874 1874 680 680 704 704 2968 2968 1044 1044 294 294 624 624 274 274 208 208 260 260 246 246 208 208 208 208 
208 208 262 262 634 634 696 696 646 646 702 702 548 548 324 324 644 644 552 552 330 330 376 376 768 768 626 626 1146 1146 450 450 1942 1942 538 538 732 732 2968 2968 2968 2968 2968 2968 370 370 2968 2968 402 402 472 472 378 378 254 254 208 208 220 220 
208 208 262 262 418 418 426 426 768 768 512 512 570 570 416 416 462 462 418 418 488 488 538 538 538 538 324 324 456 456 1026 1026 468 468 1880 1880 338 338 416 416 2968 2968 1080 1080 428 428 342 342 356 356 254 254 208 208 688 688 246 246 208 208 208 208 
208 208 262 262 436 436 518 518 484 484 386 386 754 754 576 576 348 348 336 336 488 488 650 650 568 568 510 510 1282 1282 444 444 560 560 2204 2204 800 800 462 462 2968 2968 2968 2968 2968 2968 378 378 1218 1218 576 576 430 430 254 254 208 208 654 654 
208 208 262 262 468 468 432 432 382 382 670 670 612 612 426 426 498 498 436 436 296 296 510 510 640 640 494 494 1118 1118 554 554 1820 1820 368 368 744 744 2968 2968 2742 2742 636 636 490 490 254 254 208 208 406 406 208 208 246 246 208 208 
208 208 262 262 508 508 310 310 506 506 724 724 406 406 760 760 642 642 538 538 546 546 268 268 732 732 288 288 734 734 328 328 554 554 1918 1918 718 718 706 706 2968 2968 856 856 334 334 432 432 254 254 208 208 484 484 
208 208 262 262 242 242 736 736 424 424 780 780 284 284 302 302 686 686 292 292 646 646 414 414 746 746 532 532 1026 1026 582 582 2004 2004 356 356 780 780 2968 2968 2968 2968 2968 2968 722 722 2968 2968 312 312 352 352 662 662 254 254 208 208 642 642 
246 246 208 208 208 208 208 208 262 262 570 570 422 422 458 458 470 470 352 352 474 474 322 322 590 590 736 736 292 292 468 468 496 496 1204 1204 468 468 1678 1678 726 726 674 674 2968 2968 1212 1212 290 290 492 492 254 254 208 208 606 606 
208 208 262 262 250 250 254 254 644 644 308 308 548 548 622 622 532 532 698 698 284 284 626 626 438 438 344 344 1022 1022 670 670 1736 1736 632 632 722 722 2968 2968 2968 2968 2968 2968 622 622 1620 1620 660 660 240 240 254 254 208 208 336 336 
