208 208 262 262 286 286 252 252 320 320 614 614 578 578 708 708 370 370 738 738 648 648 298 298 546 546 438 438 422 422 916 916 292 292 526 526 2968 2968 406 406 2968 2968 994 994 2968 2968 676 676 2968 2968 1014 1014 2968 2968 820 820 2968 2968 778 778 2968 2968 1062 1062 2968 2968 990 990 2968 2968 760 760 2968 2968 2968 2968 1810 1810 2968 2968 828 828 2968 2968 2968 2968 1578 1578 2968 2968 730 730 1830 1830 844 844 
208 208 262 262 616 616 432 432 604 604 742 742 548 548 698 698 770 770 572 572 550 550 740 740 442 442 644 644 380 380 626 626 312 312 794 794 246 246 328 328 2968 2968 510 510 2968 2968 992 992 2968 2968 822 822 2968 2968 948 948 2968 2968 744 744 2968 2968 888 888 2968 2968 904 904 2968 2968 782 782 2968 2968 946 946 2968 2968 658 658 2968 2968 822 822 2968 2968 792 792 2968 2968 2968 2968 1232 1232 2968 2968 782 782 1146 1146 1284 1284 422 422 246 246 208 208 208 208 208 208 
208 208 262 262 462 462 582 582 582 582 690 690 390 390 648 648 656 656 660 660 360 360 328 328 734 734 270 270 378 378 538 538 328 328 688 688 674 674 470 470 2968 2968 516 516 2968 2968 768 768 2968 2968 1052 1052 2968 2968 1006 1006 2968 2968 696 696 2968 2968 674 674 2968 2968 930 930 2968 2968 1054 1054 2968 2968 718 718 2968 2968 1154 1154 2968 2968 856 856 2968 2968 944 944 2968 2968 834 834 2968 2968 656 656 2968 2968 720 720 976 976 378 378 254 254 208 208 544 544 
208 208 262 262 716 716 512 512 592 592 464 464 346 346 316 316 560 560 366 366 678 678 708 708 242 242 378 378 288 288 672 672 442 442 398 398 858 858 318 318 556 556 2968 2968 688 688 2968 2968 818 818 2968 2968 1086 1086 2968 2968 918 918 2968 2968 708 708 2968 2968 1154 1154 2968 2968 716 716 2968 2968 764 764 2968 2968 806 806 2968 2968 1050 1050 2968 2968 738 738 2968 2968 996 996 2968 2968 1016 1016 2968 2968 874 874 2968 2968 802 802 1286 1286 590 590 252 252 254 254 208 208 426 426 
246 246 208 208 208 208 208 208 262 262 566 566 336 336 482 482 302 302 396 396 604 604 564 564 368 368 694 694 696 696 678 678 668 668 612 612 662 662 264 264 630 630 238 238 2968 2968 456 456 232 232 2968 2968 1138 1138 2968 2968 732 732 2968 2968 982 982 2968 2968 758 758 2968 2968 818 818 2968 2968 1142 1142 2968 2968 1072 1072 2968 2968 898 898 2968 2968 1118 1118 2968 2968 1106 1106 2968 2968 794 794 2968 2968 2968 2968 1652 1652 2968 2968 770 770 994 994 320 320 506 506 582 582 254 254 208 208 458 458 
208 208 262 262 548 548 598 598 580 580 402 402 258 258 470 470 650 650 602 602 594 594 328 328 674 674 366 366 354 354 700 700 678 678 274 274 322 322 2968 2968 746 746 2968 2968 986 986 2968 2968 880 880 2968 2968 886 886 2968 2968 740 740 2968 2968 1072 1072 486 486 2968 2968 648 648 2968 2968 1014 1014 2968 2968 694 694 2968 2968 1070 1070 2968 2968 776 776 2968 2968 760 760 2968 2968 2968 2968 1304 1304 2968 2968 830 830 1398 1398 248 248 
208 208 262 262 454 454 598 598 596 596 792 792 250 250 434 434 454 454 606 606 598 598 564 564 208 208 246 246 208 208 500 500 464 464 572 572 710 710 942 942 474 474 282 282 2968 2968 268 268 2968 2968 944 944 2968 2968 866 866 2968 2968 1026 1026 2968 2968 2968 2968 1380 1380 2968 2968 918 918 2968 2968 776 776 2968 2968 1108 1108 2968 2968 2968 2968 1592 1592 2968 2968 662 662 2968 2968 2968 2968 1398 1398 2968 2968 718 718 1134 1134 372 372 208 208 254 254 
208 208 262 262 332 332 440 440 424 424 672 672 246 246 730 730 336 336 266 266 446 446 324 324 324 324 590 590 504 504 774 774 354 354 670 670 812 812 706 706 2968 2968 718 718 2968 2968 898 898 2968 2968 1058 1058 2968 2968 784 784 2968 2968 974 974 2968 2968 1106 1106 2968 2968 814 814 2968 2968 704 704 2968 2968 924 924 2968 2968 702 702 2968 2968 790 790 2968 2968 972 972 2968 2968 2968 2968 1918 1918 2968 2968 1110 1110 1862 1862 296 296 
208 208 262 262 276 276 486 486 374 374 518 518 322 322 298 298 634 634 456 456 352 352 564 564 620 620 336 336 646 646 296 296 602 602 708 708 662 662 2968 2968 570 570 474 474 2968 2968 844 844 2968 2968 940 940 2968 2968 1022 1022 2968 2968 2968 2968 1196 1196 2968 2968 982 982 2968 2968 988 988 2968 2968 1004 1004 2968 2968 1116 1116 2968 2968 1150 1150 2968 2968 736 736 2968 2968 1136 1136 2968 2968 1064 1064 2968 2968 678 678 2286 2286 416 416 246 246 208 208 208 208 
208 208 628 628 638 638 642 642 422 422 526 526 744 744 526 526 470 470 556 556 520 520 324 324 324 324 758 758 680 680 700 700 708 708 804 804 280 280 396 396 2968 2968 404 404 2968 2968 1158 1158 2968 2968 992 992 2968 2968 724 724 2968 2968 1120 1120 2968 2968 754 754 2968 2968 724 724 2968 2968 1152 1152 2968 2968 920 920 2968 2968 2968 2968 1886 1886 2968 2968 1074 1074 2968 2968 2968 2968 1518 1518 2968 2968 936 936 1340 1340 694 694 310 310 714 714 220 220 274 274 208 208 660 660 
208 208 262 262 620 620 308 308 710 710 394 394 476 476 694 694 510 510 246 246 726 726 530 530 658 658 678 678 422 422 628 628 234 234 734 734 2968 2968 374 374 2968 2968 1124 1124 2968 2968 1016 1016 2968 2968 922 922 2968 2968 654 654 2968 2968 982 982 2968 2968 746 746 2968 2968 810 810 2968 2968 792 792 2968 2968 2968 2968 1792 1792 2968 2968 850 850 2968 2968 2968 2968 2968 2968 1916 1916 1796 1796 246 246 208 208 208 208 
208 208 262 262 542 542 512 512 636 636 436 436 378 378 266 266 366 366 506 506 694 694 560 560 294 294 244 244 336 336 396 396 1000 1000 610 610 660 660 2968 2968 688 688 2968 2968 1016 1016 2968 2968 740 740 2968 2968 764 764 2968 2968 990 990 2968 2968 1046 1046 2968 2968 950 950 2968 2968 870 870 2968 2968 962 962 2968 2968 882 882 2968 2968 780 780 2968 2968 1038 1038 2968 2968 792 792 2968 2968 946 946 2968 2968 1124 1124 1164 1164 336 336 254 254 208 208 582 582 
208 208 262 262 408 408 650 650 650 650 230 230 484 484 504 504 558 558 578 578 618 618 610 610 250 250 552 552 432 432 360 360 366 366 296 296 1004 1004 284 284 2968 2968 306 306 714 714 2968 2968 1088 1088 2968 2968 908 908 2968 2968 782 782 2968 2968 2968 2968 1212 1212 2968 2968 676 676 2968 2968 658 658 2968 2968 676 676 2968 2968 2968 2968 1498 1498 2968 2968 1108 1108 2968 2968 1090 1090 2968 2968 650 650 2968 2968 952 952 1000 1000 536 536 514 514 254 254 208 208 716 716 246 246 208 208 208 208 
208 208 262 262 670 670 344 344 652 652 294 294 476 476 552 552 448 448 428 428 300 300 724 724 548 548 302 302 666 666 820 820 638 638 616 616 606 606 2968 2968 364 364 2968 2968 1168 1168 2968 2968 886 886 2968 2968 650 650 2968 2968 962 962 2968 2968 650 650 2968 2968 698 698 2968 2968 864 864 2968 2968 850 850 2968 2968 650 650 2968 2968 850 850 2968 2968 716 716 2968 2968 936 936 2968 2968 652 652 2968 2968 952 952 1204 1204 314 314 624 624 254 254 208 208 256 256 
208 208 262 262 362 362 662 662 416 416 362 362 386 386 720 720 460 460 430 430 334 334 304 304 380 380 548 548 648 648 270 270 336 336 336 336 442 442 678 678 366 366 714 714 690 690 430 430 2968 2968 466 466 2968 2968 740 740 2968 2968 706 706 2968 2968 1086 1086 2968 2968 864 864 2968 2968 1042 1042 2968 2968 808 808 2968 2968 1064 1064 2968 2968 1134 1134 2968 2968 696 696 2968 2968 740 740 2968 2968 720 720 2968 2968 1060 1060 2968 2968 1110 1110 2968 2968 986 986 930 930 444 444 254 254 208 208 428 428 
246 246 208 208 208 208 208 208 262 262 322 322 360 360 420 420 484 484 632 632 660 660 646 646 322 322 534 534 396 396 306 306 344 344 508 508 418 418 490 490 888 888 518 518 344 344 2968 2968 754 754 2968 2968 674 674 2968 2968 988 988 2968 2968 896 896 2968 2968 790 790 2968 2968 828 828 2968 2968 996 996 2968 2968 916 916 2968 2968 974 974 2968 2968 2968 2968 858 858 836 836 2968 2968 712 712 2968 2968 984 984 2968 2968 656 656 2968 2968 758 758 1220 1220 576 576 476 476 256 256 
208 208 262 262 646 646 468 468 528 528 388 388 322 322 360 360 448 448 490 490 760 760 404 404 600 600 380 380 936 936 720 720 310 310 2968 2968 330 330 2968 2968 844 844 2968 2968 1018 1018 2968 2968 974 974 2968 2968 1068 1068 2968 2968 1084 1084 2968 2968 1082 1082 2968 2968 852 852 2968 2968 886 886 2968 2968 2968 2968 1468 1468 2968 2968 980 980 2968 2968 2968 2968 1576 1576 2968 2968 902 902 1354 1354 254 254 208 208 612 612 612 612 
208 208 262 262 686 686 352 352 246 246 208 208 208 208 352 352 208 208 358 358 302 302 646 646 698 698 300 300 704 704 704 704 628 628 502 502 566 566 548 548 320 320 652 652 658 658 710 710 536 536 2968 2968 474 474 2968 2968 1012 1012 2968 2968 2968 2968 2968 2968 2968 2968 2968 2968 2968 2968 2968 2968 2968 2968 2968 2968 2968 2968 2968 2968 2968 2968 2968 2968 2968 2968 2968 2968 2968 2968 1110 1110 388 388 300 300 332 332 552 552 254 254 208 208 632 632 
208 208 262 262 648 648 514 514 414 414 298 298 390 390 766 766 294 294 720 720 502 502 558 558 428 428 756 756 272 272 504 504 828 828 624 624 320 320 350 350 626 626 2968 2968 458 458 2968 2968 696 696 2968 2968 728 728 2968 2968 778 778 2968 2968 2968 2968 1204 1204 2968 2968 676 676 2968 2968 824 824 2968 2968 670 670 2968 2968 934 934 2968 2968 694 694 2968 2968 942 942 2968 2968 902 902 2968 2968 866 866 2968 2968 1118 1118 1024 1024 576 576 438 438 254 254 208 208 688 688 
208 208 262 262 276 276 410 410 360 360 778 778 322 322 482 482 514 514 518 518 734 734 740 740 444 444 752 752 480 480 972 972 684 684 450 450 2968 2968 498 498 600 600 2968 2968 740 740 2968 2968 1010 1010 2968 2968 944 944 2968 2968 678 678 2968 2968 878 878 2968 2968 1152 1152 2968 2968 1002 1002 2968 2968 824 824 2968 2968 828 828 2968 2968 672 672 2968 2968 722 722 2968 2968 756 756 2968 2968 806 806 2968 2968 912 912 1748 1748 236 236 246 246 208 208 208 208 
208 208 262 262 492 492 424 424 446 446 390 390 382 382 368 368 504 504 370 370 628 628 562 562 310 310 334 334 592 592 464 464 590 590 428 428 1048 1048 560 560 2968 2968 606 606 2968 2968 988 988 2968 2968 670 670 2968 2968 674 674 2968 2968 2968 2968 1604 1604 2968 2968 880 880 2968 2968 1096 1096 2968 2968 678 678 2968 2968 2968 2968 1232 1232 2968 2968 1012 1012 2968 2968 2968 2968 1154 1154 2968 2968 1056 1056 1320 1320 318 318 594 594 542 542 254 254 208 208 372 372 
208 208 262 262 516 516 632 632 662 662 642 642 770 770 630 630 728 728 286 286 302 302 746 746 554 554 256 256 716 716 660 660 344 344 558 558 322 322 360 360 896 896 354 354 2968 2968 402 402 2968 2968 1070 1070 2968 2968 706 706 2968 2968 788 788 2968 2968 712 712 2968 2968 720 720 2968 2968 1104 1104 2968 2968 810 810 2968 2968 1066 1066 2968 2968 2968 2968 1496 1496 2968 2968 918 918 2968 2968 664 664 2968 2968 696 696 2968 2968 944 944 906 906 358 358 634 634 472 472 254 254 208 208 266 266 246 246 208 208 208 208 
208 208 262 262 334 334 646 646 614 614 646 646 672 672 326 326 346 346 568 568 630 630 350 350 500 500 402 402 740 740 502 502 254 254 1064 1064 618 618 386 386 2968 2968 274 274 2968 2968 812 812 2968 2968 2968 2968 2968 2968 2968 2968 2020 2020 2968 2968 940 940 2968 2968 2968 2968 2968 2968 1182 1182 2968 2968 2968 2968 1812 1812 2968 2968 2968 2968 2968 2968 2708 2708 596 596 254 254 208 208 322 322 
208 208 262 262 460 460 740 740 398 398 430 430 516 516 546 546 404 404 314 314 282 282 652 652 610 610 516 516 460 460 614 614 734 734 872 872 282 282 562 562 2968 2968 512 512 2968 2968 1162 1162 2968 2968 756 756 2968 2968 932 932 2968 2968 988 988 2968 2968 898 898 2968 2968 748 748 2968 2968 1130 1130 2968 2968 892 892 2968 2968 1110 1110 2968 2968 1018 1018 2968 2968 770 770 2968 2968 2968 2968 1492 1492 2968 2968 1134 1134 1394 1394 482 482 242 242 632 632 254 254 208 208 364 364 246 246 208 208 208 208 
208 208 262 262 674 674 632 632 350 350 540 540 426 426 396 396 474 474 314 314 510 510 606 606 534 534 456 456 414 414 348 348 692 692 548 548 618 618 714 714 498 498 2968 2968 684 684 2968 2968 1084 1084 2968 2968 922 922 2968 2968 1082 1082 2968 2968 1138 1138 2968 2968 1026 1026 2968 2968 838 838 2968 2968 658 658 2968 2968 932 932 2968 2968 842 842 2968 2968 730 730 2968 2968 798 798 2968 2968 852 852 2968 2968 1110 1110 2968 2968 920 920 1652 1652 292 292 266 266 262 262 254 254 208 208 594 594 
208 208 262 262 246 246 494 494 306 306 300 300 690 690 568 568 626 626 308 308 482 482 706 706 628 628 360 360 580 580 296 296 878 878 350 350 612 612 2968 2968 284 284 2968 2968 816 816 2968 2968 1122 1122 2968 2968 656 656 2968 2968 950 950 2968 2968 928 928 2968 2968 800 800 2968 2968 1110 1110 2968 2968 1032 1032 2968 2968 846 846 2968 2968 1066 1066 2968 2968 1012 1012 2968 2968 900 900 2968 2968 914 914 2968 2968 936 936 2082 2082 236 236 
246 246 208 208 208 208 208 208 262 262 428 428 620 620 650 650 520 520 592 592 428 428 464 464 438 438 568 568 688 688 628 628 654 654 348 348 646 646 246 246 622 622 572 572 440 440 2968 2968 504 504 2968 2968 2968 2968 950 950 968 968 2968 2968 2968 2968 1088 1088 2968 2968 1276 1276 2968 2968 2968 2968 1078 1078 912 912 2968 2968 2968 2968 1076 1076 1018 1018 2968 2968 1146 1146 2968 2968 2968 2968 852 852 2968 2968 1912 1912 2968 2968 2198 2198 684 684 400 400 460 460 
208 208 262 262 662 662 312 312 634 634 408 408 308 308 322 322 524 524 476 476 696 696 688 688 398 398 518 518 402 402 498 498 608 608 680 680 600 600 2968 2968 484 484 2968 2968 1160 1160 2968 2968 718 718 2968 2968 796 796 2968 2968 772 772 2968 2968 906 906 2968 2968 1048 1048 2968 2968 948 948 2968 2968 858 858 2968 2968 2968 2968 1546 1546 2968 2968 658 658 2968 2968 2968 2968 1142 1142 2968 2968 844 844 882 882 604 604 290 290 428 428 724 724 254 254 208 208 542 542 
208 208 262 262 454 454 682 682 510 510 252 252 316 316 366 366 324 324 530 530 532 532 410 410 314 314 246 246 208 208 208 208 744 744 628 628 808 808 208 208 312 312 678 678 2968 2968 764 764 2968 2968 738 738 2968 2968 902 902 2968 2968 678 678 2968 2968 674 674 2968 2968 986 986 2968 2968 916 916 2968 2968 848 848 2968 2968 948 948 2968 2968 2968 2968 1310 1310 2968 2968 1098 1098 2968 2968 668 668 2968 2968 958 958 2968 2968 932 932 1048 1048 356 356 254 254 208 208 300 300 
208 208 262 262 296 296 342 342 288 288 738 738 514 514 682 682 278 278 558 558 558 558 738 738 530 530 500 500 352 352 572 572 532 532 740 740 376 376 2968 2968 584 584 2968 2968 664 664 2968 2968 1010 1010 2968 2968 668 668 2968 2968 2968 2968 1180 1180 2968 2968 1076 1076 2968 2968 1024 1024 2968 2968 1136 1136 2968 2968 818 818 2968 2968 718 718 2968 2968 806 806 2968 2968 864 864 2968 2968 946 946 2968 2968 950 950 902 902 584 584 638 638 280 280 458 458 254 254 208 208 276 276 
208 208 262 262 402 402 344 344 312 312 380 380 594 594 690 690 402 402 482 482 390 390 592 592 672 672 418 418 456 456 240 240 966 966 468 468 510 510 2968 2968 312 312 2968 2968 712 712 2968 2968 1102 1102 2968 2968 746 746 2968 2968 1098 1098 2968 2968 810 810 2968 2968 964 964 2968 2968 894 894 2968 2968 728 728 2968 2968 2968 2968 1424 1424 2968 2968 954 954 2968 2968 976 976 2968 2968 814 814 2968 2968 862 862 1002 1002 438 438 470 470 254 254 208 208 462 462 246 246 208 208 208 208 
208 208 262 262 326 326 370 370 730 730 718 718 386 386 480 480 292 292 442 442 568 568 542 542 380 380 630 630 680 680 840 840 504 504 338 338 2968 2968 694 694 2968 2968 1008 1008 2968 2968 898 898 2968 2968 1072 1072 2968 2968 2968 2968 1348 1348 2968 2968 660 660 2968 2968 662 662 2968 2968 692 692 2968 2968 676 676 2968 2968 794 794 2968 2968 860 860 2968 2968 776 776 2968 2968 762 762 2968 2968 1096 1096 848 848 716 716 254 254 208 208 546 546 
208 208 262 262 1310 1310 316 316 696 696 764 764 512 512 510 510 288 288 460 460 376 376 436 436 322 322 664 664 684 684 700 700 500 500 1014 1014 670 670 276 276 2968 2968 440 440 2968 2968 2968 2968 1136 1136 1076 1076 2968 2968 2968 2968 846 846 2968 2968 1182 1182 2968 2968 848 848 2968 2968 1042 1042 2968 2968 662 662 2968 2968 2968 2968 1626 1626 2968 2968 2968 2968 782 782 1136 1136 2968 2968 1106 1106 2968 2968 2198 2198 682 682 496 496 322 322 254 254 208 208 486 486 246 246 208 208 208 208 
208 208 262 262 506 506 252 252 390 390 490 490 782 782 384 384 448 448 302 302 454 454 702 702 404 404 664 664 702 702 752 752 708 708 250 250 776 776 564 564 318 318 726 726 2968 2968 516 516 2968 2968 1116 1116 2968 2968 1088 1088 2968 2968 922 922 2968 2968 734 734 2968 2968 752 752 2968 2968 1062 1062 2968 2968 984 984 2968 2968 1130 1130 2968 2968 2968 2968 1590 1590 2968 2968 670 670 2968 2968 2968 2968 1606 1606 2968 2968 1070 1070 1150 1150 730 730 254 254 208 208 436 436 
208 208 262 262 318 318 330 330 384 384 358 358 732 732 536 536 636 636 610 610 358 358 628 628 240 240 640 640 504 504 546 546 236 236 692 692 386 386 778 778 554 554 664 664 326 326 2968 2968 456 456 2968 2968 762 762 2968 2968 932 932 2968 2968 1132 1132 2968 2968 982 982 2968 2968 728 728 700 700 2968 2968 764 764 2968 2968 940 940 2968 2968 680 680 2968 2968 1090 1090 2968 2968 650 650 2968 2968 1082 1082 2968 2968 670 670 2968 2968 706 706 2968 2968 916 916 1946 1946 254 254 208 208 298 298 
208 208 246 246 208 208 208 208 262 262 484 484 594 594 432 432 324 324 280 280 650 650 334 334 304 304 566 566 312 312 266 266 706 706 298 298 598 598 458 458 812 812 674 674 264 264 2968 2968 622 622 2968 2968 798 798 2968 2968 1088 1088 2968 2968 2968 2968 2968 2968 2968 2968 2968 2968 2968 2968 2968 2968 2968 2968 2644 2644 2968 2968 2968 2968 1968 1968 2968 2968 806 806 2968 2968 1134 1134 2968 2968 1700 1700 686 686 254 254 208 208 504 504 
208 208 208 208 208 208 208 208 1188 1188 398 398 620 620 684 684 756 756 342 342 486 486 444 444 542 542 588 588 346 346 686 686 278 278 452 452 552 552 554 554 802 802 700 700 670 670 2968 2968 636 636 2968 2968 1068 1068 2968 2968 812 812 2968 2968 954 954 2968 2968 1038 1038 2968 2968 832 832 2968 2968 1130 1130 2968 2968 2968 2968 1158 1158 2968 2968 2068 2068 2968 2968 816 816 2968 2968 1040 1040 2968 2968 684 684 2968 2968 952 952 2968 2968 1480 1480 646 646 274 274 208 208 490 490 
208 208 246 246 208 208 208 208 262 262 696 696 538 538 290 290 290 290 600 600 732 732 404 404 452 452 352 352 738 738 604 604 602 602 338 338 764 764 376 376 1090 1090 514 514 642 642 2968 2968 612 612 2968 2968 680 680 2968 2968 746 746 514 514 2968 2968 1070 1070 2968 2968 2968 2968 1266 1266 2968 2968 664 664 2968 2968 1056 1056 2968 2968 750 750 2968 2968 2968 2968 1094 1094 844 844 2968 2968 1076 1076 2968 2968 1032 1032 2968 2968 744 744 2968 2968 674 674 1276 1276 418 418 908 908 
208 208 262 262 626 626 548 548 310 310 532 532 708 708 288 288 302 302 428 428 478 478 658 658 708 708 524 524 386 386 1102 1102 690 690 560 560 2968 2968 550 550 2968 2968 938 938 2968 2968 720 720 2968 2968 822 822 2968 2968 872 872 2968 2968 750 750 2968 2968 668 668 2968 2968 1152 1152 2968 2968 738 738 2968 2968 880 880 2968 2968 914 914 2968 2968 1048 1048 2968 2968 818 818 2968 2968 832 832 2968 2968 658 658 1144 1144 330 330 502 502 
208 208 262 262 294 294 514 514 514 514 330 330 556 556 718 718 444 444 576 576 590 590 516 516 652 652 350 350 410 410 360 360 770 770 622 622 736 736 246 246 208 208 208 208 434 434 570 570 2968 2968 720 720 2968 2968 912 912 2968 2968 710 710 2968 2968 832 832 2968 2968 874 874 2968 2968 718 718 2968 2968 832 832 2968 2968 724 724 2968 2968 896 896 2968 2968 940 940 2968 2968 944 944 2968 2968 802 802 2968 2968 696 696 2968 2968 666 666 2968 2968 850 850 1654 1654 254 254 208 208 284 284 
208 208 262 262 692 692 284 284 684 684 780 780 688 688 352 352 724 724 426 426 698 698 540 540 640 640 568 568 316 316 494 494 808 808 718 718 328 328 2968 2968 706 706 2968 2968 774 774 2968 2968 798 798 2968 2968 754 754 2968 2968 1062 1062 2968 2968 796 796 2968 2968 760 760 2968 2968 866 866 2968 2968 712 712 2968 2968 1076 1076 2968 2968 782 782 2968 2968 1130 1130 2968 2968 1014 1014 2968 2968 946 946 2968 2968 1004 1004 978 978 696 696 496 496 254 254 208 208 586 586 
208 208 262 262 410 410 684 684 684 684 522 522 362 362 524 524 444 444 508 508 412 412 398 398 606 606 298 298 250 250 502 502 408 408 462 462 268 268 606 606 588 588 696 696 644 644 844 844 512 512 2968 2968 570 570 2968 2968 1140 1140 2968 2968 754 754 2968 2968 668 668 2968 2968 1106 1106 2968 2968 902 902 2968 2968 1072 1072 2968 2968 714 714 2968 2968 1034 1034 2968 2968 992 992 2968 2968 964 964 2968 2968 1046 1046 2968 2968 1136 1136 2968 2968 1116 1116 2968 2968 916 916 960 960 600 600 584 584 328 328 322 322 568 568 508 508 246 246 208 208 208 208 208 208 600 600 712 712 254 254 208 208 486 486 246 246 208 208 436 436 228 228 766 766 592 592 208 208 
208 208 262 262 696 696 460 460 412 412 574 574 586 586 698 698 650 650 460 460 424 424 768 768 382 382 682 682 400 400 524 524 714 714 600 600 490 490 630 630 2968 2968 492 492 2968 2968 1024 1024 2968 2968 2968 2968 1928 1928 2968 2968 758 758 2968 2968 2968 2968 1822 1822 2968 2968 1044 1044 2968 2968 2968 2968 2968 2968 2968 2968 2838 2838 2968 2968 892 892 2968 2968 2968 2968 2200 2200 520 520 254 254 208 208 722 722 
208 208 262 262 384 384 312 312 266 266 328 328 244 244 474 474 732 732 248 248 326 326 420 420 424 424 334 334 412 412 1028 1028 554 554 614 614 2968 2968 602 602 2968 2968 916 916 2968 2968 1086 1086 2968 2968 1018 1018 2968 2968 2968 2968 1144 1144 2968 2968 824 824 2968 2968 772 772 2968 2968 848 848 2968 2968 2968 2968 1014 1014 982 982 2968 2968 918 918 2968 2968 1132 1132 2968 2968 906 906 2968 2968 984 984 1188 1188 334 334 330 330 314 314 
208 208 246 246 208 208 208 208 262 262 590 590 734 734 666 666 724 724 452 452 272 272 710 710 664 664 652 652 310 310 620 620 404 404 432 432 410 410 876 876 876 876 392 392 738 738 2968 2968 464 464 2968 2968 1066 1066 2968 2968 1064 1064 2968 2968 816 816 2968 2968 980 980 2968 2968 1158 1158 2968 2968 916 916 2968 2968 1060 1060 2968 2968 832 832 2968 2968 2968 2968 1138 1138 2968 2968 916 916 2968 2968 1096 1096 2968 2968 832 832 2968 2968 928 928 1202 1202 322 322 
208 208 262 262 614 614 500 500 438 438 554 554 632 632 622 622 296 296 436 436 250 250 516 516 728 728 354 354 492 492 628 628 638 638 548 548 2968 2968 586 586 2968 2968 1168 1168 2968 2968 864 864 2968 2968 1046 1046 2968 2968 2968 2968 1440 1440 2968 2968 996 996 2968 2968 708 708 2968 2968 648 648 2968 2968 2968 2968 1234 1234 2968 2968 1046 1046 2968 2968 900 900 2968 2968 758 758 2968 2968 710 710 1178 1178 564 564 208 208 254 254 
246 246 208 208 208 208 208 208 262 262 294 294 328 328 310 310 764 764 508 508 608 608 616 616 598 598 590 590 506 506 498 498 598 598 536 536 654 654 434 434 614 614 420 420 864 864 412 412 646 646 2968 2968 756 756 2968 2968 1166 1166 2968 2968 1102 1102 2968 2968 1098 1098 2968 2968 880 880 2968 2968 2968 2968 930 930 2968 2968 1106 1106 2968 2968 2968 2968 1720 1720 2968 2968 1100 1100 2968 2968 2968 2968 778 778 900 900 2968 2968 2968 2968 2264 2264 686 686 254 254 510 510 
208 208 262 262 714 714 508 508 530 530 542 542 298 298 698 698 404 404 554 554 574 574 698 698 496 496 506 506 526 526 656 656 734 734 570 570 2968 2968 690 690 2968 2968 1004 1004 2968 2968 1004 1004 2968 2968 866 866 2968 2968 764 764 2968 2968 1066 1066 2968 2968 898 898 2968 2968 872 872 2968 2968 920 920 2968 2968 648 648 2968 2968 934 934 2968 2968 1110 1110 2968 2968 2968 2968 1596 1596 2968 2968 1012 1012 1570 1570 254 254 208 208 556 556 
208 208 208 208 262 262 518 518 616 616 402 402 746 746 502 502 388 388 532 532 452 452 498 498 740 740 288 288 540 540 488 488 668 668 1036 1036 632 632 382 382 2968 2968 310 310 2968 2968 934 934 2968 2968 2968 2968 2968 2968 2968 2968 2022 2022 2968 2968 2968 2968 2968 2968 2968 2968 2968 2968 2968 2968 920 920 2968 2968 2968 2968 2968 2968 2968 2968 2968 2968 426 426 246 246 208 208 208 208 438 438 208 208 292 292 316 316 246 246 462 462 254 254 208 208 332 332 246 246 208 208 
208 208 262 262 350 350 310 310 332 332 486 486 328 328 702 702 510 510 482 482 348 348 326 326 572 572 734 734 772 772 456 456 614 614 564 564 438 438 2968 2968 464 464 684 684 2968 2968 968 968 2968 2968 1156 1156 2968 2968 1106 1106 2968 2968 880 880 2968 2968 758 758 2968 2968 812 812 2968 2968 1004 1004 2968 2968 698 698 2968 2968 1130 1130 2968 2968 1162 1162 2968 2968 812 812 2968 2968 1074 1074 2968 2968 978 978 2968 2968 998 998 884 884 740 740 308 308 684 684 254 254 208 208 612 612 
208 208 262 262 380 380 436 436 704 704 524 524 748 748 322 322 280 280 458 458 456 456 304 304 736 736 448 448 602 602 492 492 300 300 288 288 2968 2968 498 498 2968 2968 838 838 2968 2968 752 752 2968 2968 696 696 2968 2968 882 882 2968 2968 972 972 2968 2968 964 964 2968 2968 1028 1028 2968 2968 684 684 2968 2968 656 656 2968 2968 696 696 2968 2968 1094 1094 2968 2968 2968 2968 1516 1516 2968 2968 862 862 1316 1316 254 254 208 208 556 556 242 242 246 246 208 208 208 208 
208 208 262 262 350 350 470 470 318 318 738 738 286 286 236 236 678 678 428 428 726 726 626 626 302 302 366 366 520 520 444 444 710 710 774 774 668 668 594 594 2968 2968 394 394 2968 2968 864 864 2968 2968 1114 1114 2968 2968 1020 1020 2968 2968 1044 1044 2968 2968 690 690 2968 2968 1114 1114 2968 2968 1132 1132 2968 2968 1144 1144 2968 2968 988 988 2968 2968 896 896 2968 2968 860 860 2968 2968 762 762 2968 2968 888 888 2968 2968 682 682 1102 1102 406 406 340 340 254 254 208 208 236 236 
208 208 262 262 560 560 644 644 482 482 302 302 576 576 466 466 432 432 602 602 498 498 632 632 752 752 744 744 488 488 774 774 698 698 252 252 2968 2968 694 694 2968 2968 950 950 2968 2968 828 828 2968 2968 752 752 2968 2968 780 780 2968 2968 708 708 2968 2968 1070 1070 2968 2968 916 916 2968 2968 1152 1152 2968 2968 2968 2968 1562 1562 2968 2968 1000 1000 2968 2968 2968 2968 1376 1376 2968 2968 1064 1064 1946 1946 
246 246 208 208 208 208 208 208 262 262 318 318 610 610 534 534 686 686 670 670 240 240 542 542 494 494 578 578 716 716 698 698 400 400 700 700 302 302 476 476 1100 1100 730 730 674 674 2968 2968 480 480 2968 2968 666 666 2968 2968 2968 2968 2968 2968 2968 2968 2968 2968 2840 2840 2968 2968 1118 1118 2968 2968 780 780 2968 2968 1132 1132 2968 2968 906 906 2968 2968 934 934 2968 2968 2968 2968 2968 2968 2416 2416 644 644 254 254 208 208 290 290 
208 208 208 208 208 208 208 208 208 208 208 208 1552 1552 422 422 430 430 338 338 654 654 606 606 640 640 680 680 500 500 464 464 600 600 664 664 364 364 742 742 666 666 692 692 418 418 668 668 724 724 552 552 2968 2968 538 538 2968 2968 898 898 2968 2968 804 804 2968 2968 1084 1084 2968 2968 1078 1078 2968 2968 948 948 2968 2968 822 822 2968 2968 730 730 2968 2968 1072 1072 2968 2968 854 854 2968 2968 1022 1022 2968 2968 900 900 2968 2968 2968 2968 1544 1544 2968 2968 670 670 1016 1016 542 542 254 254 208 208 538 538 
246 246 208 208 208 208 208 208 262 262 574 574 446 446 276 276 776 776 500 500 390 390 462 462 406 406 746 746 354 354 354 354 406 406 608 608 554 554 794 794 532 532 380 380 2968 2968 438 438 2968 2968 920 920 2968 2968 1010 1010 2968 2968 732 732 2968 2968 900 900 2968 2968 732 732 2968 2968 1148 1148 2968 2968 830 830 2968 2968 2968 2968 1388 1388 2968 2968 2968 2968 1128 1128 1034 1034 2968 2968 2968 2968 2968 2968 2934 2934 258 258 254 254 208 208 232 232 
208 208 208 208 262 262 552 552 712 712 292 292 542 542 536 536 700 700 296 296 762 762 542 542 436 436 500 500 744 744 400 400 670 670 608 608 620 620 288 288 2968 2968 346 346 2968 2968 804 804 2968 2968 726 726 2968 2968 738 738 2968 2968 2968 2968 1104 1104 2968 2968 760 760 2968 2968 920 920 2968 2968 1042 1042 2968 2968 2968 2968 1536 1536 2968 2968 1038 1038 2968 2968 2968 2968 1356 1356 2968 2968 1106 1106 1118 1118 482 482 254 254 208 208 628 628 
208 208 262 262 366 366 674 674 640 640 298 298 310 310 412 412 384 384 580 580 580 580 350 350 258 258 318 318 746 746 584 584 418 418 684 684 1108 1108 670 670 558 558 2968 2968 512 512 2968 2968 868 868 2968 2968 970 970 2968 2968 1006 1006 2968 2968 1044 1044 2968 2968 2968 2968 1960 1960 2968 2968 676 676 2968 2968 2968 2968 2968 2968 2968 2968 2968 2968 2968 2968 2968 2968 2968 2968 2592 2592 598 598 374 374 252 252 254 254 208 208 462 462 246 246 208 208 208 208 
208 208 262 262 696 696 644 644 398 398 478 478 256 256 464 464 550 550 590 590 632 632 622 622 442 442 370 370 254 254 484 484 540 540 904 904 438 438 602 602 2968 2968 634 634 2968 2968 1118 1118 2968 2968 928 928 2968 2968 766 766 2968 2968 872 872 2968 2968 746 746 2968 2968 716 716 2968 2968 790 790 2968 2968 978 978 2968 2968 696 696 2968 2968 1120 1120 2968 2968 884 884 2968 2968 806 806 2968 2968 1030 1030 2968 2968 850 850 910 910 592 592 450 450 254 254 208 208 700 700 
208 208 262 262 680 680 466 466 346 346 282 282 388 388 368 368 704 704 282 282 492 492 350 350 278 278 622 622 746 746 278 278 762 762 708 708 2968 2968 568 568 638 638 2968 2968 792 792 2968 2968 918 918 2968 2968 842 842 2968 2968 932 932 2968 2968 888 888 2968 2968 1040 1040 2968 2968 672 672 2968 2968 730 730 2968 2968 874 874 2968 2968 708 708 2968 2968 1064 1064 2968 2968 2968 2968 1778 1778 2968 2968 884 884 1730 1730 254 254 208 208 488 488 246 246 208 208 208 208 
208 208 262 262 328 328 696 696 702 702 320 320 380 380 452 452 300 300 272 272 522 522 758 758 772 772 268 268 672 672 546 546 242 242 676 676 300 300 640 640 2968 2968 610 610 2968 2968 836 836 2968 2968 740 740 2968 2968 1030 1030 2968 2968 1104 1104 2968 2968 832 832 2968 2968 1102 1102 2968 2968 994 994 2968 2968 804 804 2968 2968 922 922 2968 2968 942 942 2968 2968 734 734 2968 2968 2968 2968 1288 1288 2968 2968 1150 1150 950 950 298 298 356 356 254 254 208 208 460 460 
208 208 208 208 262 262 484 484 366 366 322 322 288 288 756 756 258 258 852 852 304 304 540 540 760 760 678 678 732 732 412 412 334 334 608 608 618 618 326 326 2968 2968 750 750 2968 2968 922 922 2968 2968 2968 2968 1242 1242 2968 2968 1098 1098 2968 2968 846 846 2968 2968 1030 1030 2968 2968 724 724 2968 2968 2968 2968 2968 2968 2968 2968 2968 2968 2968 2968 2968 2968 2968 2968 2968 2968 326 326 526 526 278 278 488 488 460 460 254 254 208 208 704 704 222 222 208 208 246 246 208 208 208 208 
2968 2968 2968 2968 1906 1906 2968 2968 2968 2968 1906 1906 640 640 228 228 1906 1906 640 640 228 228 628 628 720 720 684 684 684 684 520 520 570 570 308 308 312 312 308 308 482 482 666 666 336 336 558 558 284 284 682 682 374 374 392 392 944 944 596 596 688 688 2968 2968 362 362 2968 2968 954 954 2968 2968 910 910 2968 2968 896 896 2968 2968 764 764 2968 2968 1080 1080 2968 2968 734 734 2968 2968 862 862 2968 2968 760 760 2968 2968 672 672 2968 2968 2968 2968 2968 2968 2968 2968 2968 2968 2968 2968 2968 2968 596 596 
208 208 262 262 552 552 662 662 414 414 510 510 432 432 586 586 536 536 440 440 414 414 710 710 602 602 602 602 610 610 856 856 666 666 550 550 2968 2968 618 618 2968 2968 762 762 2968 2968 1084 1084 2968 2968 1000 1000 2968 2968 2968 2968 1532 1532 2968 2968 890 890 2968 2968 1124 1124 2968 2968 920 920 2968 2968 2968 2968 1544 1544 2968 2968 866 866 2968 2968 2968 2968 1190 1190 2968 2968 656 656 1264 1264 578 578 440 440 254 254 208 208 370 370 
246 246 208 208 208 208 208 208 262 262 240 240 452 452 452 452 340 340 732 732 724 724 288 288 560 560 722 722 296 296 278 278 426 426 288 288 574 574 492 492 352 352 520 520 944 944 444 444 2968 2968 518 518 2968 2968 1050 1050 2968 2968 954 954 2968 2968 670 670 2968 2968 748 748 2968 2968 878 878 2968 2968 890 890 2968 2968 982 982 2968 2968 1062 1062 2968 2968 714 714 2968 2968 1032 1032 2968 2968 994 994 2968 2968 2968 2968 1118 1118 2968 2968 1104 1104 1344 1344 644 644 474 474 678 678 304 304 262 262 254 254 208 208 232 232 
208 208 262 262 382 382 424 424 600 600 674 674 706 706 610 610 338 338 436 436 736 736 600 600 720 720 652 652 360 360 972 972 274 274 226 226 422 422 2968 2968 716 716 2968 2968 930 930 2968 2968 2968 2968 1224 1224 2968 2968 912 912 2968 2968 890 890 2968 2968 2968 2968 2968 2968 1804 1804 2968 2968 1134 1134 2968 2968 2968 2968 2968 2968 2474 2474 2968 2968 2968 2968 2258 2258 620 620 254 254 208 208 698 698 
208 208 262 262 594 594 544 544 494 494 472 472 656 656 444 444 742 742 388 388 356 356 230 230 734 734 740 740 382 382 366 366 208 208 246 246 208 208 406 406 490 490 690 690 764 764 208 208 614 614 2968 2968 768 768 2968 2968 976 976 2968 2968 1142 1142 2968 2968 1126 1126 2968 2968 2968 2968 1066 1066 888 888 2968 2968 828 828 2968 2968 1142 1142 2968 2968 706 706 2968 2968 2968 2968 1244 1244 2968 2968 1078 1078 2968 2968 1016 1016 2968 2968 1120 1120 672 672 2968 2968 832 832 1022 1022 456 456 382 382 474 474 254 254 208 208 418 418 
208 208 262 262 662 662 718 718 464 464 726 726 666 666 478 478 684 684 352 352 276 276 502 502 334 334 506 506 416 416 518 518 264 264 418 418 800 800 494 494 2968 2968 420 420 2968 2968 812 812 2968 2968 714 714 718 718 2968 2968 1120 1120 2968 2968 864 864 2968 2968 832 832 2968 2968 1014 1014 2968 2968 784 784 2968 2968 1094 1094 2968 2968 2968 2968 1726 1726 2968 2968 1114 1114 2968 2968 2968 2968 1504 1504 2968 2968 1052 1052 1322 1322 644 644 462 462 254 254 208 208 328 328 
208 208 262 262 590 590 524 524 576 576 712 712 282 282 570 570 432 432 608 608 330 330 562 562 604 604 372 372 482 482 556 556 994 994 634 634 514 514 2968 2968 676 676 2968 2968 1132 1132 2968 2968 2968 2968 1348 1348 2968 2968 942 942 2968 2968 2968 2968 1236 1236 2968 2968 1130 1130 2968 2968 2968 2968 1410 1410 2968 2968 706 706 2968 2968 804 804 2968 2968 2968 2968 1646 1646 2968 2968 1938 1938 270 270 254 254 208 208 694 694 246 246 208 208 208 208 
208 208 262 262 580 580 636 636 276 276 520 520 752 752 314 314 456 456 614 614 552 552 482 482 504 504 558 558 1098 1098 384 384 710 710 2968 2968 690 690 2968 2968 830 830 2968 2968 1010 1010 2968 2968 1072 1072 2968 2968 1094 1094 2968 2968 956 956 2968 2968 890 890 2968 2968 682 682 2968 2968 1150 1150 2968 2968 2968 2968 1408 1408 2968 2968 1032 1032 2968 2968 754 754 2968 2968 698 698 2968 2968 862 862 926 926 520 520 294 294 
406 406 346 346 970 970 358 358 454 454 2968 2968 568 568 2968 2968 1118 1118 2968 2968 2968 2968 1464 1464 2968 2968 820 820 2968 2968 792 792 2968 2968 888 888 2968 2968 900 900 2968 2968 2968 2968 1280 1280 2968 2968 2968 2968 2968 2968 2968 2968 2968 2968 2968 2968 1446 1446 454 454 254 254 208 208 378 378 246 246 208 208 208 208 
242 242 208 208 262 262 298 298 428 428 520 520 612 612 704 704 342 342 648 648 670 670 386 386 634 634 690 690 518 518 696 696 250 250 412 412 278 278 832 832 666 666 2968 2968 518 518 2968 2968 684 684 2968 2968 676 676 2968 2968 976 976 2968 2968 1014 1014 2968 2968 2968 2968 2110 2110 2968 2968 862 862 2968 2968 2968 2968 2968 2968 2968 2968 2968 2968 2968 2968 2968 2968 2968 2968 2766 2766 696 696 230 230 414 414 254 254 208 208 390 390 
208 208 262 262 282 282 534 534 580 580 452 452 446 446 738 738 402 402 392 392 464 464 756 756 478 478 340 340 598 598 612 612 728 728 692 692 304 304 2968 2968 372 372 2968 2968 792 792 2968 2968 662 662 2968 2968 1090 1090 2968 2968 942 942 2968 2968 654 654 2968 2968 704 704 2968 2968 956 956 2968 2968 1002 1002 2968 2968 1034 1034 2968 2968 808 808 2968 2968 1110 1110 2968 2968 1050 1050 2968 2968 782 782 2968 2968 652 652 1232 1232 482 482 614 614 548 548 
246 246 208 208 208 208 208 208 262 262 392 392 568 568 506 506 506 506 554 554 318 318 658 658 520 520 740 740 604 604 308 308 414 414 724 724 610 610 1052 1052 596 596 550 550 2968 2968 578 578 2968 2968 1156 1156 2968 2968 764 764 2968 2968 924 924 2968 2968 674 674 2968 2968 910 910 2968 2968 790 790 2968 2968 1032 1032 2968 2968 726 726 2968 2968 1132 1132 2968 2968 726 726 2968 2968 978 978 2968 2968 776 776 2968 2968 986 986 2968 2968 744 744 920 920 540 540 620 620 254 254 208 208 560 560 
208 208 262 262 740 740 490 490 490 490 628 628 440 440 530 530 534 534 310 310 278 278 568 568 332 332 388 388 394 394 740 740 426 426 612 612 1004 1004 574 574 2968 2968 712 712 2968 2968 918 918 2968 2968 1084 1084 2968 2968 832 832 2968 2968 906 906 2968 2968 812 812 2968 2968 1074 1074 2968 2968 718 718 2968 2968 866 866 2968 2968 1022 1022 2968 2968 698 698 2968 2968 1014 1014 2968 2968 754 754 2968 2968 834 834 2968 2968 936 936 1328 1328 466 466 600 600 254 254 208 208 528 528 
2968 2968 2968 2968 2888 2888 2888 2888 640 640 228 228 604 604 2968 2968 2968 2968 1622 1622 2968 2968 2968 2968 2796 2796 2968 2968 2968 2968 2796 2796 2110 2110 208 208 208 208 212 212 470 470 208 208 208 208 246 246 208 208 208 208 262 262 354 354 250 250 510 510 458 458 680 680 1006 1006 668 668 734 734 390 390 698 698 406 406 640 640 630 630 1030 1030 706 706 632 632 316 316 2968 2968 406 406 2968 2968 926 926 2968 2968 846 846 2968 2968 810 810 2968 2968 934 934 2968 2968 692 692 2968 2968 700 700 2968 2968 1042 1042 2968 2968 860 860 2968 2968 2968 2968 1532 1532 2968 2968 934 934 2968 2968 732 732 2968 2968 1118 1118 2968 2968 818 818 974 974 500 500 646 646 254 254 208 208 334 334 334 334 
208 208 262 262 680 680 452 452 280 280 748 748 734 734 460 460 538 538 358 358 450 450 302 302 492 492 390 390 656 656 734 734 664 664 608 608 898 898 276 276 2968 2968 336 336 2968 2968 854 854 2968 2968 742 742 2968 2968 1136 1136 2968 2968 2968 2968 1432 1432 2968 2968 1114 1114 2968 2968 946 946 2968 2968 886 886 2968 2968 1134 1134 2968 2968 704 704 2968 2968 1128 1128 2968 2968 2968 2968 1712 1712 2968 2968 794 794 898 898 730 730 286 286 392 392 468 468 410 410 254 254 208 208 690 690 
208 208 262 262 334 334 404 404 524 524 350 350 634 634 522 522 498 498 722 722 364 364 318 318 438 438 576 576 516 516 516 516 1030 1030 610 610 256 256 264 264 2968 2968 278 278 2968 2968 958 958 2968 2968 658 658 292 292 2968 2968 682 682 2968 2968 938 938 2968 2968 1146 1146 2968 2968 662 662 2968 2968 654 654 2968 2968 744 744 2968 2968 1068 1068 2968 2968 758 758 2968 2968 958 958 2968 2968 828 828 2968 2968 734 734 2968 2968 1134 1134 1220 1220 254 254 208 208 340 340 208 208 246 246 208 208 
208 208 262 262 612 612 650 650 634 634 486 486 268 268 284 284 382 382 564 564 414 414 422 422 702 702 432 432 510 510 384 384 406 406 894 894 248 248 516 516 2968 2968 710 710 2968 2968 1056 1056 2968 2968 866 866 2968 2968 1156 1156 2968 2968 1036 1036 2968 2968 1068 1068 2968 2968 762 762 2968 2968 682 682 2968 2968 668 668 2968 2968 2968 2968 1546 1546 2968 2968 774 774 2968 2968 2968 2968 1278 1278 2968 2968 868 868 944 944 684 684 254 254 208 208 484 484 
208 208 262 262 382 382 354 354 582 582 778 778 538 538 584 584 308 308 604 604 426 426 380 380 500 500 560 560 480 480 658 658 898 898 560 560 710 710 2968 2968 426 426 2968 2968 708 708 2968 2968 806 806 2968 2968 718 718 2968 2968 1038 1038 2968 2968 2968 2968 1370 1370 2968 2968 868 868 2968 2968 2968 2968 2968 2968 2968 2968 2210 2210 2968 2968 2968 2968 2968 2968 2968 2968 296 296 292 292 254 254 208 208 654 654 246 246 208 208 208 208 
208 208 262 262 384 384 674 674 518 518 458 458 460 460 628 628 366 366 314 314 754 754 610 610 566 566 736 736 626 626 730 730 470 470 302 302 2968 2968 348 348 2968 2968 1050 1050 2968 2968 2968 2968 1128 1128 2968 2968 2968 2968 1946 1946 2968 2968 2968 2968 2968 2968 2968 2968 2968 2968 2968 2968 2968 2968 2968 2968 2968 2968 2968 2968 2968 2968 1094 1094 360 360 254 254 208 208 336 336 
208 208 262 262 480 480 378 378 378 378 262 262 238 238 684 684 246 246 522 522 518 518 396 396 702 702 492 492 458 458 592 592 666 666 348 348 738 738 688 688 350 350 230 230 2968 2968 444 444 2968 2968 768 768 2968 2968 1090 1090 2968 2968 928 928 2968 2968 806 806 2968 2968 716 716 2968 2968 976 976 2968 2968 756 756 2968 2968 2968 2968 1170 1170 2968 2968 2968 2968 1920 1920 2968 2968 2968 2968 2968 2968 2968 2968 814 814 494 494 618 618 224 224 254 254 208 208 416 416 246 246 208 208 208 208 
208 208 262 262 450 450 418 418 660 660 302 302 760 760 454 454 560 560 748 748 592 592 474 474 736 736 402 402 454 454 850 850 358 358 736 736 2968 2968 708 708 2968 2968 816 816 2968 2968 976 976 2968 2968 938 938 2968 2968 1058 1058 2968 2968 860 860 2968 2968 650 650 2968 2968 818 818 2968 2968 1058 1058 2968 2968 2968 2968 1468 1468 2968 2968 800 800 2968 2968 1132 1132 2968 2968 800 800 2968 2968 1090 1090 1226 1226 614 614 580 580 816 816 
208 208 262 262 646 646 536 536 488 488 448 448 552 552 430 430 674 674 406 406 412 412 684 684 302 302 496 496 290 290 936 936 546 546 2968 2968 726 726 348 348 2968 2968 1098 1098 2968 2968 704 704 2968 2968 732 732 2968 2968 682 682 2968 2968 764 764 2968 2968 776 776 2968 2968 964 964 2968 2968 846 846 2968 2968 2968 2968 1526 1526 2968 2968 1136 1136 2968 2968 2968 2968 1200 1200 2968 2968 754 754 1226 1226 740 740 
242 242 246 246 208 208 208 208 208 208 262 262 268 268 262 262 672 672 464 464 580 580 366 366 628 628 566 566 614 614 390 390 578 578 618 618 552 552 418 418 1062 1062 414 414 374 374 2968 2968 368 368 2968 2968 1106 1106 2968 2968 2968 2968 2968 2968 2968 2968 2886 2886 2968 2968 2968 2968 2968 2968 2968 2968 2968 2968 2968 2968 2968 2968 2968 2968 2320 2320 2968 2968 746 746 2968 2968 1510 1510 722 722 370 370 254 254 208 208 478 478 
208 208 262 262 730 730 354 354 354 354 384 384 708 708 438 438 342 342 640 640 624 624 752 752 654 654 430 430 292 292 362 362 514 514 316 316 550 550 1090 1090 602 602 574 574 558 558 246 246 2968 2968 640 640 2968 2968 936 936 2968 2968 2968 2968 1412 1412 2968 2968 824 824 2968 2968 2968 2968 2968 2968 2968 2968 2968 2968 2806 2806 2968 2968 710 710 2968 2968 2968 2968 1848 1848 2968 2968 790 790 2968 2968 1832 1832 534 534 254 254 208 208 688 688 
246 246 208 208 208 208 208 208 262 262 560 560 438 438 716 716 644 644 594 594 668 668 338 338 480 480 658 658 332 332 614 614 280 280 760 760 410 410 430 430 464 464 938 938 498 498 292 292 2968 2968 412 412 2968 2968 670 670 2968 2968 1084 1084 2968 2968 680 680 2968 2968 874 874 2968 2968 998 998 2968 2968 848 848 2968 2968 888 888 2968 2968 2968 2968 2968 2968 2968 2968 2942 2942 2968 2968 2968 2968 2968 2968 2382 2382 370 370 254 254 208 208 394 394 
208 208 262 262 478 478 638 638 364 364 376 376 572 572 432 432 486 486 452 452 708 708 682 682 412 412 766 766 494 494 940 940 258 258 580 580 2968 2968 528 528 2968 2968 862 862 2968 2968 890 890 2968 2968 1094 1094 2968 2968 1062 1062 2968 2968 712 712 2968 2968 908 908 2968 2968 1040 1040 2968 2968 1148 1148 2968 2968 986 986 2968 2968 844 844 2968 2968 1058 1058 2968 2968 2968 2968 1798 1798 2968 2968 948 948 1650 1650 500 500 
208 208 262 262 726 726 406 406 406 406 648 648 674 674 358 358 300 300 322 322 722 722 430 430 654 654 716 716 444 444 678 678 256 256 694 694 612 612 2968 2968 670 670 2968 2968 786 786 2968 2968 916 916 2968 2968 658 658 2968 2968 1122 1122 2968 2968 1130 1130 2968 2968 770 770 2968 2968 1066 1066 2968 2968 1140 1140 2968 2968 992 992 2968 2968 1012 1012 2968 2968 1066 1066 2968 2968 2968 2968 1518 1518 2968 2968 1146 1146 2184 2184 246 246 208 208 208 208 
208 208 628 628 398 398 304 304 490 490 748 748 312 312 516 516 422 422 370 370 478 478 268 268 624 624 436 436 464 464 850 850 276 276 674 674 2968 2968 636 636 2968 2968 1016 1016 2968 2968 880 880 2968 2968 912 912 2968 2968 668 668 2968 2968 772 772 2968 2968 1130 1130 2968 2968 700 700 2968 2968 1040 1040 2968 2968 2968 2968 1934 1934 2968 2968 672 672 2968 2968 2968 2968 1258 1258 2968 2968 1094 1094 1066 1066 338 338 506 506 274 274 208 208 714 714 
208 208 262 262 680 680 326 326 432 432 320 320 576 576 352 352 492 492 648 648 670 670 390 390 570 570 572 572 444 444 746 746 526 526 298 298 2968 2968 576 576 2968 2968 928 928 2968 2968 812 812 2968 2968 848 848 2968 2968 2968 2968 1258 1258 2968 2968 780 780 2968 2968 1098 1098 2968 2968 736 736 2968 2968 2968 2968 1192 1192 2968 2968 1126 1126 2968 2968 1070 1070 2968 2968 870 870 2968 2968 1098 1098 924 924 350 350 872 872 246 246 208 208 208 208 
208 208 262 262 536 536 530 530 402 402 316 316 442 442 368 368 428 428 762 762 386 386 516 516 316 316 276 276 1070 1070 420 420 642 642 2968 2968 322 322 2968 2968 1024 1024 2968 2968 1060 1060 2968 2968 828 828 2968 2968 2968 2968 1174 1174 2968 2968 660 660 2968 2968 940 940 2968 2968 958 958 2968 2968 2968 2968 1728 1728 2968 2968 650 650 2968 2968 1148 1148 2968 2968 1110 1110 2968 2968 750 750 1882 1882 
208 208 262 262 532 532 656 656 334 334 688 688 362 362 240 240 660 660 496 496 752 752 266 266 448 448 546 546 338 338 328 328 718 718 502 502 580 580 2968 2968 274 274 274 274 2968 2968 1094 1094 2968 2968 812 812 2968 2968 746 746 2968 2968 670 670 2968 2968 804 804 2968 2968 860 860 2968 2968 1118 1118 2968 2968 874 874 2968 2968 1058 1058 2968 2968 870 870 2968 2968 788 788 2968 2968 1046 1046 2968 2968 686 686 2968 2968 1780 1780 540 540 596 596 254 254 208 208 604 604 246 246 208 208 208 208 
208 208 262 262 426 426 474 474 616 616 694 694 346 346 728 728 730 730 728 728 284 284 330 330 574 574 536 536 428 428 476 476 494 494 724 724 890 890 494 494 318 318 2968 2968 352 352 2968 2968 1100 1100 2968 2968 896 896 2968 2968 668 668 2968 2968 2968 2968 1212 1212 2968 2968 896 896 2968 2968 1080 1080 2968 2968 826 826 2968 2968 2968 2968 1152 1152 740 740 2968 2968 968 968 2968 2968 792 792 2968 2968 1036 1036 2968 2968 1094 1094 1208 1208 314 314 256 256 470 470 254 254 208 208 326 326 
208 208 262 262 384 384 472 472 472 472 366 366 330 330 290 290 428 428 258 258 370 370 402 402 280 280 480 480 600 600 808 808 606 606 524 524 2968 2968 480 480 2968 2968 726 726 2968 2968 1142 1142 2968 2968 1016 1016 2968 2968 1082 1082 2968 2968 936 936 2968 2968 872 872 2968 2968 1134 1134 2968 2968 908 908 2968 2968 1044 1044 2968 2968 1102 1102 2968 2968 774 774 2968 2968 728 728 2968 2968 668 668 2968 2968 976 976 1120 1120 316 316 254 254 208 208 654 654 
246 246 208 208 208 208 208 208 262 262 460 460 432 432 536 536 538 538 428 428 438 438 612 612 592 592 410 410 678 678 288 288 544 544 620 620 702 702 996 996 690 690 2968 2968 322 322 2968 2968 978 978 2968 2968 2968 2968 2968 2968 2968 2968 2304 2304 2968 2968 2968 2968 904 904 1040 1040 2968 2968 2968 2968 1552 1552 2968 2968 1132 1132 2968 2968 2968 2968 2040 2040 2968 2968 724 724 2968 2968 1770 1770 592 592 254 254 208 208 672 672 672 672 
208 208 262 262 336 336 344 344 344 344 528 528 382 382 690 690 478 478 602 602 576 576 446 446 550 550 294 294 372 372 574 574 684 684 470 470 512 512 1076 1076 330 330 318 318 2968 2968 754 754 2968 2968 910 910 2968 2968 1152 1152 2968 2968 660 660 2968 2968 798 798 2968 2968 1018 1018 2968 2968 920 920 2968 2968 968 968 2968 2968 816 816 2968 2968 1024 1024 2968 2968 766 766 2968 2968 850 850 2968 2968 882 882 2968 2968 822 822 2968 2968 1128 1128 884 884 264 264 598 598 418 418 254 254 208 208 494 494 
208 208 262 262 804 804 246 246 208 208 208 208 208 208 262 262 320 320 574 574 632 632 530 530 590 590 642 642 646 646 578 578 720 720 568 568 748 748 320 320 508 508 486 486 556 556 758 758 666 666 584 584 584 584 2968 2968 638 638 2968 2968 838 838 2968 2968 954 954 2968 2968 774 774 2968 2968 904 904 2968 2968 768 768 2968 2968 1048 1048 2968 2968 668 668 2968 2968 2968 2968 1172 1172 2968 2968 920 920 2968 2968 1106 1106 2968 2968 1046 1046 2968 2968 2968 2968 1834 1834 362 362 254 254 208 208 454 454 
208 208 262 262 580 580 552 552 680 680 546 546 488 488 552 552 642 642 512 512 596 596 524 524 312 312 492 492 668 668 394 394 312 312 928 928 374 374 664 664 2968 2968 382 382 2968 2968 1064 1064 2968 2968 2968 2968 2968 2968 1840 1840 2968 2968 1034 1034 2968 2968 922 922 2968 2968 898 898 2968 2968 846 846 2968 2968 1076 1076 2968 2968 2968 2968 2968 2968 2968 2968 2054 2054 2968 2968 2804 2804 480 480 578 578 300 300 254 254 208 208 354 354 
208 208 262 262 364 364 656 656 334 334 568 568 342 342 234 234 414 414 718 718 716 716 666 666 598 598 412 412 304 304 606 606 664 664 612 612 562 562 650 650 2968 2968 708 708 2968 2968 782 782 2968 2968 1112 1112 2968 2968 688 688 2968 2968 966 966 2968 2968 744 744 2968 2968 834 834 2968 2968 980 980 2968 2968 1142 1142 2968 2968 1124 1124 2968 2968 1052 1052 2968 2968 854 854 2968 2968 1088 1088 2968 2968 684 684 2968 2968 688 688 1104 1104 696 696 254 254 208 208 548 548 208 208 246 246 208 208 
208 208 262 262 346 346 476 476 476 476 446 446 480 480 334 334 422 422 512 512 580 580 576 576 462 462 528 528 554 554 636 636 290 290 528 528 2968 2968 524 524 2968 2968 816 816 2968 2968 2968 2968 880 880 2968 2968 2968 2968 2598 2598 2968 2968 2968 2968 2968 2968 2968 2968 2968 2968 2968 2968 2968 2968 2968 2968 2968 2968 2968 2968 2968 2968 2256 2256 278 278 254 254 208 208 368 368 
208 208 262 262 566 566 490 490 586 586 500 500 702 702 408 408 288 288 594 594 332 332 684 684 396 396 700 700 534 534 698 698 400 400 344 344 910 910 488 488 720 720 514 514 2968 2968 768 768 2968 2968 1126 1126 2968 2968 816 816 2968 2968 950 950 2968 2968 768 768 2968 2968 874 874 2968 2968 1108 1108 2968 2968 2968 2968 2968 2968 2050 2050 2968 2968 2968 2968 2968 2968 2586 2586 2968 2968 2968 2968 2580 2580 684 684 254 254 208 208 638 638 246 246 208 208 208 208 
208 208 262 262 274 274 502 502 574 574 646 646 474 474 586 586 298 298 530 530 500 500 334 334 522 522 354 354 520 520 488 488 474 474 638 638 600 600 700 700 2968 2968 660 660 2968 2968 1122 1122 2968 2968 1000 1000 2968 2968 744 744 2968 2968 1102 1102 2968 2968 652 652 2968 2968 740 740 2968 2968 930 930 2968 2968 650 650 2968 2968 2968 2968 1806 1806 2968 2968 826 826 2968 2968 2968 2968 1754 1754 2968 2968 862 862 1520 1520 318 318 254 254 208 208 682 682 
208 208 262 262 284 284 466 466 466 466 302 302 758 758 432 432 706 706 766 766 624 624 508 508 630 630 482 482 560 560 588 588 462 462 354 354 412 412 880 880 276 276 268 268 2968 2968 316 316 2968 2968 670 670 2968 2968 2968 2968 2968 2968 2968 2968 2968 2968 2968 2968 2968 2968 2968 2968 2968 2968 2968 2968 2968 2968 2968 2968 2968 2968 2968 2968 2968 2968 2968 2968 1562 1562 272 272 390 390 662 662 522 522 254 254 208 208 312 312 246 246 208 208 208 208 
208 208 262 262 560 560 722 722 744 744 764 764 572 572 566 566 392 392 492 492 512 512 266 266 346 346 302 302 346 346 880 880 624 624 540 540 2968 2968 622 622 2968 2968 1050 1050 2968 2968 726 726 2968 2968 1120 1120 2968 2968 1058 1058 2968 2968 800 800 2968 2968 992 992 2968 2968 986 986 2968 2968 720 720 2968 2968 810 810 2968 2968 788 788 2968 2968 1138 1138 2968 2968 1148 1148 2968 2968 1104 1104 2968 2968 1868 1868 520 520 580 580 208 208 254 254 
208 208 262 262 234 234 692 692 692 692 470 470 750 750 482 482 524 524 730 730 668 668 348 348 678 678 692 692 390 390 722 722 554 554 584 584 782 782 566 566 434 434 2968 2968 652 652 2968 2968 804 804 2968 2968 1004 1004 2968 2968 1112 1112 2968 2968 696 696 2968 2968 934 934 2968 2968 764 764 2968 2968 716 716 2968 2968 1114 1114 2968 2968 766 766 2968 2968 1068 1068 2968 2968 974 974 2968 2968 926 926 2968 2968 988 988 2968 2968 852 852 1244 1244 584 584 486 486 254 254 208 208 614 614 
246 246 208 208 208 208 208 208 262 262 516 516 678 678 670 670 588 588 588 588 578 578 530 530 734 734 272 272 358 358 574 574 608 608 406 406 672 672 294 294 734 734 664 664 294 294 656 656 2968 2968 486 486 250 250 2968 2968 830 830 2968 2968 732 732 2968 2968 718 718 2968 2968 854 854 2968 2968 940 940 2968 2968 1156 1156 2968 2968 1012 1012 2968 2968 1126 1126 2968 2968 2968 2968 1454 1454 2968 2968 970 970 2968 2968 682 682 2968 2968 770 770 2968 2968 1112 1112 1348 1348 714 714 254 254 208 208 628 628 
208 208 262 262 330 330 534 534 430 430 514 514 522 522 286 286 530 530 582 582 276 276 2968 2968 2968 2968 2888 2888 640 640 228 228 392 392 652 652 1184 1184 208 208 448 448 384 384 350 350 652 652 476 476 250 250 650 650 574 574 572 572 268 268 370 370 
2968 2968 2968 2968 2894 2894 704 704 228 228 766 766 592 592 208 208 316 316 414 414 310 310 246 246 208 208 208 208 326 326 334 334 232 232 288 288 300 300 630 630 506 506 548 548 384 384 278 278 724 724 292 292 278 278 626 626 658 658 614 614 282 282 
428 428 428 428 228 228 228 228 628 628 396 396 468 468 500 500 374 374 300 300 352 352 256 256 286 286 446 446 512 512 280 280 334 334 714 714 596 596 2968 2968 720 720 362 362 2968 2968 1004 1004 2968 2968 748 748 2968 2968 898 898 2968 2968 866 866 2968 2968 830 830 2968 2968 890 890 2968 2968 670 670 2968 2968 742 742 2968 2968 1080 1080 2968 2968 702 702 2968 2968 1078 1078 2968 2968 2968 2968 1370 1370 2968 2968 1014 1014 1142 1142 358 358 262 262 274 274 208 208 498 498 246 246 208 208 208 208 
208 208 262 262 300 300 690 690 286 286 720 720 390 390 706 706 596 596 738 738 584 584 276 276 462 462 374 374 390 390 740 740 1066 1066 588 588 2968 2968 358 358 482 482 2968 2968 816 816 2968 2968 994 994 2968 2968 1064 1064 2968 2968 890 890 2968 2968 728 728 2968 2968 918 918 2968 2968 990 990 2968 2968 776 776 2968 2968 668 668 2968 2968 714 714 2968 2968 678 678 2968 2968 2968 2968 1652 1652 2968 2968 650 650 1116 1116 254 254 208 208 546 546 
208 208 208 208 262 262 568 568 608 608 458 458 512 512 606 606 542 542 1582 1582 662 662 522 522 488 488 734 734 310 310 620 620 834 834 378 378 2968 2968 332 332 2968 2968 986 986 2968 2968 694 694 2968 2968 708 708 2968 2968 2968 2968 1246 1246 2968 2968 838 838 2968 2968 1154 1154 2968 2968 830 830 2968 2968 842 842 2968 2968 746 746 2968 2968 1120 1120 2968 2968 2968 2968 1650 1650 2968 2968 1126 1126 908 908 674 674 532 532 254 254 208 208 334 334 208 208 246 246 208 208 
208 208 262 262 428 428 462 462 334 334 612 612 516 516 688 688 454 454 396 396 652 652 354 354 608 608 444 444 388 388 786 786 736 736 586 586 622 622 408 408 2968 2968 558 558 2968 2968 900 900 2968 2968 1054 1054 2968 2968 1130 1130 2968 2968 982 982 2968 2968 1114 1114 2968 2968 942 942 2968 2968 2968 2968 1708 1708 2968 2968 864 864 2968 2968 1090 1090 2968 2968 2968 2968 2968 2968 2142 2142 2968 2968 1602 1602 584 584 254 254 208 208 680 680 
208 208 262 262 302 302 478 478 746 746 378 378 324 324 382 382 414 414 288 288 692 692 726 726 728 728 282 282 432 432 352 352 404 404 306 306 892 892 664 664 308 308 2968 2968 738 738 2968 2968 890 890 2968 2968 952 952 2968 2968 1130 1130 2968 2968 948 948 2968 2968 1144 1144 2968 2968 1034 1034 2968 2968 726 726 2968 2968 740 740 2968 2968 2968 2968 1272 1272 2968 2968 744 744 2968 2968 1004 1004 2968 2968 996 996 2968 2968 1142 1142 1070 1070 692 692 316 316 254 254 208 208 418 418 
246 246 208 208 208 208 208 208 262 262 458 458 680 680 544 544 688 688 716 716 738 738 352 352 282 282 498 498 478 478 582 582 410 410 302 302 1036 1036 586 586 578 578 438 438 2968 2968 546 546 2968 2968 686 686 2968 2968 668 668 2968 2968 700 700 2968 2968 1008 1008 2968 2968 786 786 2968 2968 1018 1018 2968 2968 794 794 2968 2968 710 710 2968 2968 1118 1118 2968 2968 2968 2968 1476 1476 2968 2968 2968 2968 1268 1268 2968 2968 674 674 1206 1206 712 712 254 254 208 208 404 404 
208 208 262 262 280 280 432 432 346 346 560 560 720 720 558 558 728 728 316 316 710 710 242 242 740 740 624 624 476 476 664 664 454 454 652 652 730 730 2968 2968 532 532 2968 2968 994 994 2968 2968 1038 1038 2968 2968 648 648 2968 2968 714 714 2968 2968 960 960 2968 2968 1048 1048 2968 2968 804 804 2968 2968 1064 1064 2968 2968 716 716 2968 2968 2968 2968 2968 2968 2968 2968 2968 2968 2968 2968 1188 1188 230 230 254 254 208 208 696 696 
246 246 208 208 208 208 208 208 262 262 400 400 516 516 270 270 770 770 408 408 400 400 348 348 356 356 568 568 264 264 716 716 712 712 558 558 376 376 592 592 468 468 658 658 634 634 2968 2968 440 440 2968 2968 1028 1028 2968 2968 656 656 2968 2968 760 760 2968 2968 776 776 2968 2968 982 982 2968 2968 766 766 2968 2968 1000 1000 2968 2968 1106 1106 2968 2968 1042 1042 2968 2968 750 750 2968 2968 2968 2968 2968 2968 1306 1306 2968 2968 2184 2184 406 406 254 254 208 208 286 286 
208 208 262 262 614 614 406 406 766 766 264 264 478 478 600 600 720 720 416 416 666 666 398 398 610 610 708 708 638 638 284 284 288 288 872 872 420 420 2968 2968 722 722 2968 2968 702 702 2968 2968 794 794 2968 2968 800 800 2968 2968 1150 1150 2968 2968 1002 1002 2968 2968 706 706 2968 2968 976 976 2968 2968 1018 1018 2968 2968 940 940 2968 2968 908 908 2968 2968 1104 1104 2968 2968 2968 2968 1362 1362 2968 2968 882 882 902 902 696 696 254 254 208 208 354 354 
242 242 208 208 262 262 344 344 304 304 700 700 370 370 348 348 516 516 420 420 440 440 706 706 566 566 580 580 322 322 232 232 670 670 258 258 686 686 326 326 208 208 222 222 208 208 208 208 326 326 620 620 556 556 2968 2968 490 490 2968 2968 796 796 2968 2968 972 972 2968 2968 760 760 2968 2968 1030 1030 2968 2968 766 766 2968 2968 942 942 2968 2968 770 770 2968 2968 656 656 2968 2968 1144 1144 2968 2968 886 886 2968 2968 1116 1116 2968 2968 1078 1078 2968 2968 1074 1074 2968 2968 834 834 1014 1014 416 416 254 254 208 208 322 322 
208 208 262 262 586 586 548 548 668 668 304 304 576 576 572 572 280 280 270 270 558 558 454 454 458 458 274 274 610 610 422 422 810 810 486 486 386 386 2968 2968 368 368 2968 2968 776 776 2968 2968 876 876 2968 2968 1046 1046 2968 2968 746 746 2968 2968 1048 1048 2968 2968 2968 2968 2968 2968 2094 2094 2968 2968 1010 1010 2968 2968 2968 2968 1426 1426 2968 2968 906 906 2968 2968 1086 1086 2968 2968 1448 1448 558 558 254 254 208 208 642 642 
208 208 262 262 500 500 580 580 580 580 720 720 296 296 742 742 482 482 596 596 328 328 704 704 662 662 602 602 348 348 272 272 246 246 278 278 318 318 552 552 1008 1008 634 634 504 504 2968 2968 500 500 2968 2968 1138 1138 2968 2968 792 792 2968 2968 2968 2968 2968 2968 2968 2968 2968 2968 2968 2968 2968 2968 2968 2968 2968 2968 2968 2968 2968 2968 858 858 2968 2968 736 736 2968 2968 1022 1022 2968 2968 2132 2132 474 474 254 254 208 208 236 236 2968 2968 2968 2968 2896 2896 736 736 228 228 326 326 208 208 
208 208 262 262 722 722 502 502 648 648 410 410 726 726 388 388 394 394 264 264 576 576 358 358 448 448 564 564 344 344 1042 1042 250 250 524 524 2968 2968 662 662 2968 2968 790 790 2968 2968 694 694 2968 2968 790 790 2968 2968 2968 2968 1448 1448 2968 2968 1042 1042 2968 2968 2968 2968 1086 1086 2968 2968 2968 2968 2544 2544 2968 2968 2968 2968 2968 2968 2968 2968 2968 2968 1100 1100 414 414 254 254 208 208 408 408 
208 208 262 262 556 556 338 338 672 672 480 480 570 570 758 758 744 744 678 678 282 282 756 756 562 562 436 436 706 706 370 370 374 374 472 472 478 478 246 246 538 538 274 274 708 708 602 602 688 688 416 416 2968 2968 682 682 2968 2968 1054 1054 2968 2968 2968 2968 1230 1230 2968 2968 708 708 2968 2968 922 922 2968 2968 1150 1150 2968 2968 1074 1074 2968 2968 960 960 2968 2968 2968 2968 1344 1344 2968 2968 648 648 2968 2968 2968 2968 1140 1140 2968 2968 926 926 1202 1202 526 526 254 254 208 208 316 316 246 246 208 208 208 208 
208 208 262 262 324 324 358 358 310 310 554 554 648 648 330 330 450 450 482 482 486 486 308 308 536 536 726 726 688 688 814 814 698 698 2968 2968 708 708 480 480 2968 2968 848 848 2968 2968 1038 1038 2968 2968 960 960 2968 2968 1054 1054 2968 2968 666 666 2968 2968 706 706 2968 2968 802 802 2968 2968 1020 1020 2968 2968 996 996 2968 2968 708 708 2968 2968 832 832 2968 2968 2968 2968 1166 1166 2968 2968 966 966 1284 1284 732 732 226 226 254 254 208 208 436 436 
208 208 262 262 696 696 264 264 356 356 328 328 760 760 270 270 258 258 384 384 546 546 702 702 488 488 414 414 890 890 680 680 724 724 2968 2968 326 326 2968 2968 1056 1056 2968 2968 710 710 2968 2968 2968 2968 1558 1558 2968 2968 860 860 2968 2968 2968 2968 2968 2968 2968 2968 2968 2968 430 430 2968 2968 718 718 2968 2968 2968 2968 1474 1474 2968 2968 2968 2968 1872 1872 1872 1872 562 562 254 254 208 208 704 704 
246 246 208 208 208 208 208 208 262 262 540 540 572 572 520 520 714 714 462 462 424 424 688 688 490 490 756 756 432 432 526 526 566 566 538 538 734 734 810 810 634 634 2968 2968 540 540 2968 2968 1114 1114 2968 2968 832 832 2968 2968 1154 1154 2968 2968 1132 1132 2968 2968 900 900 2968 2968 2968 2968 2968 2968 1406 1406 2968 2968 2968 2968 2968 2968 2968 2968 2968 2968 2968 2968 2968 2968 2774 2774 520 520 254 254 208 208 578 578 
208 208 262 262 586 586 644 644 318 318 294 294 370 370 458 458 652 652 652 652 676 676 294 294 308 308 548 548 652 652 698 698 336 336 574 574 670 670 592 592 236 236 2968 2968 410 410 2968 2968 824 824 2968 2968 2968 2968 1324 1324 2968 2968 722 722 2968 2968 2968 2968 1328 1328 2968 2968 662 662 2968 2968 2968 2968 1302 1302 2968 2968 2968 2968 2968 2968 2968 2968 2968 2968 2968 2968 1164 1164 420 420 254 254 208 208 476 476 
246 246 208 208 208 208 208 208 262 262 704 704 414 414 722 722 598 598 442 442 500 500 308 308 734 734 666 666 568 568 416 416 658 658 654 654 710 710 452 452 978 978 366 366 2968 2968 714 714 2968 2968 908 908 2968 2968 2968 2968 1148 1148 2968 2968 1074 1074 2968 2968 748 748 2968 2968 1032 1032 2968 2968 1034 1034 2968 2968 2968 2968 2968 2968 1506 1506 2968 2968 1956 1956 2968 2968 2968 2968 2968 2968 2956 2956 536 536 254 254 208 208 458 458 
208 208 208 208 262 262 390 390 244 244 552 552 524 524 520 520 560 560 912 912 564 564 606 606 300 300 690 690 558 558 704 704 290 290 946 946 272 272 594 594 2968 2968 478 478 2968 2968 830 830 2968 2968 1024 1024 2968 2968 888 888 2968 2968 1048 1048 2968 2968 938 938 2968 2968 1050 1050 2968 2968 652 652 2968 2968 662 662 2968 2968 976 976 2968 2968 708 708 2968 2968 848 848 2968 2968 704 704 2968 2968 708 708 2968 2968 1048 1048 1540 1540 640 640 
208 208 262 262 336 336 502 502 704 704 480 480 368 368 602 602 664 664 466 466 240 240 328 328 620 620 770 770 606 606 764 764 618 618 554 554 2968 2968 680 680 2968 2968 1162 1162 2968 2968 680 680 2968 2968 842 842 2968 2968 970 970 2968 2968 900 900 2968 2968 1084 1084 2968 2968 950 950 2968 2968 1118 1118 2968 2968 792 792 2968 2968 712 712 2968 2968 798 798 2968 2968 2968 2968 2968 2968 2968 2968 324 324 636 636 246 246 208 208 208 208 
208 208 262 262 452 452 478 478 368 368 434 434 636 636 338 338 752 752 334 334 578 578 710 710 318 318 252 252 668 668 356 356 1062 1062 300 300 1814 1814 560 560 2968 2968 1040 1040 2968 2968 1118 1118 2968 2968 1158 1158 2968 2968 1132 1132 2968 2968 1124 1124 2968 2968 654 654 2968 2968 934 934 2968 2968 814 814 2968 2968 1000 1000 2968 2968 986 986 2968 2968 2968 2968 2968 2968 1764 1764 2968 2968 1060 1060 1304 1304 626 626 254 254 208 208 470 470 
208 208 262 262 294 294 632 632 312 312 580 580 432 432 482 482 876 876 740 740 534 534 680 680 362 362 342 342 290 290 410 410 688 688 428 428 278 278 534 534 2968 2968 342 342 2968 2968 692 692 2968 2968 1118 1118 2968 2968 922 922 2968 2968 662 662 2968 2968 740 740 2968 2968 1100 1100 2968 2968 758 758 2968 2968 806 806 2968 2968 2968 2968 1276 1276 2968 2968 840 840 2968 2968 2968 2968 2968 2968 2400 2400 530 530 662 662 254 254 208 208 672 672 246 246 208 208 208 208 
208 208 262 262 424 424 590 590 362 362 664 664 584 584 250 250 588 588 492 492 678 678 500 500 282 282 320 320 558 558 244 244 628 628 674 674 2968 2968 428 428 2968 2968 724 724 2968 2968 1142 1142 2968 2968 1000 1000 2968 2968 714 714 2968 2968 816 816 2968 2968 2968 2968 1146 1146 2968 2968 808 808 2968 2968 2968 2968 2968 2968 2968 2968 2968 2968 2968 2968 2796 2796 2054 2054 368 368 444 444 272 272 254 254 208 208 632 632 
208 208 262 262 700 700 350 350 278 278 610 610 362 362 328 328 384 384 308 308 382 382 548 548 606 606 632 632 738 738 444 444 360 360 424 424 682 682 1096 1096 646 646 2968 2968 704 704 2968 2968 720 720 2968 2968 914 914 2968 2968 1134 1134 2968 2968 2968 2968 1496 1496 2968 2968 1106 1106 2968 2968 1116 1116 2968 2968 960 960 2968 2968 872 872 2968 2968 1128 1128 2968 2968 800 800 2968 2968 2968 2968 1418 1418 2968 2968 886 886 1242 1242 670 670 716 716 532 532 254 254 208 208 482 482 246 246 208 208 208 208 
208 208 262 262 642 642 438 438 566 566 286 286 346 346 542 542 622 622 486 486 556 556 682 682 654 654 660 660 374 374 626 626 1066 1066 350 350 538 538 726 726 2968 2968 368 368 2968 2968 1030 1030 2968 2968 940 940 2968 2968 818 818 2968 2968 1060 1060 2968 2968 2968 2968 1404 1404 2968 2968 906 906 2968 2968 2968 2968 2968 2968 2968 2968 2968 2968 2968 2968 2968 2968 2968 2968 2378 2378 588 588 254 254 208 208 656 656 
208 208 262 262 566 566 286 286 416 416 750 750 550 550 328 328 746 746 336 336 458 458 458 458 438 438 242 242 686 686 714 714 1084 1084 566 566 552 552 2968 2968 484 484 2968 2968 778 778 2968 2968 1122 1122 2968 2968 704 704 2968 2968 1076 1076 2968 2968 2968 2968 2968 2968 2968 2968 2968 2968 2968 2968 2968 2968 2968 2968 264 264 2968 2968 2968 2968 2968 2968 2968 2968 234 234 232 232 254 254 208 208 678 678 678 678 
246 246 208 208 208 208 208 208 208 208 628 628 614 614 404 404 748 748 782 782 646 646 724 724 678 678 556 556 410 410 334 334 774 774 484 484 796 796 480 480 258 258 2968 2968 422 422 2968 2968 898 898 2968 2968 2968 2968 1310 1310 2968 2968 802 802 2968 2968 924 924 2968 2968 1030 1030 2968 2968 850 850 2968 2968 2968 2968 2968 2968 1322 1322 2968 2968 1772 1772 2968 2968 2968 2968 2968 2968 2890 2890 420 420 274 274 208 208 690 690 
208 208 262 262 332 332 706 706 664 664 532 532 632 632 564 564 452 452 382 382 722 722 622 622 696 696 566 566 770 770 628 628 766 766 718 718 986 986 518 518 252 252 2968 2968 416 416 2968 2968 812 812 2968 2968 2968 2968 1434 1434 2968 2968 1014 1014 2968 2968 774 774 2968 2968 1064 1064 2968 2968 836 836 2968 2968 2968 2968 1494 1494 2968 2968 894 894 2968 2968 2968 2968 2968 2968 2968 2968 2722 2722 680 680 456 456 416 416 254 254 208 208 366 366 
246 246 208 208 208 208 208 208 262 262 306 306 344 344 666 666 470 470 294 294 368 368 614 614 252 252 446 446 562 562 434 434 456 456 638 638 694 694 684 684 734 734 328 328 2968 2968 560 560 2968 2968 1030 1030 2968 2968 900 900 2968 2968 1092 1092 2968 2968 1040 1040 2968 2968 930 930 2968 2968 694 694 2968 2968 1056 1056 2968 2968 938 938 2968 2968 1090 1090 2968 2968 714 714 2968 2968 786 786 2968 2968 802 802 2968 2968 1082 1082 2968 2968 896 896 1080 1080 362 362 274 274 330 330 604 604 
208 208 262 262 620 620 470 470 412 412 390 390 630 630 604 604 598 598 416 416 430 430 456 456 714 714 424 424 594 594 652 652 868 868 590 590 2968 2968 550 550 2968 2968 848 848 2968 2968 874 874 2968 2968 836 836 2968 2968 2968 2968 2968 2968 2968 2968 2968 2968 2924 2924 2968 2968 740 740 2968 2968 2968 2968 2968 2968 2968 2968 2456 2456 2968 2968 654 654 1154 1154 458 458 254 254 208 208 610 610 
208 208 262 262 240 240 536 536 488 488 466 466 440 440 690 690 592 592 246 246 300 300 512 512 566 566 750 750 654 654 466 466 708 708 708 708 710 710 650 650 2968 2968 324 324 2968 2968 996 996 2968 2968 2968 2968 2968 2968 1692 1692 2968 2968 706 706 2968 2968 1004 1004 2968 2968 1082 1082 2968 2968 924 924 2968 2968 2968 2968 2968 2968 2968 2968 2968 2968 2780 2780 2968 2968 1358 1358 208 208 246 246 208 208 282 282 254 254 208 208 490 490 
208 208 262 262 600 600 492 492 688 688 736 736 556 556 386 386 262 262 582 582 280 280 508 508 658 658 514 514 608 608 860 860 576 576 2968 2968 388 388 2968 2968 998 998 2968 2968 728 728 2968 2968 1088 1088 2968 2968 680 680 2968 2968 870 870 2968 2968 1080 1080 2968 2968 734 734 2968 2968 2968 2968 2968 2968 2968 2968 2916 2916 2968 2968 2968 2968 1650 1650 2968 2968 1652 1652 306 306 342 342 254 254 208 208 652 652 652 652 
208 208 262 262 302 302 712 712 608 608 286 286 374 374 694 694 338 338 620 620 306 306 368 368 590 590 290 290 514 514 762 762 452 452 672 672 470 470 496 496 2968 2968 328 328 2968 2968 816 816 2968 2968 2968 2968 1972 1972 2968 2968 2968 2968 928 928 2968 2968 1674 1674 2968 2968 2968 2968 2968 2968 1702 1702 2968 2968 832 832 2968 2968 952 952 2968 2968 2968 2968 2968 2968 2408 2408 1714 1714 458 458 254 254 208 208 670 670 246 246 208 208 208 208 
208 208 262 262 456 456 500 500 616 616 594 594 270 270 282 282 448 448 440 440 736 736 526 526 400 400 514 514 670 670 718 718 306 306 642 642 730 730 316 316 2968 2968 560 560 2968 2968 1132 1132 2968 2968 978 978 2968 2968 2968 2968 2968 2968 1848 1848 2968 2968 1044 1044 2968 2968 738 738 2968 2968 998 998 2968 2968 2968 2968 866 866 2968 2968 2968 2968 2968 2968 2968 2968 2968 2968 2272 2272 592 592 500 500 702 702 254 254 208 208 278 278 
208 208 262 262 554 554 560 560 336 336 372 372 696 696 240 240 448 448 544 544 502 502 626 626 360 360 572 572 764 764 558 558 942 942 498 498 520 520 2968 2968 412 412 2968 2968 872 872 2968 2968 2968 2968 1146 1146 2968 2968 958 958 2968 2968 2968 2968 1440 1440 2968 2968 886 886 2968 2968 2968 2968 2968 2968 2968 2968 2114 2114 2968 2968 2968 2968 708 708 2968 2968 1828 1828 248 248 254 254 208 208 366 366 246 246 208 208 208 208 
208 208 262 262 548 548 402 402 412 412 668 668 644 644 640 640 400 400 462 462 538 538 444 444 396 396 372 372 386 386 704 704 806 806 480 480 566 566 2968 2968 512 512 2968 2968 1084 1084 2968 2968 798 798 2968 2968 676 676 2968 2968 1070 1070 2968 2968 806 806 2968 2968 906 906 2968 2968 836 836 2968 2968 986 986 2968 2968 2968 2968 2968 2968 2968 2968 2968 2968 2968 2968 2968 2968 2034 2034 648 648 254 254 208 208 336 336 336 336 
208 208 262 262 618 618 344 344 308 308 568 568 602 602 640 640 572 572 576 576 496 496 550 550 364 364 342 342 612 612 794 794 232 232 468 468 2968 2968 584 584 2968 2968 1118 1118 2968 2968 1060 1060 2968 2968 1070 1070 2968 2968 1000 1000 2968 2968 2968 2968 1232 1232 2968 2968 996 996 2968 2968 2968 2968 1108 1108 2968 2968 1040 1040 2968 2968 734 734 2968 2968 808 808 2968 2968 2968 2968 1390 1390 1174 1174 596 596 254 254 208 208 644 644 
246 246 208 208 208 208 208 208 262 262 384 384 398 398 412 412 400 400 734 734 594 594 984 984 638 638 518 518 262 262 594 594 310 310 356 356 852 852 326 326 2968 2968 594 594 2968 2968 886 886 2968 2968 1058 1058 2968 2968 782 782 2968 2968 1066 1066 2968 2968 834 834 2968 2968 1122 1122 2968 2968 784 784 2968 2968 2968 2968 1486 1486 2968 2968 2968 2968 832 832 2968 2968 2968 2968 2310 2310 2968 2968 1760 1760 238 238 254 254 208 208 360 360 
208 208 262 262 468 468 678 678 338 338 418 418 426 426 564 564 288 288 378 378 644 644 754 754 716 716 496 496 702 702 662 662 738 738 272 272 560 560 2968 2968 686 686 2968 2968 694 694 2968 2968 2968 2968 2968 2968 2968 2968 2812 2812 2968 2968 2968 2968 2968 2968 2968 2968 2968 2968 2968 2968 2968 2968 2968 2968 2968 2968 2968 2968 2968 2968 1708 1708 356 356 254 254 208 208 244 244 
246 246 208 208 208 208 208 208 262 262 508 508 400 400 574 574 538 538 556 556 688 688 640 640 684 684 260 260 286 286 488 488 720 720 742 742 742 742 324 324 632 632 860 860 438 438 686 686 2968 2968 596 596 2968 2968 940 940 2968 2968 734 734 2968 2968 992 992 2968 2968 986 986 2968 2968 774 774 2968 2968 942 942 2968 2968 954 954 2968 2968 954 954 2968 2968 842 842 2968 2968 924 924 2968 2968 926 926 2968 2968 728 728 2968 2968 1020 1020 2968 2968 1058 1058 916 916 544 544 392 392 208 208 254 254 
208 208 262 262 692 692 270 270 308 308 384 384 718 718 382 382 532 532 526 526 488 488 586 586 586 586 468 468 392 392 576 576 542 542 498 498 386 386 294 294 1038 1038 462 462 2968 2968 774 774 2968 2968 982 982 2968 2968 1104 1104 2968 2968 1124 1124 2968 2968 686 686 2968 2968 962 962 2968 2968 846 846 2968 2968 752 752 2968 2968 778 778 2968 2968 818 818 2968 2968 2968 2968 2968 2968 2968 2968 2968 2968 2968 2968 1362 1362 412 412 644 644 254 254 208 208 558 558 
208 208 262 262 464 464 486 486 560 560 474 474 654 654 452 452 602 602 276 276 290 290 374 374 704 704 476 476 270 270 574 574 1046 1046 734 734 2968 2968 430 430 2968 2968 956 956 2968 2968 2968 2968 1402 1402 2968 2968 786 786 2968 2968 1124 1124 2968 2968 916 916 2968 2968 920 920 2968 2968 2968 2968 1262 1262 2968 2968 996 996 2968 2968 772 772 2968 2968 658 658 2968 2968 2968 2968 1806 1806 344 344 492 492 246 246 208 208 434 434 254 254 208 208 376 376 208 208 208 208 
208 208 262 262 604 604 344 344 604 604 580 580 520 520 626 626 336 336 252 252 640 640 368 368 640 640 592 592 416 416 666 666 862 862 678 678 2968 2968 550 550 2968 2968 666 666 2968 2968 676 676 2968 2968 1118 1118 2968 2968 1106 1106 2968 2968 830 830 2968 2968 862 862 2968 2968 900 900 2968 2968 778 778 2968 2968 2968 2968 844 844 996 996 2968 2968 874 874 2968 2968 1110 1110 2968 2968 1032 1032 2968 2968 1058 1058 880 880 544 544 446 446 230 230 
208 208 262 262 628 628 480 480 410 410 656 656 400 400 616 616 516 516 566 566 342 342 276 276 700 700 276 276 342 342 816 816 622 622 572 572 2968 2968 374 374 2968 2968 660 660 2968 2968 1072 1072 2968 2968 1098 1098 2968 2968 960 960 2968 2968 1132 1132 2968 2968 1006 1006 2968 2968 854 854 2968 2968 848 848 2968 2968 950 950 2968 2968 1128 1128 2968 2968 802 802 2968 2968 658 658 2968 2968 764 764 2968 2968 648 648 2018 2018 308 308 246 246 208 208 208 208 
208 208 262 262 448 448 302 302 302 302 676 676 530 530 248 248 310 310 360 360 276 276 438 438 480 480 592 592 744 744 466 466 436 436 374 374 736 736 630 630 616 616 2968 2968 716 716 2968 2968 958 958 2968 2968 1140 1140 2968 2968 1034 1034 2968 2968 2968 2968 1580 1580 2968 2968 1100 1100 2968 2968 714 714 2968 2968 788 788 2968 2968 2968 2968 1554 1554 2968 2968 834 834 2968 2968 784 784 2968 2968 794 794 2968 2968 820 820 864 864 390 390 254 254 208 208 224 224 
208 208 262 262 686 686 708 708 686 686 666 666 432 432 368 368 276 276 586 586 766 766 628 628 302 302 740 740 352 352 624 624 676 676 318 318 2968 2968 390 390 2968 2968 1128 1128 2968 2968 696 696 2968 2968 2968 2968 2968 2968 1842 1842 2968 2968 832 832 2968 2968 2968 2968 2968 2968 2968 2968 2128 2128 2968 2968 712 712 2968 2968 2968 2968 2968 2968 2740 2740 648 648 254 254 208 208 386 386 246 246 208 208 208 208 
208 208 262 262 632 632 446 446 530 530 754 754 304 304 366 366 368 368 450 450 554 554 336 336 690 690 702 702 984 984 450 450 530 530 686 686 2968 2968 354 354 2968 2968 858 858 2968 2968 1096 1096 2968 2968 714 714 2968 2968 968 968 2968 2968 2968 2968 2968 2968 1756 1756 2968 2968 892 892 2968 2968 652 652 2968 2968 890 890 2968 2968 940 940 2968 2968 1052 1052 2968 2968 990 990 2968 2968 1428 1428 622 622 254 254 208 208 316 316 
208 208 262 262 264 264 474 474 324 324 684 684 514 514 594 594 384 384 710 710 686 686 494 494 648 648 352 352 310 310 772 772 628 628 1096 1096 652 652 260 260 2968 2968 474 474 2968 2968 982 982 2968 2968 898 898 2968 2968 868 868 2968 2968 2968 2968 1392 1392 2968 2968 944 944 2968 2968 1102 1102 2968 2968 756 756 2968 2968 802 802 2968 2968 924 924 2968 2968 854 854 2968 2968 732 732 2968 2968 1054 1054 2968 2968 1020 1020 1002 1002 1368 1368 
208 208 246 246 208 208 208 208 262 262 648 648 606 606 340 340 430 430 380 380 654 654 734 734 442 442 484 484 670 670 592 592 374 374 674 674 390 390 746 746 568 568 298 298 704 704 2968 2968 702 702 2968 2968 734 734 2968 2968 2968 2968 852 852 682 682 2968 2968 962 962 2968 2968 656 656 2968 2968 1014 1014 2968 2968 1096 1096 2968 2968 1154 1154 2968 2968 2968 2968 694 694 2968 2968 2968 2968 2968 2968 2914 2914 2968 2968 2314 2314 272 272 254 254 208 208 238 238 
208 208 262 262 278 278 654 654 740 740 438 438 622 622 326 326 292 292 360 360 766 766 676 676 336 336 460 460 686 686 700 700 404 404 300 300 2968 2968 438 438 2968 2968 978 978 2968 2968 730 730 2968 2968 2968 2968 2968 2968 2968 2968 2170 2170 2968 2968 1134 1134 2968 2968 2968 2968 2968 2968 2968 2968 2968 2968 2968 2968 2968 2968 2968 2968 1978 1978 260 260 254 254 208 208 360 360 
246 246 208 208 208 208 208 208 262 262 278 278 682 682 350 350 310 310 480 480 444 444 550 550 392 392 322 322 302 302 762 762 622 622 416 416 312 312 324 324 758 758 436 436 2968 2968 448 448 2968 2968 1104 1104 2968 2968 2968 2968 1522 1522 2968 2968 1100 1100 2968 2968 928 928 2968 2968 654 654 2968 2968 794 794 2968 2968 2968 2968 2968 2968 2968 2968 2968 2968 2968 2968 2968 2968 2968 2968 1708 1708 442 442 254 254 208 208 470 470 
208 208 262 262 598 598 350 350 674 674 458 458 476 476 342 342 356 356 516 516 736 736 490 490 330 330 712 712 514 514 1022 1022 514 514 660 660 2968 2968 316 316 2968 2968 914 914 2968 2968 1062 1062 2968 2968 830 830 2968 2968 970 970 2968 2968 932 932 2968 2968 734 734 2968 2968 794 794 2968 2968 2968 2968 2968 2968 2968 2968 2444 2444 2968 2968 824 824 2968 2968 2968 2968 1256 1256 1358 1358 496 496 254 254 208 208 686 686 
208 208 262 262 342 342 504 504 628 628 360 360 650 650 756 756 246 246 268 268 684 684 466 466 430 430 702 702 656 656 686 686 1012 1012 590 590 494 494 548 548 2968 2968 350 350 2968 2968 886 886 2968 2968 992 992 2968 2968 992 992 2968 2968 678 678 2968 2968 1036 1036 2968 2968 910 910 2968 2968 656 656 2968 2968 876 876 2968 2968 1086 1086 2968 2968 720 720 2968 2968 896 896 2968 2968 2968 2968 1180 1180 2968 2968 700 700 1328 1328 300 300 436 436 254 254 208 208 270 270 246 246 208 208 208 208 
208 208 628 628 688 688 286 286 596 596 498 498 476 476 562 562 414 414 566 566 358 358 258 258 552 552 572 572 1026 1026 234 234 322 322 2968 2968 538 538 2968 2968 810 810 2968 2968 2968 2968 1494 1494 2968 2968 870 870 2968 2968 2968 2968 1178 1178 2968 2968 2968 2968 768 768 648 648 2968 2968 824 824 2968 2968 2968 2968 2968 2968 2968 2968 2968 2968 2968 2968 1052 1052 458 458 274 274 208 208 316 316 
208 208 262 262 342 342 702 702 274 274 290 290 386 386 700 700 312 312 598 598 628 628 552 552 526 526 370 370 686 686 700 700 276 276 2968 2968 776 776 2968 2968 1100 1100 2968 2968 1082 1082 2968 2968 776 776 2968 2968 2968 2968 1182 1182 2968 2968 876 876 2968 2968 688 688 2968 2968 724 724 2968 2968 756 756 2968 2968 754 754 2968 2968 666 666 2968 2968 750 750 2968 2968 710 710 2968 2968 992 992 1042 1042 208 208 254 254 246 246 208 208 208 208 
208 208 262 262 594 594 734 734 612 612 302 302 354 354 278 278 290 290 574 574 524 524 262 262 412 412 442 442 818 818 314 314 2968 2968 462 462 2968 2968 1166 1166 2968 2968 1138 1138 2968 2968 856 856 2968 2968 730 730 2968 2968 752 752 2968 2968 814 814 2968 2968 874 874 2968 2968 734 734 2968 2968 2968 2968 1304 1304 2968 2968 998 998 2968 2968 1158 1158 2968 2968 1048 1048 2968 2968 986 986 1288 1288 500 500 560 560 254 254 208 208 540 540 
208 208 262 262 580 580 566 566 558 558 640 640 630 630 244 244 732 732 546 546 764 764 260 260 476 476 596 596 1064 1064 320 320 2968 2968 302 302 2968 2968 1080 1080 2968 2968 1030 1030 2968 2968 812 812 2968 2968 860 860 2968 2968 1110 1110 2968 2968 660 660 2968 2968 1080 1080 2968 2968 1102 1102 2968 2968 2968 2968 2968 2968 2968 2968 2968 2968 2968 2968 2968 2968 2084 2084 560 560 530 530 254 254 208 208 516 516 246 246 208 208 208 208 
208 208 262 262 524 524 414 414 422 422 670 670 662 662 458 458 336 336 674 674 756 756 606 606 562 562 348 348 608 608 768 768 248 248 384 384 2968 2968 464 464 2968 2968 1080 1080 2968 2968 712 712 2968 2968 780 780 2968 2968 786 786 2968 2968 868 868 2968 2968 764 764 2968 2968 942 942 2968 2968 1112 1112 2968 2968 1132 1132 2968 2968 1084 1084 2968 2968 1102 1102 2968 2968 2968 2968 1706 1706 2968 2968 764 764 1096 1096 728 728 208 208 254 254 
208 208 262 262 484 484 266 266 768 768 792 792 696 696 346 346 520 520 286 286 470 470 294 294 374 374 718 718 562 562 814 814 616 616 720 720 2968 2968 432 432 2968 2968 922 922 2968 2968 2968 2968 2968 2968 2968 2968 2194 2194 2968 2968 1134 1134 2968 2968 2968 2968 2968 2968 2968 2968 2862 2862 2968 2968 2968 2968 2968 2968 2968 2968 2968 2968 1186 1186 360 360 254 254 208 208 584 584 
246 246 208 208 208 208 208 208 262 262 316 316 292 292 704 704 602 602 722 722 592 592 726 726 632 632 376 376 604 604 524 524 312 312 332 332 496 496 610 610 890 890 284 284 2968 2968 316 316 2968 2968 1158 1158 2968 2968 1046 1046 2968 2968 830 830 2968 2968 1008 1008 2968 2968 1150 1150 2968 2968 902 902 2968 2968 1020 1020 2968 2968 1130 1130 2968 2968 2968 2968 1378 1378 2968 2968 1098 1098 2968 2968 854 854 2968 2968 732 732 2968 2968 1062 1062 1120 1120 254 254 208 208 582 582 
208 208 208 208 208 208 208 208 208 208 208 208 2068 2068 658 658 528 528 342 342 606 606 646 646 756 756 684 684 550 550 696 696 674 674 518 518 758 758 968 968 540 540 298 298 408 408 560 560 2968 2968 414 414 2968 2968 1128 1128 2968 2968 1018 1018 2968 2968 954 954 2968 2968 1110 1110 2968 2968 1030 1030 2968 2968 1134 1134 2968 2968 836 836 2968 2968 878 878 2968 2968 2968 2968 2968 2968 2968 2968 2456 2456 2968 2968 2968 2968 1952 1952 468 468 254 254 208 208 464 464 
208 208 262 262 510 510 594 594 302 302 686 686 458 458 598 598 472 472 340 340 246 246 208 208 208 208 614 614 278 278 520 520 642 642 608 608 612 612 730 730 806 806 424 424 2968 2968 456 456 656 656 2968 2968 1010 1010 2968 2968 1046 1046 2968 2968 896 896 2968 2968 2968 2968 830 830 836 836 2968 2968 694 694 2968 2968 722 722 2968 2968 796 796 2968 2968 2968 2968 726 726 730 730 2968 2968 704 704 2968 2968 792 792 2968 2968 1090 1090 2968 2968 1122 1122 1340 1340 254 254 208 208 470 470 
208 208 262 262 518 518 260 260 260 260 400 400 688 688 624 624 622 622 340 340 716 716 458 458 368 368 626 626 500 500 510 510 408 408 792 792 618 618 642 642 2968 2968 474 474 438 438 2968 2968 858 858 2968 2968 1016 1016 2968 2968 850 850 2968 2968 668 668 2968 2968 1146 1146 2968 2968 720 720 2968 2968 1028 1028 2968 2968 1026 1026 2968 2968 2968 2968 1418 1418 2968 2968 1124 1124 2968 2968 2968 2968 1496 1496 2968 2968 778 778 1092 1092 254 254 208 208 334 334 
436 436 228 228 766 766 592 592 208 208 208 208 262 262 502 502 528 528 336 336 364 364 378 378 676 676 744 744 642 642 652 652 364 364 358 358 776 776 454 454 1180 1180 332 332 640 640 2968 2968 572 572 2968 2968 682 682 2968 2968 1144 1144 2968 2968 656 656 2968 2968 2968 2968 870 870 1034 1034 2968 2968 970 970 2968 2968 888 888 2968 2968 814 814 2968 2968 878 878 2968 2968 698 698 2968 2968 748 748 2968 2968 2968 2968 720 720 854 854 2968 2968 820 820 1114 1114 414 414 706 706 254 254 718 718 246 246 208 208 208 208 
208 208 262 262 518 518 644 644 352 352 526 526 506 506 532 532 732 732 652 652 278 278 676 676 506 506 664 664 312 312 434 434 872 872 556 556 484 484 2968 2968 728 728 2968 2968 1042 1042 2968 2968 760 760 2968 2968 996 996 2968 2968 1116 1116 2968 2968 730 730 2968 2968 2968 2968 1556 1556 2968 2968 1002 1002 2968 2968 2968 2968 1612 1612 2968 2968 1150 1150 2968 2968 698 698 2968 2968 682 682 2968 2968 1792 1792 302 302 296 296 254 254 208 208 440 440 
208 208 262 262 584 584 740 740 662 662 530 530 236 236 630 630 294 294 560 560 410 410 434 434 392 392 720 720 276 276 846 846 678 678 2968 2968 394 394 2968 2968 830 830 2968 2968 2968 2968 2036 2036 2968 2968 746 746 2968 2968 846 846 2968 2968 670 670 2968 2968 1006 1006 2968 2968 2968 2968 2968 2968 2968 2968 2452 2452 2968 2968 2968 2968 2968 2968 2872 2872 364 364 254 254 208 208 508 508 246 246 208 208 208 208 
208 208 262 262 380 380 622 622 622 622 470 470 504 504 370 370 528 528 286 286 698 698 352 352 348 348 416 416 592 592 550 550 604 604 798 798 636 636 462 462 2968 2968 268 268 2968 2968 730 730 2968 2968 940 940 2968 2968 2968 2968 1384 1384 2968 2968 1112 1112 2968 2968 2968 2968 978 978 2968 2968 2968 2968 2414 2414 2968 2968 1112 1112 2968 2968 1154 1154 2968 2968 724 724 2968 2968 2968 2968 2274 2274 684 684 254 254 208 208 404 404 
208 208 262 262 708 708 342 342 342 342 356 356 472 472 390 390 490 490 506 506 506 506 722 722 640 640 702 702 304 304 708 708 706 706 342 342 734 734 332 332 250 250 2968 2968 728 728 2968 2968 676 676 2968 2968 688 688 2968 2968 2968 2968 1112 1112 2968 2968 1114 1114 2968 2968 2968 2968 1926 1926 2968 2968 1132 1132 2968 2968 2968 2968 2968 2968 1604 1604 2968 2968 2968 2968 1900 1900 2968 2968 1536 1536 630 630 254 254 208 208 304 304 246 246 208 208 208 208 
208 208 262 262 352 352 742 742 454 454 786 786 362 362 672 672 312 312 692 692 708 708 652 652 396 396 308 308 430 430 286 286 1080 1080 726 726 362 362 2968 2968 550 550 2968 2968 1144 1144 2968 2968 2968 2968 2968 2968 2968 2968 2968 2968 2968 2968 2968 2968 2968 2968 2968 2968 2968 2968 2968 2968 2968 2968 2968 2968 1286 1286 2968 2968 2968 2968 2566 2566 410 410 254 254 208 208 272 272 
208 208 262 262 338 338 452 452 452 452 208 208 254 254 480 480 682 682 464 464 632 632 708 708 278 278 336 336 552 552 602 602 468 468 632 632 846 846 520 520 622 622 2968 2968 490 490 2968 2968 1168 1168 2968 2968 798 798 2968 2968 2968 2968 774 774 856 856 2968 2968 788 788 2968 2968 1088 1088 2968 2968 712 712 2968 2968 2968 2968 1470 1470 2968 2968 996 996 2968 2968 1154 1154 2968 2968 692 692 2968 2968 814 814 2968 2968 1572 1572 708 708 254 254 208 208 310 310 
246 246 208 208 208 208 208 208 262 262 310 310 512 512 740 740 490 490 380 380 472 472 290 290 482 482 678 678 358 358 260 260 422 422 362 362 1046 1046 632 632 2968 2968 280 280 2968 2968 798 798 2968 2968 2968 2968 1512 1512 2968 2968 742 742 2968 2968 2968 2968 1840 1840 2968 2968 854 854 2968 2968 880 880 2968 2968 700 700 2968 2968 674 674 2968 2968 678 678 2968 2968 1132 1132 2968 2968 2968 2968 2022 2022 640 640 254 254 208 208 578 578 
208 208 262 262 490 490 252 252 252 252 718 718 392 392 290 290 596 596 480 480 534 534 354 354 526 526 618 618 710 710 474 474 448 448 930 930 578 578 254 254 2968 2968 370 370 514 514 2968 2968 1094 1094 2968 2968 912 912 2968 2968 1108 1108 2968 2968 1024 1024 2968 2968 814 814 2968 2968 1046 1046 2968 2968 1122 1122 2968 2968 932 932 2968 2968 2968 2968 1360 1360 2968 2968 954 954 2968 2968 912 912 2968 2968 1074 1074 2968 2968 970 970 1098 1098 420 420 254 254 208 208 264 264 242 242 
208 208 262 262 384 384 414 414 690 690 724 724 320 320 650 650 606 606 630 630 648 648 464 464 236 236 400 400 246 246 208 208 208 208 386 386 268 268 830 830 298 298 452 452 2968 2968 554 554 2968 2968 822 822 2968 2968 794 794 2968 2968 946 946 2968 2968 2968 2968 1260 1260 2968 2968 714 714 2968 2968 1000 1000 2968 2968 948 948 2968 2968 2968 2968 2120 2120 2968 2968 784 784 2968 2968 1138 1138 2968 2968 964 964 2968 2968 958 958 2114 2114 254 254 208 208 308 308 
208 208 262 262 626 626 290 290 534 534 574 574 464 464 462 462 382 382 428 428 556 556 618 618 736 736 598 598 748 748 748 748 732 732 2968 2968 352 352 2968 2968 1106 1106 2968 2968 2968 2968 2968 2968 1256 1256 2968 2968 1668 1668 2968 2968 1036 1036 2968 2968 904 904 2968 2968 2968 2968 968 968 2968 2968 2092 2092 2968 2968 2968 2968 2968 2968 2968 2968 2968 2968 850 850 424 424 254 254 208 208 256 256 
208 208 262 262 402 402 644 644 608 608 426 426 398 398 452 452 422 422 586 586 394 394 586 586 700 700 426 426 740 740 686 686 926 926 480 480 428 428 2968 2968 522 522 2968 2968 750 750 2968 2968 2968 2968 1684 1684 2968 2968 828 828 2968 2968 1014 1014 2968 2968 894 894 2968 2968 762 762 2968 2968 2968 2968 1168 1168 2968 2968 2968 2968 2968 2968 2968 2968 2968 2968 2968 2968 1808 1808 366 366 254 254 208 208 606 606 208 208 246 246 208 208 
208 208 262 262 518 518 350 350 660 660 462 462 264 264 678 678 246 246 324 324 692 692 382 382 688 688 490 490 618 618 484 484 766 766 376 376 710 710 2968 2968 656 656 2968 2968 986 986 2968 2968 774 774 2968 2968 934 934 2968 2968 768 768 2968 2968 1144 1144 2968 2968 682 682 2968 2968 838 838 2968 2968 2968 2968 1146 1146 2968 2968 828 828 2968 2968 694 694 2968 2968 2968 2968 1580 1580 2968 2968 1830 1830 692 692 254 254 208 208 710 710 
208 208 262 262 240 240 634 634 496 496 392 392 512 512 512 512 592 592 472 472 422 422 726 726 746 746 700 700 376 376 686 686 810 810 602 602 270 270 2968 2968 748 748 2968 2968 688 688 2968 2968 1102 1102 2968 2968 1048 1048 2968 2968 824 824 2968 2968 738 738 2968 2968 886 886 2968 2968 1068 1068 2968 2968 720 720 2968 2968 2968 2968 1280 1280 2968 2968 1050 1050 2968 2968 2968 2968 1292 1292 2968 2968 990 990 1050 1050 690 690 254 254 246 246 208 208 208 208 
208 208 262 262 598 598 706 706 480 480 340 340 274 274 436 436 732 732 308 308 574 574 702 702 360 360 508 508 364 364 684 684 1004 1004 450 450 350 350 2968 2968 332 332 2968 2968 664 664 2968 2968 686 686 2968 2968 1086 1086 2968 2968 730 730 2968 2968 782 782 2968 2968 806 806 2968 2968 698 698 2968 2968 784 784 2968 2968 954 954 2968 2968 748 748 2968 2968 1104 1104 2968 2968 1018 1018 2968 2968 836 836 2968 2968 1380 1380 376 376 254 254 208 208 686 686 
208 208 262 262 486 486 378 378 406 406 364 364 550 550 672 672 430 430 274 274 714 714 584 584 642 642 574 574 304 304 666 666 642 642 670 670 2968 2968 400 400 2968 2968 938 938 2968 2968 2968 2968 1448 1448 2968 2968 1102 1102 2968 2968 1064 1064 2968 2968 704 704 2968 2968 926 926 2968 2968 758 758 2968 2968 2968 2968 2968 2968 1534 1534 2968 2968 2968 2968 2510 2510 2968 2968 1726 1726 486 486 254 254 208 208 632 632 246 246 208 208 208 208 
208 208 262 262 276 276 720 720 734 734 312 312 396 396 674 674 506 506 276 276 500 500 548 548 284 284 496 496 530 530 664 664 338 338 2968 2968 348 348 2968 2968 838 838 2968 2968 778 778 2968 2968 1082 1082 2968 2968 1058 1058 2968 2968 872 872 2968 2968 918 918 2968 2968 698 698 2968 2968 690 690 2968 2968 952 952 2968 2968 1148 1148 2968 2968 1104 1104 2968 2968 888 888 2968 2968 708 708 2968 2968 1042 1042 1042 1042 254 254 464 464 254 254 354 354 
208 208 628 628 682 682 258 258 414 414 662 662 568 568 604 604 348 348 614 614 682 682 552 552 534 534 668 668 542 542 464 464 920 920 536 536 260 260 2968 2968 542 542 2968 2968 924 924 2968 2968 704 704 2968 2968 694 694 2968 2968 1060 1060 2968 2968 1076 1076 2968 2968 2968 2968 2968 2968 1820 1820 2968 2968 1132 1132 2968 2968 2968 2968 2968 2968 2968 2968 2968 2968 2562 2562 1336 1336 634 634 274 274 208 208 694 694 
246 246 208 208 208 208 208 208 262 262 594 594 592 592 498 498 538 538 742 742 376 376 420 420 722 722 292 292 720 720 372 372 616 616 670 670 640 640 654 654 860 860 354 354 394 394 2968 2968 386 386 2968 2968 948 948 2968 2968 692 692 2968 2968 2968 2968 2968 2968 2326 2326 2968 2968 2968 2968 2968 2968 2968 2968 2968 2968 2968 2968 2968 2968 2968 2968 2968 2968 2968 2968 2968 2968 900 900 512 512 254 254 208 208 274 274 
208 208 262 262 558 558 438 438 426 426 474 474 476 476 610 610 288 288 398 398 310 310 638 638 500 500 378 378 478 478 632 632 336 336 2968 2968 326 326 2968 2968 738 738 2968 2968 648 648 2968 2968 1036 1036 2968 2968 1060 1060 2968 2968 850 850 2968 2968 2968 2968 1446 1446 2968 2968 2968 2968 696 696 2968 2968 2968 2968 2528 2528 2968 2968 2968 2968 2968 2968 2968 2968 222 222 346 346 708 708 254 254 208 208 460 460 
208 208 262 262 424 424 344 344 538 538 494 494 588 588 320 320 428 428 610 610 374 374 456 456 476 476 282 282 366 366 290 290 932 932 330 330 246 246 208 208 208 208 282 282 2968 2968 624 624 2968 2968 1058 1058 2968 2968 2968 2968 1208 1208 2968 2968 1012 1012 2968 2968 716 716 2968 2968 1006 1006 2968 2968 688 688 2968 2968 2968 2968 2968 2968 1298 1298 748 748 2968 2968 2968 2968 2968 2968 2968 2968 2896 2896 492 492 254 254 208 208 474 474 
208 208 262 262 262 262 524 524 444 444 396 396 376 376 712 712 244 244 536 536 628 628 634 634 718 718 570 570 590 590 400 400 686 686 294 294 366 366 660 660 242 242 2968 2968 772 772 2968 2968 1146 1146 2968 2968 1082 1082 2968 2968 922 922 2968 2968 720 720 2968 2968 824 824 2968 2968 1088 1088 2968 2968 880 880 2968 2968 1006 1006 2968 2968 902 902 2968 2968 2968 2968 2968 2968 2400 2400 2968 2968 2968 2968 2320 2320 340 340 254 254 208 208 668 668 
208 208 262 262 428 428 282 282 584 584 746 746 404 404 472 472 574 574 416 416 620 620 768 768 618 618 578 578 558 558 654 654 448 448 2968 2968 522 522 244 244 2968 2968 1066 1066 2968 2968 1142 1142 2968 2968 796 796 2968 2968 2968 2968 1544 1544 2968 2968 824 824 2968 2968 884 884 2968 2968 768 768 2968 2968 2968 2968 1474 1474 2968 2968 916 916 2968 2968 754 754 2968 2968 1052 1052 2968 2968 1146 1146 1292 1292 450 450 208 208 254 254 246 246 208 208 208 208 
208 208 262 262 692 692 276 276 596 596 520 520 692 692 636 636 714 714 328 328 306 306 530 530 294 294 458 458 488 488 606 606 446 446 910 910 490 490 712 712 298 298 2968 2968 816 816 2968 2968 698 698 2968 2968 788 788 2968 2968 1058 1058 2968 2968 680 680 2968 2968 2968 2968 1598 1598 2968 2968 956 956 2968 2968 2968 2968 1300 1300 2968 2968 720 720 2968 2968 1158 1158 2968 2968 1140 1140 2968 2968 2968 2968 2200 2200 238 238 254 254 208 208 672 672 
208 208 262 262 550 550 244 244 678 678 500 500 456 456 718 718 702 702 414 414 458 458 450 450 468 468 584 584 624 624 1014 1014 394 394 256 256 2968 2968 436 436 2968 2968 1060 1060 2968 2968 2968 2968 1190 1190 2968 2968 1032 1032 2968 2968 794 794 2968 2968 700 700 2968 2968 720 720 2968 2968 1138 1138 2968 2968 882 882 2968 2968 806 806 2968 2968 2968 2968 2968 2968 2968 2968 2848 2848 326 326 254 254 208 208 406 406 246 246 208 208 208 208 
208 208 262 262 280 280 580 580 284 284 538 538 694 694 244 244 474 474 490 490 300 300 410 410 704 704 480 480 384 384 730 730 830 830 494 494 2968 2968 766 766 2968 2968 950 950 2968 2968 1126 1126 2968 2968 734 734 2968 2968 856 856 2968 2968 1008 1008 2968 2968 1104 1104 2968 2968 718 718 2968 2968 2968 2968 1316 1316 2968 2968 800 800 2968 2968 1036 1036 2968 2968 2968 2968 956 956 2968 2968 2850 2850 268 268 254 254 208 208 216 216 
208 208 262 262 378 378 290 290 330 330 512 512 256 256 724 724 736 736 316 316 428 428 722 722 550 550 490 490 428 428 650 650 1096 1096 270 270 2968 2968 588 588 2968 2968 756 756 2968 2968 664 664 2968 2968 958 958 2968 2968 832 832 2968 2968 706 706 2968 2968 748 748 2968 2968 822 822 2968 2968 2968 2968 1320 1320 2968 2968 710 710 2968 2968 2968 2968 2968 2968 2968 2968 2968 2968 528 528 440 440 280 280 254 254 208 208 508 508 
