242 242 208 208 262 262 324 324 348 348 650 650 244 244 590 590 386 386 402 402 396 396 396 396 644 644 246 246 208 208 208 208 552 552 208 208 636 636 246 246 246 246 452 452 676 676 264 264 726 726 324 324 1032 1032 616 616 724 724 2968 2968 2968 2968 972 972 2968 2968 1086 1086 2968 2968 1010 1010 2968 2968 922 922 2968 2968 852 852 2968 2968 1002 1002 2968 2968 834 834 2968 2968 860 860 2968 2968 1026 1026 2646 2646 418 418 688 688 254 254 208 208 632 632 
208 208 262 262 446 446 402 402 578 578 630 630 566 566 714 714 366 366 396 396 382 382 452 452 768 768 720 720 406 406 1312 1312 266 266 452 452 2968 2968 262 262 706 706 2968 2968 1080 1080 2968 2968 1058 1058 2968 2968 830 830 2968 2968 1058 1058 2968 2968 732 732 2968 2968 944 944 2968 2968 2968 2968 1764 1764 2968 2968 712 712 2484 2484 1334 1334 
208 208 262 262 364 364 362 362 478 478 726 726 610 610 360 360 706 706 546 546 360 360 356 356 308 308 532 532 350 350 908 908 480 480 448 448 572 572 2968 2968 520 520 2968 2968 854 854 2968 2968 782 782 2968 2968 1108 1108 2968 2968 766 766 2968 2968 920 920 2968 2968 1094 1094 2968 2968 2968 2968 1238 1238 2968 2968 1100 1100 2556 2556 1540 1540 246 246 208 208 208 208 
208 208 262 262 706 706 640 640 682 682 664 664 374 374 466 466 466 466 670 670 244 244 586 586 498 498 298 298 340 340 732 732 1630 1630 292 292 590 590 518 518 2968 2968 618 618 2968 2968 1160 1160 2968 2968 1146 1146 2968 2968 1120 1120 2968 2968 704 704 2968 2968 960 960 2968 2968 830 830 2968 2968 814 814 2968 2968 1022 1022 2968 2968 792 792 2772 2772 1798 1798 
208 208 262 262 268 268 580 580 708 708 428 428 300 300 736 736 594 594 476 476 728 728 558 558 460 460 320 320 718 718 1140 1140 268 268 584 584 2968 2968 330 330 2968 2968 754 754 2968 2968 904 904 2968 2968 658 658 2968 2968 978 978 2968 2968 808 808 2968 2968 980 980 2968 2968 2968 2968 1786 1786 2968 2968 894 894 2318 2318 256 256 416 416 254 254 208 208 334 334 246 246 208 208 208 208 
208 208 262 262 388 388 484 484 626 626 544 544 436 436 470 470 382 382 254 254 636 636 412 412 608 608 716 716 356 356 1216 1216 644 644 636 636 346 346 2902 2902 2968 2968 1150 1150 2968 2968 1050 1050 2968 2968 1086 1086 2968 2968 2968 2968 1400 1400 2968 2968 1044 1044 2968 2968 2968 2968 1936 1936 2968 2968 2968 2968 426 426 726 726 
208 208 262 262 602 602 410 410 618 618 548 548 544 544 360 360 352 352 352 352 350 350 526 526 530 530 472 472 680 680 608 608 1588 1588 524 524 280 280 302 302 2932 2932 2968 2968 954 954 2968 2968 1088 1088 2968 2968 700 700 2968 2968 2968 2968 1308 1308 2968 2968 948 948 2968 2968 942 942 2968 2968 974 974 2968 2968 2968 2968 1548 1548 2968 2968 2968 2968 2894 2894 704 704 228 228 766 766 592 592 208 208 246 246 208 208 208 208 
208 208 262 262 606 606 654 654 694 694 610 610 556 556 406 406 324 324 628 628 642 642 620 620 560 560 358 358 602 602 804 804 342 342 606 606 646 646 2968 2968 432 432 2968 2968 884 884 2968 2968 726 726 2968 2968 948 948 2968 2968 964 964 2968 2968 838 838 2968 2968 906 906 2968 2968 1086 1086 2968 2968 908 908 2968 2968 850 850 2566 2566 270 270 800 800 
208 208 262 262 462 462 404 404 556 556 634 634 312 312 386 386 632 632 756 756 602 602 744 744 568 568 270 270 416 416 1254 1254 662 662 438 438 624 624 246 246 2968 2968 260 260 2968 2968 806 806 2968 2968 836 836 2968 2968 994 994 2968 2968 822 822 2968 2968 894 894 2968 2968 686 686 2968 2968 904 904 2968 2968 764 764 2968 2968 1116 1116 2468 2468 286 286 254 254 208 208 620 620 
246 246 208 208 208 208 208 208 262 262 634 634 388 388 462 462 614 614 544 544 394 394 422 422 676 676 318 318 574 574 784 784 644 644 714 714 838 838 436 436 598 598 522 522 2968 2968 512 512 2968 2968 1108 1108 2968 2968 848 848 2968 2968 1050 1050 2968 2968 776 776 2968 2968 1072 1072 2968 2968 656 656 2968 2968 766 766 2968 2968 946 946 2968 2968 1088 1088 2486 2486 452 452 534 534 254 254 208 208 624 624 
208 208 262 262 338 338 752 752 744 744 288 288 690 690 582 582 378 378 434 434 554 554 710 710 772 772 330 330 506 506 1378 1378 342 342 632 632 730 730 2968 2968 328 328 2968 2968 944 944 2968 2968 938 938 2968 2968 1136 1136 2968 2968 896 896 2968 2968 660 660 2968 2968 1070 1070 2968 2968 1088 1088 2968 2968 882 882 2968 2968 2968 2968 1666 1666 
208 208 262 262 468 468 388 388 624 624 590 590 304 304 300 300 348 348 246 246 208 208 208 208 664 664 462 462 490 490 624 624 322 322 620 620 1270 1270 292 292 714 714 480 480 736 736 2968 2968 300 300 2968 2968 854 854 2968 2968 854 854 2968 2968 894 894 2968 2968 896 896 2968 2968 912 912 2968 2968 896 896 2968 2968 774 774 2968 2968 2968 2968 2968 2968 1860 1860 554 554 544 544 
208 208 262 262 378 378 478 478 674 674 588 588 764 764 408 408 602 602 520 520 424 424 296 296 328 328 660 660 446 446 1288 1288 582 582 704 704 348 348 2968 2968 268 268 2968 2968 988 988 2968 2968 888 888 2968 2968 932 932 2968 2968 756 756 2968 2968 920 920 2968 2968 1092 1092 2968 2968 2968 2968 1386 1386 2968 2968 804 804 2386 2386 586 586 242 242 896 896 
208 208 262 262 658 658 554 554 350 350 376 376 324 324 286 286 426 426 480 480 710 710 598 598 580 580 500 500 746 746 908 908 460 460 674 674 306 306 2968 2968 502 502 2968 2968 976 976 2968 2968 1044 1044 2968 2968 1094 1094 2968 2968 2968 2968 1264 1264 2968 2968 760 760 2968 2968 1074 1074 2968 2968 1156 1156 2968 2968 1040 1040 2730 2730 378 378 254 254 208 208 710 710 246 246 208 208 208 208 
208 208 262 262 636 636 680 680 622 622 340 340 328 328 528 528 428 428 372 372 690 690 382 382 470 470 580 580 422 422 1298 1298 570 570 462 462 478 478 2968 2968 522 522 2968 2968 936 936 2968 2968 1132 1132 2968 2968 702 702 2968 2968 2968 2968 1124 1124 2968 2968 672 672 2968 2968 1158 1158 2968 2968 796 796 2968 2968 706 706 2794 2794 436 436 674 674 254 254 208 208 284 284 
208 208 262 262 304 304 366 366 548 548 770 770 508 508 484 484 624 624 242 242 730 730 506 506 678 678 596 596 370 370 574 574 1536 1536 512 512 704 704 326 326 2968 2968 370 370 2968 2968 1120 1120 2968 2968 684 684 2968 2968 1084 1084 2968 2968 720 720 2968 2968 736 736 2968 2968 652 652 2968 2968 792 792 2968 2968 890 890 2968 2968 2968 2968 1588 1588 2968 2968 2968 2968 2968 2968 1450 1450 246 246 208 208 222 222 208 208 208 208 
208 208 262 262 584 584 300 300 704 704 406 406 478 478 282 282 402 402 414 414 484 484 406 406 382 382 618 618 462 462 1334 1334 636 636 334 334 2968 2968 278 278 2968 2968 782 782 2968 2968 892 892 2968 2968 750 750 2968 2968 1066 1066 2968 2968 1122 1122 2968 2968 802 802 2968 2968 836 836 2968 2968 984 984 2968 2968 1106 1106 2544 2544 350 350 254 254 208 208 272 272 
208 208 262 262 312 312 530 530 386 386 578 578 460 460 738 738 432 432 720 720 540 540 520 520 712 712 272 272 630 630 728 728 870 870 584 584 398 398 448 448 2968 2968 514 514 2968 2968 988 988 2968 2968 840 840 2968 2968 1046 1046 2968 2968 994 994 2968 2968 778 778 2968 2968 1138 1138 2968 2968 684 684 2968 2968 678 678 2968 2968 1066 1066 2694 2694 376 376 820 820 2968 2968 2896 2896 2968 2968 736 736 228 228 326 326 208 208 
208 208 628 628 742 742 440 440 320 320 490 490 300 300 390 390 570 570 252 252 240 240 444 444 732 732 454 454 720 720 998 998 412 412 262 262 2968 2968 262 262 2968 2968 1154 1154 2968 2968 676 676 2968 2968 1096 1096 2968 2968 2968 2968 1692 1692 2968 2968 872 872 2968 2968 1158 1158 2968 2968 1046 1046 2968 2968 734 734 2488 2488 1032 1032 
208 208 262 262 332 332 374 374 584 584 750 750 302 302 540 540 554 554 298 298 728 728 586 586 510 510 608 608 256 256 1330 1330 344 344 640 640 718 718 2968 2968 394 394 2968 2968 1154 1154 2968 2968 866 866 2968 2968 758 758 2968 2968 928 928 2968 2968 746 746 2968 2968 1020 1020 2968 2968 722 722 2968 2968 962 962 2968 2968 2968 2968 374 374 422 422 916 916 
246 246 208 208 208 208 208 208 262 262 418 418 538 538 330 330 546 546 542 542 618 618 632 632 726 726 526 526 466 466 322 322 352 352 572 572 940 940 410 410 418 418 698 698 2968 2968 382 382 2968 2968 1080 1080 2968 2968 754 754 2968 2968 968 968 2968 2968 2968 2968 1406 1406 2968 2968 1122 1122 2968 2968 2968 2968 1084 1084 928 928 2968 2968 858 858 2370 2370 430 430 720 720 208 208 254 254 
208 208 262 262 702 702 244 244 652 652 422 422 426 426 352 352 746 746 514 514 444 444 638 638 774 774 688 688 580 580 940 940 542 542 656 656 462 462 2968 2968 570 570 2968 2968 842 842 2968 2968 1116 1116 2968 2968 1128 1128 2968 2968 1028 1028 2968 2968 1058 1058 2968 2968 1034 1034 2968 2968 692 692 2968 2968 946 946 2968 2968 802 802 2582 2582 884 884 626 626 
246 246 208 208 208 208 208 208 262 262 306 306 336 336 442 442 608 608 714 714 288 288 536 536 344 344 536 536 478 478 510 510 480 480 598 598 1180 1180 354 354 708 708 232 232 2928 2928 2968 2968 668 668 2968 2968 886 886 2968 2968 998 998 2968 2968 838 838 2968 2968 882 882 2968 2968 1140 1140 2968 2968 2968 2968 1810 1810 2968 2968 2968 2968 546 546 1016 1016 
208 208 262 262 420 420 372 372 372 372 720 720 576 576 422 422 394 394 270 270 370 370 704 704 660 660 546 546 252 252 590 590 1700 1700 590 590 320 320 694 694 2864 2864 2968 2968 984 984 2968 2968 766 766 2968 2968 674 674 2968 2968 2968 2968 1244 1244 2968 2968 1152 1152 2968 2968 1074 1074 2968 2968 2002 2002 354 354 254 254 208 208 226 226 
208 208 262 262 690 690 264 264 380 380 306 306 314 314 250 250 478 478 364 364 402 402 698 698 422 422 506 506 330 330 1306 1306 396 396 274 274 338 338 2968 2968 332 332 2968 2968 854 854 2968 2968 806 806 2968 2968 758 758 2968 2968 1122 1122 2968 2968 756 756 2968 2968 770 770 2968 2968 2968 2968 760 760 746 746 2968 2968 950 950 2744 2744 644 644 370 370 254 254 208 208 308 308 246 246 208 208 208 208 
208 208 262 262 458 458 530 530 280 280 610 610 546 546 696 696 714 714 562 562 516 516 340 340 758 758 350 350 402 402 864 864 380 380 376 376 2968 2968 452 452 2968 2968 822 822 2968 2968 1072 1072 2968 2968 1072 1072 2968 2968 762 762 2968 2968 1154 1154 2968 2968 1120 1120 2968 2968 932 932 2968 2968 938 938 2968 2968 1148 1148 2334 2334 938 938 
208 208 262 262 702 702 718 718 604 604 316 316 520 520 384 384 420 420 370 370 408 408 632 632 546 546 368 368 340 340 874 874 266 266 292 292 352 352 2968 2968 454 454 2968 2968 772 772 2968 2968 774 774 2968 2968 874 874 2968 2968 1138 1138 2968 2968 1034 1034 2968 2968 1102 1102 2968 2968 1066 1066 2968 2968 764 764 2968 2968 970 970 2396 2396 444 444 254 254 208 208 334 334 246 246 208 208 208 208 
208 208 262 262 434 434 578 578 660 660 644 644 494 494 678 678 342 342 432 432 656 656 434 434 778 778 420 420 584 584 1100 1100 234 234 526 526 468 468 2968 2968 448 448 2968 2968 670 670 2968 2968 790 790 2968 2968 778 778 2968 2968 1076 1076 2968 2968 770 770 2968 2968 952 952 2968 2968 794 794 2968 2968 1120 1120 2968 2968 970 970 2526 2526 254 254 208 208 478 478 
208 208 262 262 508 508 330 330 680 680 556 556 478 478 502 502 516 516 698 698 400 400 630 630 498 498 334 334 406 406 946 946 346 346 600 600 536 536 2968 2968 358 358 2968 2968 964 964 2968 2968 970 970 2968 2968 812 812 2968 2968 860 860 2968 2968 704 704 2968 2968 2968 2968 2968 2968 2968 2968 1946 1946 2968 2968 1078 1078 254 254 254 254 208 208 598 598 246 246 208 208 208 208 
208 208 262 262 364 364 734 734 430 430 754 754 386 386 606 606 290 290 536 536 574 574 502 502 318 318 524 524 648 648 1470 1470 590 590 296 296 696 696 2968 2968 412 412 2968 2968 890 890 2968 2968 952 952 2968 2968 798 798 2968 2968 2968 2968 1508 1508 2968 2968 694 694 2968 2968 726 726 2968 2968 828 828 2968 2968 982 982 2344 2344 908 908 
208 208 262 262 542 542 590 590 502 502 492 492 632 632 618 618 476 476 310 310 404 404 472 472 788 788 718 718 700 700 878 878 554 554 252 252 526 526 2926 2926 2968 2968 1124 1124 2968 2968 1012 1012 2968 2968 876 876 2968 2968 686 686 2968 2968 1006 1006 2968 2968 990 990 2968 2968 2968 2968 804 804 674 674 2968 2968 2968 2968 424 424 568 568 238 238 254 254 208 208 598 598 
246 246 208 208 208 208 208 208 208 208 262 262 424 424 694 694 644 644 522 522 454 454 366 366 770 770 594 594 284 284 696 696 382 382 510 510 752 752 1068 1068 558 558 360 360 574 574 2968 2968 238 238 2968 2968 836 836 2968 2968 828 828 2968 2968 1078 1078 2968 2968 754 754 2968 2968 932 932 2968 2968 800 800 2968 2968 1094 1094 2968 2968 968 968 2968 2968 1130 1130 2492 2492 516 516 384 384 208 208 254 254 
208 208 262 262 586 586 432 432 692 692 506 506 698 698 678 678 254 254 324 324 578 578 778 778 660 660 712 712 1026 1026 558 558 232 232 416 416 2968 2968 2968 2968 1152 1152 2968 2968 688 688 2968 2968 872 872 2968 2968 868 868 2968 2968 1058 1058 2968 2968 1106 1106 2968 2968 1076 1076 2968 2968 734 734 2968 2968 848 848 2672 2672 720 720 254 254 208 208 422 422 
246 246 208 208 208 208 208 208 262 262 740 740 456 456 560 560 606 606 586 586 322 322 384 384 314 314 548 548 658 658 446 446 528 528 394 394 1240 1240 284 284 514 514 262 262 2946 2946 2968 2968 878 878 2968 2968 996 996 2968 2968 664 664 2968 2968 1140 1140 2968 2968 2968 2968 1734 1734 2968 2968 994 994 2968 2968 2968 2968 2968 2968 1198 1198 582 582 254 254 208 208 344 344 
208 208 262 262 574 574 344 344 496 496 454 454 590 590 506 506 366 366 598 598 492 492 626 626 790 790 582 582 574 574 1048 1048 278 278 442 442 712 712 2968 2968 2968 2968 810 810 2968 2968 1078 1078 2968 2968 774 774 2968 2968 1024 1024 2968 2968 788 788 2968 2968 740 740 2968 2968 2968 2968 1474 1474 2968 2968 710 710 2312 2312 672 672 254 254 208 208 514 514 
208 208 262 262 460 460 298 298 400 400 360 360 500 500 512 512 638 638 486 486 246 246 622 622 564 564 672 672 554 554 1214 1214 536 536 594 594 450 450 2968 2968 388 388 2968 2968 1100 1100 2968 2968 810 810 2968 2968 998 998 2968 2968 2968 2968 1212 1212 2968 2968 798 798 2968 2968 1120 1120 2968 2968 950 950 2968 2968 1150 1150 2340 2340 362 362 1202 1202 246 246 208 208 208 208 
208 208 262 262 486 486 700 700 442 442 582 582 458 458 304 304 496 496 696 696 686 686 542 542 720 720 570 570 424 424 1166 1166 354 354 448 448 458 458 2968 2968 354 354 2968 2968 670 670 2968 2968 704 704 2968 2968 686 686 2968 2968 2968 2968 2968 2968 2968 2968 2268 2268 2968 2968 688 688 2968 2968 976 976 2614 2614 624 624 254 254 208 208 300 300 
208 208 262 262 422 422 616 616 512 512 374 374 434 434 350 350 520 520 288 288 262 262 474 474 318 318 458 458 970 970 438 438 694 694 2968 2968 514 514 2968 2968 822 822 2968 2968 864 864 2968 2968 980 980 2968 2968 968 968 2968 2968 734 734 2968 2968 1008 1008 2968 2968 2968 2968 2022 2022 2968 2968 706 706 2570 2570 408 408 796 796 254 254 246 246 208 208 208 208 
208 208 262 262 416 416 322 322 508 508 366 366 708 708 566 566 680 680 714 714 640 640 538 538 530 530 690 690 600 600 1316 1316 740 740 310 310 2968 2968 380 380 2968 2968 750 750 2968 2968 1058 1058 2968 2968 946 946 2968 2968 970 970 2968 2968 916 916 2968 2968 808 808 2968 2968 928 928 2968 2968 1098 1098 304 304 2968 2968 908 908 2292 2292 782 782 254 254 
208 208 262 262 564 564 428 428 730 730 438 438 734 734 588 588 276 276 284 284 250 250 368 368 278 278 618 618 482 482 1060 1060 634 634 348 348 490 490 2938 2938 2968 2968 2968 2968 1048 1048 784 784 2968 2968 1022 1022 2968 2968 2968 2968 1544 1544 2968 2968 990 990 2968 2968 1138 1138 2968 2968 932 932 2968 2968 684 684 2388 2388 272 272 478 478 254 254 208 208 524 524 246 246 208 208 208 208 
208 208 262 262 366 366 514 514 308 308 362 362 352 352 736 736 330 330 674 674 634 634 438 438 500 500 308 308 590 590 1020 1020 656 656 412 412 586 586 2968 2968 582 582 2968 2968 854 854 2968 2968 938 938 2968 2968 728 728 2968 2968 2968 2968 1356 1356 2968 2968 1014 1014 2968 2968 2968 2968 1442 1442 2968 2968 916 916 2824 2824 208 208 254 254 
208 208 262 262 406 406 526 526 304 304 328 328 414 414 436 436 666 666 346 346 330 330 724 724 626 626 696 696 378 378 1308 1308 710 710 348 348 628 628 2968 2968 236 236 2968 2968 990 990 2968 2968 1050 1050 2968 2968 994 994 2968 2968 1124 1124 2968 2968 814 814 2968 2968 1108 1108 2968 2968 2968 2968 1040 1040 1076 1076 2968 2968 2968 2968 244 244 972 972 208 208 302 302 
246 246 208 208 208 208 208 208 262 262 626 626 574 574 754 754 442 442 324 324 728 728 606 606 704 704 538 538 628 628 356 356 346 346 530 530 1054 1054 308 308 260 260 516 516 2968 2968 482 482 2968 2968 822 822 2968 2968 856 856 2968 2968 724 724 2968 2968 2968 2968 1330 1330 2968 2968 798 798 2968 2968 2968 2968 1902 1902 2968 2968 834 834 2400 2400 552 552 620 620 
208 208 262 262 250 250 596 596 770 770 636 636 744 744 328 328 568 568 596 596 706 706 350 350 706 706 500 500 592 592 968 968 330 330 302 302 316 316 2968 2968 240 240 2968 2968 694 694 2968 2968 1140 1140 2968 2968 914 914 2968 2968 2968 2968 1626 1626 2968 2968 2968 2968 950 950 2968 2968 2968 2968 2092 2092 2610 2610 652 652 362 362 254 254 208 208 582 582 
208 208 262 262 280 280 622 622 564 564 522 522 566 566 542 542 208 208 246 246 208 208 650 650 698 698 714 714 312 312 386 386 738 738 502 502 1708 1708 344 344 408 408 352 352 2968 2968 230 230 2968 2968 776 776 2968 2968 996 996 2968 2968 680 680 2968 2968 710 710 2968 2968 1024 1024 2968 2968 1124 1124 2968 2968 802 802 2968 2968 1050 1050 2968 2968 2968 2968 244 244 250 250 254 254 208 208 232 232 
208 208 628 628 316 316 448 448 474 474 358 358 400 400 606 606 298 298 628 628 646 646 408 408 730 730 278 278 742 742 1002 1002 556 556 574 574 702 702 2968 2968 422 422 2968 2968 1034 1034 2968 2968 694 694 2968 2968 842 842 2968 2968 696 696 2968 2968 838 838 2968 2968 1122 1122 2968 2968 894 894 2968 2968 730 730 2968 2968 768 768 2680 2680 764 764 582 582 
208 208 286 286 724 724 596 596 462 462 458 458 418 418 392 392 264 264 388 388 574 574 586 586 640 640 652 652 536 536 686 686 1276 1276 426 426 634 634 2962 2962 692 692 2968 2968 1050 1050 2968 2968 864 864 2968 2968 920 920 2968 2968 1006 1006 2968 2968 1086 1086 2968 2968 758 758 2968 2968 2968 2968 1470 1470 2968 2968 804 804 2766 2766 574 574 336 336 254 254 208 208 320 320 208 208 246 246 208 208 
208 208 262 262 470 470 254 254 746 746 478 478 404 404 664 664 770 770 650 650 376 376 788 788 346 346 594 594 682 682 1460 1460 364 364 318 318 664 664 2968 2968 544 544 2968 2968 944 944 2968 2968 1120 1120 2968 2968 792 792 2968 2968 982 982 2968 2968 940 940 2968 2968 834 834 2968 2968 936 936 2968 2968 732 732 2968 2968 976 976 2392 2392 326 326 340 340 254 254 208 208 396 396 
208 208 262 262 650 650 422 422 350 350 690 690 712 712 714 714 528 528 652 652 270 270 500 500 696 696 722 722 414 414 950 950 386 386 594 594 374 374 2968 2968 280 280 2968 2968 904 904 2968 2968 698 698 2968 2968 1158 1158 2968 2968 2968 2968 1266 1266 2968 2968 1086 1086 2968 2968 1048 1048 2968 2968 662 662 2968 2968 686 686 2412 2412 324 324 598 598 254 254 208 208 298 298 246 246 208 208 208 208 
208 208 262 262 330 330 734 734 546 546 460 460 300 300 368 368 432 432 720 720 298 298 392 392 570 570 388 388 550 550 988 988 540 540 688 688 704 704 2968 2968 614 614 2968 2968 768 768 2968 2968 698 698 2968 2968 720 720 2968 2968 882 882 2968 2968 1086 1086 2968 2968 942 942 2968 2968 2968 2968 1612 1612 2968 2968 762 762 2344 2344 486 486 254 254 208 208 348 348 
208 208 262 262 690 690 476 476 730 730 348 348 538 538 274 274 698 698 696 696 726 726 748 748 642 642 416 416 680 680 1426 1426 372 372 364 364 2968 2968 652 652 2968 2968 1144 1144 2968 2968 914 914 2968 2968 946 946 2968 2968 2968 2968 1370 1370 2968 2968 1144 1144 2968 2968 1068 1068 2968 2968 1034 1034 2968 2968 968 968 2494 2494 864 864 208 208 668 668 246 246 208 208 208 208 
208 208 262 262 486 486 532 532 272 272 596 596 348 348 502 502 664 664 726 726 434 434 636 636 550 550 346 346 600 600 1002 1002 740 740 722 722 620 620 2968 2968 358 358 2968 2968 964 964 2968 2968 798 798 2968 2968 862 862 2968 2968 732 732 2968 2968 688 688 2968 2968 1066 1066 2968 2968 858 858 2968 2968 2968 2968 2968 2968 1124 1124 350 350 254 254 208 208 690 690 
208 208 262 262 328 328 376 376 650 650 752 752 480 480 308 308 488 488 270 270 410 410 748 748 716 716 744 744 706 706 1364 1364 512 512 680 680 2944 2944 2968 2968 912 912 2968 2968 934 934 366 366 2968 2968 790 790 2968 2968 1154 1154 2968 2968 1158 1158 2968 2968 898 898 2968 2968 960 960 2968 2968 924 924 2968 2968 834 834 2500 2500 604 604 254 254 208 208 712 712 
246 246 208 208 208 208 208 208 262 262 262 262 572 572 524 524 282 282 434 434 606 606 428 428 552 552 714 714 460 460 754 754 426 426 1414 1414 258 258 518 518 272 272 2968 2968 424 424 2968 2968 652 652 2968 2968 1034 1034 2968 2968 964 964 2968 2968 2968 2968 1530 1530 2968 2968 868 868 2968 2968 1034 1034 2968 2968 860 860 2968 2968 1058 1058 2710 2710 918 918 
208 208 262 262 618 618 420 420 670 670 454 454 450 450 470 470 696 696 732 732 738 738 748 748 588 588 662 662 276 276 1056 1056 500 500 254 254 2968 2968 554 554 596 596 2968 2968 1022 1022 2968 2968 1004 1004 2968 2968 748 748 2968 2968 898 898 2968 2968 1048 1048 2968 2968 770 770 2968 2968 1050 1050 2968 2968 768 768 2968 2968 942 942 2500 2500 292 292 356 356 254 254 208 208 342 342 
208 208 262 262 656 656 428 428 742 742 330 330 498 498 448 448 458 458 388 388 548 548 756 756 288 288 758 758 450 450 1394 1394 208 208 322 322 726 726 542 542 352 352 2968 2968 590 590 2968 2968 912 912 2968 2968 918 918 2968 2968 684 684 2968 2968 1156 1156 2968 2968 1112 1112 2968 2968 1080 1080 2968 2968 2968 2968 1184 1184 2968 2968 742 742 2474 2474 696 696 312 312 254 254 208 208 484 484 
208 208 262 262 328 328 300 300 596 596 480 480 394 394 296 296 668 668 496 496 704 704 608 608 752 752 366 366 440 440 1148 1148 722 722 294 294 488 488 2968 2968 318 318 2968 2968 1102 1102 2968 2968 874 874 2968 2968 794 794 2968 2968 1156 1156 2968 2968 1154 1154 2968 2968 1000 1000 2968 2968 860 860 2968 2968 790 790 2968 2968 742 742 2542 2542 288 288 222 222 254 254 208 208 328 328 
208 208 262 262 664 664 306 306 296 296 338 338 574 574 338 338 288 288 304 304 412 412 332 332 654 654 536 536 256 256 1342 1342 370 370 468 468 338 338 2968 2968 268 268 2968 2968 826 826 2968 2968 654 654 2968 2968 1024 1024 2968 2968 658 658 2968 2968 1046 1046 2968 2968 1106 1106 2968 2968 784 784 2968 2968 944 944 2968 2968 916 916 2806 2806 208 208 254 254 246 246 208 208 208 208 
208 208 262 262 314 314 450 450 674 674 492 492 696 696 512 512 532 532 608 608 580 580 332 332 372 372 524 524 744 744 1616 1616 348 348 588 588 394 394 2968 2968 552 552 2968 2968 836 836 2968 2968 1038 1038 2968 2968 746 746 2968 2968 1052 1052 2968 2968 838 838 2968 2968 932 932 2968 2968 1016 1016 2968 2968 752 752 2968 2968 808 808 2622 2622 542 542 656 656 254 254 208 208 390 390 
208 208 262 262 520 520 604 604 392 392 372 372 622 622 462 462 282 282 558 558 262 262 522 522 478 478 378 378 642 642 1064 1064 290 290 394 394 2968 2968 450 450 2968 2968 792 792 2968 2968 1110 1110 2968 2968 812 812 2968 2968 1040 1040 2968 2968 684 684 2968 2968 792 792 2968 2968 952 952 2968 2968 1026 1026 2968 2968 770 770 2620 2620 400 400 254 254 208 208 554 554 246 246 208 208 208 208 
208 208 262 262 348 348 618 618 526 526 712 712 402 402 416 416 518 518 578 578 430 430 420 420 760 760 512 512 524 524 854 854 358 358 638 638 306 306 2968 2968 312 312 2968 2968 820 820 2968 2968 834 834 2968 2968 666 666 2968 2968 788 788 2968 2968 686 686 2968 2968 846 846 2968 2968 832 832 2968 2968 1104 1104 2968 2968 678 678 2796 2796 516 516 496 496 
208 208 262 262 692 692 480 480 312 312 378 378 286 286 456 456 412 412 526 526 720 720 604 604 696 696 746 746 384 384 1328 1328 236 236 550 550 246 246 2950 2950 2968 2968 1152 1152 2968 2968 1148 1148 2968 2968 1092 1092 2968 2968 2968 2968 1776 1776 2968 2968 654 654 2968 2968 2968 2968 1316 1316 2968 2968 1018 1018 2314 2314 582 582 292 292 208 208 254 254 
208 208 246 246 208 208 208 208 262 262 640 640 670 670 436 436 746 746 430 430 486 486 756 756 278 278 628 628 542 542 746 746 556 556 542 542 1110 1110 528 528 706 706 480 480 2968 2968 476 476 2968 2968 1034 1034 2968 2968 1118 1118 2968 2968 956 956 2968 2968 2968 2968 1494 1494 2968 2968 1110 1110 2968 2968 1148 1148 2968 2968 1100 1100 2968 2968 794 794 2586 2586 538 538 254 254 208 208 214 214 
208 208 262 262 498 498 480 480 352 352 314 314 394 394 326 326 380 380 552 552 582 582 572 572 410 410 516 516 586 586 1304 1304 422 422 240 240 268 268 2968 2968 332 332 2968 2968 948 948 2968 2968 810 810 2968 2968 836 836 2968 2968 838 838 2968 2968 972 972 2968 2968 1060 1060 2968 2968 802 802 2968 2968 924 924 2968 2968 904 904 2556 2556 254 254 208 208 434 434 
246 246 208 208 208 208 208 208 262 262 232 232 462 462 496 496 366 366 664 664 306 306 484 484 386 386 536 536 620 620 742 742 684 684 452 452 1154 1154 488 488 286 286 264 264 2966 2966 2968 2968 874 874 2968 2968 696 696 2968 2968 1158 1158 2968 2968 2968 2968 1002 1002 2968 2968 2968 2968 2968 2968 2968 2968 2968 2968 2968 2968 900 900 676 676 254 254 208 208 358 358 
208 208 262 262 670 670 590 590 364 364 668 668 676 676 380 380 326 326 356 356 374 374 368 368 300 300 738 738 484 484 1332 1332 380 380 544 544 502 502 2968 2968 522 522 2968 2968 968 968 2968 2968 972 972 2968 2968 1066 1066 2968 2968 686 686 2968 2968 700 700 2968 2968 754 754 2968 2968 1146 1146 2968 2968 740 740 2968 2968 1136 1136 2646 2646 746 746 
208 208 262 262 434 434 748 748 454 454 286 286 348 348 462 462 700 700 256 256 712 712 724 724 660 660 746 746 672 672 1034 1034 734 734 208 208 246 246 208 208 636 636 478 478 2932 2932 2968 2968 1028 1028 2968 2968 1006 1006 2968 2968 884 884 2968 2968 2968 2968 1272 1272 2968 2968 730 730 2968 2968 678 678 2968 2968 840 840 2968 2968 1074 1074 2768 2768 282 282 418 418 254 254 208 208 652 652 
208 208 262 262 252 252 678 678 266 266 462 462 702 702 632 632 340 340 566 566 586 586 786 786 752 752 594 594 550 550 1222 1222 566 566 662 662 2968 2968 554 554 712 712 2968 2968 860 860 2968 2968 1118 1118 2968 2968 686 686 2968 2968 2968 2968 1452 1452 2968 2968 766 766 2968 2968 738 738 2968 2968 894 894 2968 2968 1078 1078 2716 2716 350 350 532 532 254 254 208 208 692 692 
208 208 262 262 512 512 244 244 636 636 484 484 574 574 580 580 706 706 562 562 594 594 570 570 760 760 458 458 482 482 1420 1420 410 410 342 342 2968 2968 232 232 2968 2968 918 918 2968 2968 660 660 2968 2968 954 954 2968 2968 662 662 2968 2968 954 954 2968 2968 1136 1136 2968 2968 936 936 2968 2968 894 894 2968 2968 1152 1152 2674 2674 332 332 254 254 208 208 304 304 208 208 246 246 208 208 
208 208 262 262 408 408 670 670 334 334 360 360 580 580 620 620 440 440 436 436 726 726 736 736 276 276 534 534 290 290 1312 1312 392 392 532 532 412 412 2968 2968 578 578 2968 2968 652 652 2968 2968 1098 1098 2968 2968 1056 1056 2968 2968 2968 2968 1184 1184 2968 2968 684 684 2968 2968 704 704 2968 2968 868 868 2968 2968 1080 1080 2588 2588 428 428 464 464 254 254 208 208 512 512 
208 208 262 262 302 302 476 476 318 318 692 692 290 290 276 276 382 382 708 708 632 632 438 438 422 422 530 530 478 478 1012 1012 672 672 472 472 436 436 2968 2968 338 338 2968 2968 838 838 2968 2968 2968 2968 1188 1188 2968 2968 792 792 2968 2968 2968 2968 2968 2968 2968 2968 2968 2968 2968 2968 2968 2968 328 328 398 398 254 254 208 208 284 284 246 246 208 208 208 208 
208 208 262 262 586 586 384 384 354 354 418 418 416 416 522 522 428 428 636 636 278 278 520 520 334 334 644 644 654 654 1146 1146 624 624 300 300 514 514 2968 2968 304 304 2968 2968 798 798 2968 2968 890 890 2968 2968 1086 1086 2968 2968 1108 1108 2968 2968 814 814 2968 2968 772 772 2968 2968 1010 1010 2968 2968 1124 1124 2968 2968 770 770 2412 2412 236 236 320 320 254 254 208 208 550 550 
208 208 628 628 282 282 626 626 446 446 596 596 332 332 252 252 460 460 294 294 322 322 382 382 748 748 504 504 306 306 1484 1484 490 490 454 454 630 630 2968 2968 380 380 2968 2968 804 804 2968 2968 764 764 2968 2968 850 850 2968 2968 1004 1004 2968 2968 1088 1088 2968 2968 676 676 2968 2968 1090 1090 2968 2968 672 672 2968 2968 774 774 2454 2454 274 274 548 548 436 436 228 228 766 766 592 592 208 208 
246 246 208 208 208 208 208 208 208 208 262 262 248 248 498 498 654 654 394 394 690 690 644 644 588 588 632 632 718 718 450 450 662 662 632 632 408 408 1408 1408 416 416 730 730 658 658 2968 2968 278 278 2968 2968 1092 1092 2968 2968 854 854 2968 2968 908 908 2968 2968 662 662 2968 2968 2968 2968 1356 1356 2968 2968 772 772 2968 2968 2968 2968 1520 1520 2906 2906 290 290 254 254 208 208 614 614 
208 208 262 262 298 298 488 488 644 644 484 484 586 586 534 534 664 664 284 284 276 276 560 560 358 358 418 418 244 244 1264 1264 502 502 276 276 578 578 2968 2968 226 226 2968 2968 908 908 2968 2968 1064 1064 2968 2968 748 748 2968 2968 1046 1046 2968 2968 826 826 2968 2968 980 980 2968 2968 762 762 2968 2968 716 716 2968 2968 1066 1066 2568 2568 330 330 254 254 208 208 714 714 
246 246 208 208 208 208 208 208 262 262 372 372 310 310 416 416 664 664 296 296 698 698 360 360 440 440 674 674 444 444 470 470 588 588 418 418 1386 1386 738 738 560 560 358 358 2968 2968 548 548 2968 2968 970 970 2968 2968 796 796 2968 2968 662 662 2968 2968 1030 1030 2968 2968 870 870 2968 2968 826 826 2968 2968 862 862 2968 2968 906 906 2968 2968 676 676 2764 2764 660 660 208 208 254 254 
208 208 262 262 660 660 648 648 400 400 702 702 576 576 308 308 652 652 410 410 378 378 472 472 590 590 338 338 240 240 1264 1264 586 586 644 644 644 644 2968 2968 260 260 2968 2968 1132 1132 2968 2968 652 652 2968 2968 978 978 2968 2968 1048 1048 2968 2968 1066 1066 2968 2968 984 984 2968 2968 1114 1114 2968 2968 864 864 2968 2968 822 822 2466 2466 724 724 828 828 440 440 
208 208 262 262 380 380 530 530 616 616 486 486 590 590 270 270 416 416 362 362 378 378 308 308 798 798 732 732 272 272 1186 1186 454 454 246 246 208 208 208 208 644 644 626 626 2968 2968 270 270 2968 2968 1016 1016 2968 2968 1144 1144 2968 2968 1026 1026 2968 2968 1104 1104 2968 2968 976 976 2968 2968 1148 1148 2968 2968 2968 2968 1346 1346 2968 2968 862 862 2696 2696 576 576 294 294 254 254 208 208 330 330 
208 208 262 262 290 290 406 406 572 572 728 728 598 598 254 254 654 654 430 430 712 712 396 396 406 406 548 548 600 600 1176 1176 734 734 528 528 632 632 2920 2920 2968 2968 932 932 2968 2968 2968 2968 1268 1268 2968 2968 2968 2968 2968 2968 2968 2968 2968 2968 2968 2968 2968 2968 2968 2968 1498 1498 700 700 254 254 208 208 712 712 
208 208 262 262 544 544 530 530 332 332 548 548 454 454 462 462 306 306 444 444 632 632 304 304 348 348 722 722 514 514 1224 1224 646 646 598 598 2968 2968 282 282 2968 2968 1104 1104 2968 2968 2968 2968 1516 1516 2968 2968 720 720 2968 2968 2968 2968 1192 1192 2968 2968 974 974 2968 2968 2968 2968 2968 2968 1150 1150 252 252 254 254 208 208 288 288 246 246 208 208 208 208 
208 208 262 262 484 484 634 634 656 656 710 710 274 274 720 720 482 482 708 708 250 250 448 448 532 532 552 552 352 352 1112 1112 532 532 318 318 480 480 2968 2968 222 222 2968 2968 860 860 2968 2968 750 750 2968 2968 1040 1040 2968 2968 1006 1006 2968 2968 810 810 2968 2968 716 716 2968 2968 1126 1126 2968 2968 986 986 2968 2968 942 942 2538 2538 1026 1026 
242 242 208 208 262 262 580 580 634 634 424 424 622 622 756 756 604 604 526 526 712 712 390 390 396 396 600 600 738 738 588 588 742 742 1274 1274 500 500 338 338 356 356 2968 2968 518 518 2968 2968 720 720 2968 2968 1086 1086 2968 2968 2968 2968 1640 1640 2968 2968 1112 1112 2968 2968 2968 2968 1878 1878 2968 2968 926 926 2968 2968 2968 2968 440 440 254 254 208 208 234 234 234 234 246 246 208 208 208 208 
208 208 262 262 670 670 368 368 672 672 730 730 498 498 632 632 360 360 490 490 604 604 632 632 634 634 660 660 654 654 986 986 624 624 556 556 436 436 2968 2968 232 232 2968 2968 2968 2968 1034 1034 1036 1036 2968 2968 774 774 2968 2968 2968 2968 944 944 808 808 2968 2968 1132 1132 2968 2968 838 838 2968 2968 852 852 2968 2968 676 676 2318 2318 362 362 994 994 
208 208 262 262 620 620 476 476 772 772 472 472 516 516 310 310 290 290 328 328 532 532 724 724 530 530 504 504 1050 1050 248 248 722 722 2968 2968 562 562 2968 2968 766 766 2968 2968 1046 1046 2968 2968 734 734 2968 2968 752 752 2968 2968 934 934 2968 2968 994 994 2968 2968 878 878 2968 2968 716 716 2968 2968 1124 1124 2792 2792 254 254 838 838 208 208 246 246 208 208 
208 208 262 262 446 446 334 334 774 774 402 402 692 692 628 628 714 714 326 326 676 676 788 788 474 474 444 444 380 380 840 840 324 324 420 420 242 242 2968 2968 602 602 2968 2968 742 742 2968 2968 688 688 2968 2968 1034 1034 2968 2968 1034 1034 2968 2968 978 978 2968 2968 794 794 2968 2968 2968 2968 1428 1428 2968 2968 652 652 2664 2664 532 532 464 464 254 254 208 208 426 426 
208 208 262 262 432 432 412 412 746 746 368 368 500 500 572 572 634 634 712 712 366 366 684 684 300 300 688 688 430 430 1134 1134 230 230 340 340 330 330 2968 2968 392 392 2968 2968 658 658 2968 2968 736 736 2968 2968 930 930 2968 2968 886 886 2968 2968 1140 1140 2968 2968 708 708 2968 2968 958 958 2968 2968 816 816 2968 2968 1052 1052 2408 2408 444 444 658 658 254 254 208 208 212 212 
246 246 208 208 208 208 208 208 262 262 556 556 412 412 414 414 616 616 700 700 406 406 298 298 298 298 430 430 420 420 442 442 354 354 272 272 1464 1464 642 642 554 554 574 574 2968 2968 580 580 2968 2968 896 896 2968 2968 704 704 2968 2968 960 960 2968 2968 1036 1036 2968 2968 752 752 2968 2968 790 790 2968 2968 2968 2968 1566 1566 2968 2968 842 842 2462 2462 458 458 254 254 208 208 302 302 
208 208 262 262 698 698 704 704 626 626 712 712 350 350 522 522 726 726 682 682 394 394 304 304 448 448 484 484 496 496 1400 1400 296 296 438 438 2968 2968 334 334 2968 2968 960 960 2968 2968 760 760 2968 2968 1026 1026 2968 2968 648 648 2968 2968 692 692 526 526 2968 2968 1054 1054 2968 2968 2968 2968 1452 1452 2968 2968 884 884 2788 2788 254 254 208 208 456 456 
208 208 262 262 440 440 660 660 512 512 482 482 714 714 462 462 592 592 712 712 724 724 590 590 464 464 208 208 246 246 208 208 386 386 268 268 1436 1436 282 282 620 620 614 614 2968 2968 470 470 2968 2968 776 776 2968 2968 670 670 2968 2968 1132 1132 2968 2968 656 656 2968 2968 952 952 2968 2968 786 786 2968 2968 2968 2968 1566 1566 2968 2968 818 818 2538 2538 402 402 330 330 474 474 
208 208 262 262 654 654 416 416 568 568 738 738 750 750 518 518 638 638 710 710 518 518 792 792 426 426 568 568 728 728 1314 1314 622 622 582 582 482 482 2968 2968 308 308 2968 2968 718 718 2968 2968 2968 2968 1570 1570 2968 2968 960 960 2968 2968 914 914 2968 2968 732 732 2968 2968 732 732 2968 2968 2968 2968 2968 2968 984 984 270 270 254 254 208 208 512 512 
208 208 262 262 574 574 712 712 494 494 452 452 306 306 756 756 690 690 314 314 730 730 526 526 274 274 440 440 560 560 808 808 648 648 656 656 496 496 2968 2968 390 390 2968 2968 1098 1098 2968 2968 2968 2968 1718 1718 2968 2968 764 764 2968 2968 2968 2968 1574 1574 2968 2968 878 878 2968 2968 2968 2968 1216 1216 2852 2852 286 286 254 254 208 208 360 360 246 246 208 208 208 208 
208 208 262 262 300 300 520 520 754 754 566 566 492 492 326 326 474 474 424 424 400 400 532 532 662 662 284 284 720 720 1432 1432 548 548 436 436 640 640 2968 2968 252 252 2968 2968 862 862 2968 2968 1090 1090 2968 2968 1010 1010 2968 2968 714 714 2968 2968 860 860 2968 2968 710 710 2968 2968 2968 2968 1418 1418 2968 2968 854 854 2450 2450 590 590 254 254 208 208 454 454 
208 208 262 262 726 726 400 400 596 596 554 554 386 386 282 282 570 570 316 316 682 682 680 680 500 500 360 360 366 366 1026 1026 276 276 568 568 2968 2968 284 284 408 408 2968 2968 676 676 2968 2968 870 870 2968 2968 768 768 2968 2968 948 948 2968 2968 816 816 2968 2968 980 980 2968 2968 2968 2968 1948 1948 2968 2968 1148 1148 2474 2474 608 608 254 254 208 208 472 472 246 246 208 208 208 208 
208 208 262 262 300 300 398 398 694 694 544 544 324 324 502 502 544 544 400 400 402 402 700 700 704 704 750 750 588 588 1102 1102 722 722 386 386 336 336 2968 2968 478 478 2968 2968 886 886 2968 2968 730 730 2968 2968 1126 1126 2968 2968 2968 2968 2968 2968 1606 1606 2968 2968 866 866 2968 2968 930 930 2968 2968 1076 1076 2562 2562 256 256 454 454 254 254 208 208 712 712 
208 208 262 262 376 376 390 390 620 620 632 632 284 284 554 554 346 346 382 382 596 596 650 650 382 382 580 580 338 338 1210 1210 598 598 726 726 2968 2968 2968 2968 942 942 2968 2968 690 690 2968 2968 1048 1048 2968 2968 1082 1082 2968 2968 822 822 2968 2968 694 694 2968 2968 978 978 2968 2968 2968 2968 1242 1242 2968 2968 262 262 426 426 612 612 254 254 208 208 262 262 
246 208 208 208 208 208 208 262 262 398 398 244 244 300 300 440 440 712 712 390 390 426 426 316 316 572 572 536 536 518 518 664 664 430 430 1086 1086 268 268 672 672 2968 2968 430 430 2968 2968 1036 1036 2968 2968 1030 1030 2968 2968 2968 2968 2968 2968 2968 2968 2968 2968 2968 2968 2968 2968 2968 2968 2280 2280 2550 2550 310 310 500 500 254 254 208 208 674 674 
208 208 262 262 442 442 356 356 272 272 352 352 276 276 292 292 530 530 456 456 472 472 312 312 406 406 698 698 460 460 1288 1288 636 636 470 470 604 604 2968 2968 2968 2968 974 974 2968 2968 2968 2968 2968 2968 2968 2968 2676 2676 2968 2968 2968 2968 2968 2968 2968 2968 2968 2968 2848 2848 522 522 254 254 208 208 348 348 
246 246 208 208 208 208 208 208 262 262 308 308 568 568 706 706 332 332 486 486 400 400 344 344 370 370 416 416 492 492 506 506 534 534 454 454 1226 1226 466 466 538 538 2968 2968 240 240 2968 2968 746 746 2968 2968 736 736 2968 2968 2968 2968 1100 1100 2968 2968 2968 2968 2032 2032 2968 2968 2968 2968 2968 2968 2162 2162 2968 2968 312 312 458 458 352 352 254 254 208 208 274 274 
208 208 262 262 354 354 694 694 382 382 678 678 670 670 504 504 572 572 394 394 502 502 504 504 504 504 680 680 252 252 1104 1104 640 640 342 342 2968 2968 596 596 274 274 2968 2968 1130 1130 2968 2968 904 904 2968 2968 836 836 2968 2968 2968 2968 1404 1404 2968 2968 952 952 2968 2968 790 790 2968 2968 760 760 2968 2968 1028 1028 2410 2410 356 356 364 364 254 254 208 208 240 240 
208 208 628 628 660 660 528 528 290 290 452 452 292 292 322 322 650 650 726 726 398 398 744 744 498 498 434 434 660 660 1286 1286 706 706 246 246 208 208 208 208 720 720 2968 2968 538 538 2968 2968 774 774 2968 2968 2968 2968 1208 1208 2968 2968 1084 1084 2968 2968 2968 2968 1376 1376 2968 2968 1134 1134 2968 2968 2968 2968 2968 2968 438 438 242 242 274 274 208 208 564 564 
208 208 262 262 498 498 302 302 268 268 704 704 382 382 672 672 752 752 514 514 354 354 798 798 460 460 574 574 250 250 1244 1244 546 546 588 588 320 320 2968 2968 230 230 2968 2968 1100 1100 2968 2968 890 890 2968 2968 958 958 2968 2968 1112 1112 2968 2968 744 744 2968 2968 1100 1100 2968 2968 2968 2968 2032 2032 2968 2968 962 962 2360 2360 258 258 322 322 254 254 208 208 598 598 
208 208 262 262 468 468 548 548 516 516 468 468 552 552 346 346 454 454 346 346 730 730 656 656 778 778 636 636 712 712 1360 1360 318 318 584 584 544 544 2968 2968 472 472 2968 2968 954 954 2968 2968 798 798 2968 2968 688 688 2968 2968 678 678 2968 2968 1132 1132 2968 2968 790 790 2968 2968 1040 1040 2968 2968 906 906 2968 2968 874 874 2614 2614 986 986 246 246 208 208 208 208 
208 208 262 262 252 252 640 640 410 410 648 648 572 572 388 388 498 498 650 650 238 238 554 554 378 378 594 594 516 516 1154 1154 438 438 474 474 2968 2968 492 492 2968 2968 1046 1046 2968 2968 2968 2968 1768 1768 2968 2968 986 986 2968 2968 1076 1076 2968 2968 1122 1122 2968 2968 826 826 2968 2968 2968 2968 2968 2968 590 590 244 244 322 322 508 508 254 254 208 208 514 514 
208 208 262 262 662 662 746 746 298 298 338 338 766 766 686 686 616 616 672 672 298 298 362 362 442 442 398 398 738 738 1040 1040 292 292 302 302 2968 2968 482 482 2968 2968 722 722 2968 2968 834 834 2968 2968 876 876 2968 2968 666 666 2968 2968 938 938 2968 2968 656 656 2968 2968 2968 2968 1386 1386 2968 2968 672 672 2422 2422 524 524 254 254 208 208 274 274 246 246 208 208 208 208 
208 208 262 262 480 480 562 562 718 718 756 756 688 688 620 620 640 640 370 370 356 356 736 736 714 714 452 452 314 314 1128 1128 278 278 734 734 474 474 2968 2968 246 246 2968 2968 1116 1116 2968 2968 2968 2968 2968 2968 1378 1378 2968 2968 2968 2968 2148 2148 2968 2968 2968 2968 1984 1984 2968 2968 936 936 2650 2650 220 220 254 254 208 208 670 670 
208 208 262 262 490 490 556 556 728 728 698 698 636 636 362 362 518 518 276 276 700 700 462 462 678 678 322 322 676 676 1068 1068 478 478 284 284 300 300 2968 2968 560 560 2968 2968 1114 1114 2968 2968 1110 1110 2968 2968 716 716 2968 2968 1114 1114 2968 2968 868 868 2968 2968 968 968 2968 2968 2968 2968 1354 1354 2968 2968 758 758 2634 2634 726 726 254 254 208 208 290 290 
246 246 208 208 208 208 208 208 262 262 350 350 470 470 272 272 360 360 368 368 294 294 700 700 416 416 238 238 630 630 598 598 482 482 282 282 588 588 1348 1348 652 652 706 706 250 250 2968 2968 260 260 2968 2968 660 660 2968 2968 2968 2968 1564 1564 2968 2968 1022 1022 2968 2968 932 932 2968 2968 826 826 2968 2968 978 978 2968 2968 2968 2968 2968 2968 802 802 528 528 566 566 254 254 208 208 538 538 
208 208 262 262 522 522 704 704 274 274 304 304 422 422 318 318 676 676 460 460 644 644 328 328 646 646 662 662 774 774 442 442 1562 1562 398 398 724 724 336 336 2968 2968 344 344 2968 2968 900 900 2968 2968 922 922 2968 2968 788 788 2968 2968 1152 1152 2968 2968 730 730 2968 2968 992 992 2968 2968 686 686 2968 2968 2968 2968 2968 2968 698 698 482 482 254 254 208 208 672 672 
246 246 208 208 208 208 208 208 262 262 654 654 506 506 398 398 708 708 744 744 738 738 624 624 592 592 530 530 576 576 550 550 606 606 360 360 942 942 234 234 642 642 2942 2942 2968 2968 1162 1162 2968 2968 772 772 2968 2968 1096 1096 2968 2968 878 878 2968 2968 2968 2968 1378 1378 2968 2968 722 722 2968 2968 2968 2968 2968 2968 932 932 252 252 254 254 208 208 640 640 
208 208 262 262 668 668 612 612 654 654 604 604 446 446 552 552 704 704 508 508 628 628 676 676 506 506 518 518 380 380 1202 1202 424 424 534 534 420 420 2968 2968 2968 2968 844 844 2968 2968 962 962 2968 2968 1076 1076 2968 2968 1034 1034 2968 2968 950 950 2968 2968 946 946 2968 2968 800 800 2968 2968 890 890 2968 2968 1082 1082 2584 2584 378 378 208 208 254 254 
208 208 262 262 510 510 702 702 302 302 742 742 324 324 330 330 758 758 472 472 650 650 454 454 592 592 272 272 658 658 1094 1094 306 306 626 626 674 674 246 246 208 208 2968 2968 312 312 208 208 2968 2968 846 846 2968 2968 2968 2968 1250 1250 2968 2968 654 654 2968 2968 680 680 2968 2968 746 746 2968 2968 994 994 2968 2968 2968 2968 2968 2968 518 518 376 376 254 254 208 208 384 384 
208 208 262 262 244 244 558 558 688 688 778 778 710 710 370 370 504 504 570 570 726 726 696 696 394 394 306 306 502 502 470 470 1336 1336 364 364 276 276 738 738 2968 2968 2968 2968 792 792 2968 2968 730 730 2968 2968 2968 2968 816 816 754 754 2968 2968 724 724 2968 2968 902 902 2968 2968 826 826 2968 2968 734 734 2968 2968 906 906 2512 2512 364 364 336 336 254 254 208 208 294 294 
208 208 262 262 450 450 432 432 270 270 506 506 570 570 710 710 652 652 442 442 296 296 644 644 374 374 582 582 324 324 1298 1298 610 610 602 602 2968 2968 380 380 2968 2968 1092 1092 2968 2968 760 760 2968 2968 1038 1038 2968 2968 1072 1072 2968 2968 650 650 2968 2968 1126 1126 2968 2968 1158 1158 2968 2968 2968 2968 2968 2968 844 844 580 580 540 540 254 254 208 208 622 622 246 246 208 208 208 208 
208 208 262 262 436 436 444 444 734 734 606 606 492 492 640 640 506 506 572 572 280 280 712 712 602 602 436 436 568 568 1124 1124 300 300 240 240 238 238 2968 2968 308 308 2968 2968 904 904 2968 2968 1104 1104 2968 2968 710 710 2968 2968 956 956 2968 2968 850 850 2968 2968 1026 1026 2968 2968 2968 2968 1598 1598 2968 2968 1106 1106 2570 2570 770 770 
208 208 262 262 582 582 246 246 304 304 464 464 342 342 690 690 526 526 696 696 382 382 414 414 340 340 762 762 242 242 1166 1166 448 448 432 432 440 440 2968 2968 422 422 2968 2968 712 712 2968 2968 2968 2968 1158 1158 2968 2968 798 798 2968 2968 650 650 2968 2968 648 648 2968 2968 1064 1064 2968 2968 2968 2968 2968 2968 1016 1016 626 626 534 534 254 254 208 208 684 684 208 208 246 246 208 208 
208 208 262 262 384 384 636 636 520 520 588 588 340 340 344 344 314 314 558 558 240 240 586 586 788 788 712 712 330 330 1374 1374 698 698 590 590 378 378 2968 2968 364 364 2968 2968 760 760 2968 2968 2968 2968 1564 1564 2968 2968 1132 1132 2968 2968 680 680 2968 2968 1096 1096 2968 2968 672 672 2968 2968 864 864 2968 2968 766 766 2470 2470 260 260 254 254 208 208 384 384 
208 208 262 262 544 544 244 244 360 360 454 454 386 386 598 598 504 504 264 264 476 476 512 512 444 444 312 312 720 720 1224 1224 434 434 332 332 2968 2968 448 448 2968 2968 728 728 2968 2968 2968 2968 916 916 658 658 2968 2968 900 900 2968 2968 1146 1146 2968 2968 792 792 2968 2968 722 722 2968 2968 2968 2968 1574 1574 2806 2806 492 492 498 498 426 426 
208 208 246 246 208 208 208 208 262 262 956 956 648 648 472 472 762 762 570 570 484 484 490 490 296 296 606 606 324 324 758 758 344 344 1240 1240 714 714 424 424 378 378 2968 2968 594 594 2968 2968 702 702 2968 2968 1036 1036 2968 2968 740 740 2968 2968 2968 2968 1030 1030 1124 1124 2968 2968 726 726 2968 2968 2968 2968 1110 1110 2968 2968 808 808 2324 2324 720 720 254 254 798 798 
208 208 262 262 686 686 258 258 540 540 704 704 582 582 420 420 480 480 238 238 416 416 470 470 652 652 382 382 282 282 1232 1232 478 478 356 356 2968 2968 402 402 2968 2968 2968 2968 754 754 2968 2968 2968 2968 1834 1834 2968 2968 2968 2968 2968 2968 2968 2968 2968 2968 2968 2968 2968 2968 622 622 356 356 408 408 254 254 720 720 
246 246 208 208 208 208 208 208 262 262 626 626 652 652 476 476 708 708 652 652 732 732 332 332 500 500 506 506 668 668 604 604 272 272 698 698 800 800 540 540 590 590 2968 2968 508 508 2968 2968 730 730 2968 2968 1068 1068 2968 2968 2968 2968 1862 1862 2968 2968 860 860 2968 2968 2968 2968 1786 1786 2968 2968 1142 1142 2968 2968 2968 2968 460 460 532 532 260 260 254 254 208 208 328 328 
208 208 262 262 340 340 556 556 678 678 444 444 704 704 682 682 718 718 684 684 362 362 636 636 462 462 746 746 492 492 1366 1366 670 670 272 272 2968 2968 278 278 2968 2968 780 780 2968 2968 806 806 2968 2968 1070 1070 2968 2968 922 922 2968 2968 1044 1044 2968 2968 926 926 2968 2968 784 784 2968 2968 744 744 2968 2968 860 860 2522 2522 262 262 254 254 208 208 270 270 
208 208 262 262 338 338 542 542 388 388 572 572 744 744 264 264 302 302 344 344 684 684 614 614 668 668 404 404 382 382 1344 1344 636 636 584 584 2968 2968 560 560 2968 2968 1084 1084 2968 2968 822 822 2968 2968 934 934 2968 2968 986 986 2968 2968 872 872 542 542 2968 2968 756 756 2968 2968 790 790 2968 2968 854 854 2968 2968 1122 1122 2670 2670 682 682 566 566 254 254 208 208 470 470 246 246 208 208 208 208 
208 208 262 262 274 274 590 590 476 476 724 724 600 600 614 614 620 620 478 478 578 578 374 374 782 782 706 706 728 728 1100 1100 232 232 232 232 468 468 2968 2968 514 514 2968 2968 804 804 2968 2968 2968 2968 2968 2968 2968 2968 2968 2968 2968 2968 2968 2968 2968 2968 2968 2968 2968 2968 2758 2758 260 260 254 254 208 208 686 686 
208 208 262 262 716 716 310 310 760 760 386 386 446 446 576 576 754 754 500 500 422 422 324 324 430 430 654 654 434 434 1054 1054 364 364 590 590 684 684 2968 2968 336 336 2968 2968 1008 1008 2968 2968 862 862 2968 2968 924 924 2968 2968 1134 1134 2968 2968 814 814 2968 2968 838 838 2968 2968 2968 2968 1810 1810 2968 2968 716 716 2558 2558 292 292 1278 1278 222 222 208 208 208 208 246 246 208 208 
2968 2968 2968 2968 1906 1906 2968 2968 2968 2968 1906 1906 640 640 228 228 640 640 228 228 628 628 374 374 292 292 292 292 298 298 620 620 690 690 356 356 596 596 574 574 230 230 520 520 374 374 390 390 522 522 1384 1384 450 450 558 558 438 438 2968 2968 622 622 2968 2968 1060 1060 2968 2968 868 868 2968 2968 834 834 2968 2968 1080 1080 2968 2968 726 726 2968 2968 1154 1154 2968 2968 2968 2968 1612 1612 2968 2968 838 838 2718 2718 1292 1292 
208 208 262 262 240 240 678 678 660 660 572 572 388 388 402 402 326 326 602 602 434 434 668 668 528 528 328 328 640 640 1096 1096 262 262 706 706 2968 2968 600 600 2968 2968 682 682 2968 2968 1050 1050 2968 2968 870 870 2968 2968 734 734 2968 2968 998 998 270 270 2968 2968 906 906 2968 2968 908 908 2968 2968 1054 1054 2968 2968 1120 1120 2368 2368 728 728 300 300 254 254 208 208 362 362 208 208 246 246 208 208 
208 208 262 262 736 736 498 498 614 614 794 794 412 412 432 432 772 772 566 566 684 684 316 316 606 606 758 758 300 300 914 914 580 580 712 712 2968 2968 246 246 2968 2968 872 872 2968 2968 2968 2968 1320 1320 2968 2968 792 792 2968 2968 714 714 2968 2968 2968 2968 2968 2968 2968 2968 2968 2968 1968 1968 292 292 254 254 208 208 638 638 
208 208 208 208 262 262 684 684 628 628 208 208 580 580 580 580 580 580 612 612 634 634 350 350 272 272 718 718 406 406 328 328 302 302 664 664 1684 1684 610 610 356 356 616 616 2968 2968 544 544 2968 2968 854 854 2968 2968 2968 2968 2968 2968 2968 2968 2968 2968 2968 2968 2968 2968 2968 2968 2968 2968 2968 2968 2052 2052 368 368 254 254 208 208 224 224 
246 246 208 208 208 208 208 208 262 262 508 508 712 712 672 672 774 774 688 688 744 744 500 500 724 724 388 388 490 490 300 300 308 308 372 372 1282 1282 696 696 736 736 564 564 2968 2968 220 220 2968 2968 742 742 2968 2968 2968 2968 2126 2126 2968 2968 822 822 2968 2968 2968 2968 1504 1504 2968 2968 676 676 2968 2968 2968 2968 1188 1188 2376 2376 490 490 678 678 254 254 208 208 466 466 
208 208 262 262 242 242 328 328 660 660 408 408 386 386 382 382 734 734 406 406 262 262 526 526 322 322 286 286 470 470 1414 1414 532 532 558 558 2968 2968 414 414 2968 2968 1124 1124 2968 2968 2968 2968 1432 1432 2968 2968 1050 1050 2968 2968 848 848 2968 2968 744 744 2968 2968 932 932 2968 2968 2968 2968 1168 1168 2476 2476 398 398 612 612 482 482 254 254 208 208 694 694 
208 208 246 246 208 208 208 208 262 262 378 378 754 754 598 598 530 530 542 542 536 536 340 340 446 446 590 590 492 492 398 398 356 356 378 378 1294 1294 644 644 626 626 2910 2910 296 296 2968 2968 962 962 2968 2968 898 898 2968 2968 736 736 2968 2968 1158 1158 2968 2968 710 710 2968 2968 854 854 2968 2968 1134 1134 2968 2968 684 684 2968 2968 996 996 2490 2490 348 348 330 330 
208 208 262 262 652 652 666 666 352 352 512 512 692 692 744 744 720 720 674 674 376 376 774 774 314 314 344 344 242 242 1052 1052 570 570 410 410 2962 2962 2968 2968 1080 1080 2968 2968 2968 2968 1560 1560 2968 2968 1062 1062 2968 2968 2968 2968 998 998 1090 1090 2968 2968 1120 1120 2968 2968 2968 2968 1104 1104 2968 2968 230 230 302 302 604 604 254 254 208 208 302 302 
208 208 262 262 422 422 620 620 752 752 286 286 378 378 470 470 386 386 680 680 298 298 742 742 734 734 526 526 1148 1148 298 298 560 560 2952 2952 2968 2968 872 872 2968 2968 1044 1044 2968 2968 768 768 2968 2968 778 778 2968 2968 832 832 2968 2968 1094 1094 2968 2968 832 832 2968 2968 892 892 2968 2968 654 654 2608 2608 698 698 298 298 254 254 208 208 524 524 246 246 208 208 208 208 
242 242 208 208 262 262 512 512 604 604 508 508 598 598 688 688 598 598 624 624 688 688 724 724 368 368 484 484 742 742 294 294 1074 1074 694 694 498 498 2968 2968 572 572 2968 2968 904 904 2968 2968 818 818 2968 2968 672 672 2968 2968 2968 2968 1288 1288 2968 2968 1120 1120 2968 2968 1038 1038 2968 2968 742 742 2968 2968 820 820 2564 2564 546 546 1176 1176 
208 208 262 262 568 568 746 746 480 480 314 314 586 586 734 734 352 352 472 472 260 260 696 696 770 770 534 534 324 324 1284 1284 358 358 304 304 2968 2968 228 228 2968 2968 940 940 2968 2968 2968 2968 2968 2968 2004 2004 2968 2968 1036 1036 2968 2968 2968 2968 2968 2968 2968 2968 2968 2968 350 350 2646 2646 436 436 254 254 208 208 584 584 246 246 208 208 208 208 
208 208 262 262 530 530 350 350 280 280 620 620 340 340 500 500 482 482 546 546 416 416 622 622 448 448 508 508 404 404 1510 1510 632 632 450 450 688 688 2968 2968 490 490 2968 2968 770 770 2968 2968 854 854 2968 2968 780 780 2968 2968 802 802 2968 2968 1086 1086 2968 2968 2968 2968 2968 2968 2200 2200 2968 2968 718 718 2666 2666 360 360 254 254 208 208 386 386 
208 208 262 262 444 444 614 614 450 450 486 486 430 430 336 336 388 388 260 260 298 298 778 778 530 530 366 366 672 672 1202 1202 446 446 390 390 242 242 2968 2968 276 276 2968 2968 1032 1032 2968 2968 948 948 2968 2968 822 822 2968 2968 2968 2968 1354 1354 2968 2968 1076 1076 2968 2968 830 830 2968 2968 902 902 2968 2968 1112 1112 2650 2650 730 730 702 702 254 254 208 208 244 244 246 246 208 208 208 208 
208 208 262 262 696 696 326 326 472 472 734 734 536 536 648 648 594 594 276 276 442 442 478 478 696 696 466 466 1350 1350 254 254 392 392 274 274 2968 2968 586 586 2968 2968 998 998 2968 2968 2968 2968 2968 2968 2968 2968 2968 2968 2968 2968 2968 2968 2968 2968 2968 2968 2968 2968 2968 2968 484 484 290 290 254 254 208 208 214 214 
208 208 262 262 494 494 722 722 744 744 516 516 634 634 536 536 298 298 308 308 648 648 586 586 550 550 388 388 306 306 1288 1288 456 456 722 722 452 452 2968 2968 380 380 2968 2968 1134 1134 2968 2968 2968 2968 2968 2968 2968 2968 2968 2968 2968 2968 2968 2968 2968 2968 2968 2968 2968 2968 2968 2968 244 244 450 450 254 254 208 208 354 354 2968 2968 2968 2968 2894 2894 704 704 228 228 766 766 592 592 208 208 
246 246 208 208 208 208 208 208 262 262 508 508 560 560 686 686 716 716 662 662 560 560 366 366 684 684 274 274 604 604 546 546 562 562 334 334 1438 1438 486 486 728 728 2968 2968 268 268 2968 2968 700 700 2968 2968 796 796 2968 2968 1138 1138 2968 2968 834 834 2968 2968 772 772 2968 2968 966 966 2968 2968 2968 2968 1104 1104 2968 2968 1070 1070 2504 2504 1378 1378 
208 208 262 262 290 290 642 642 566 566 466 466 576 576 298 298 438 438 248 248 430 430 402 402 408 408 478 478 316 316 1150 1150 672 672 374 374 526 526 2968 2968 260 260 2968 2968 664 664 2968 2968 722 722 2968 2968 736 736 2968 2968 714 714 2968 2968 1036 1036 2968 2968 884 884 2968 2968 1076 1076 2968 2968 850 850 2968 2968 1082 1082 2328 2328 1102 1102 
208 208 262 262 344 344 554 554 586 586 208 208 246 246 208 208 690 690 740 740 318 318 644 644 270 270 256 256 542 542 624 624 358 358 366 366 1484 1484 736 736 256 256 694 694 2964 2964 2968 2968 658 658 2968 2968 1136 1136 2968 2968 876 876 2968 2968 2968 2968 1564 1564 2968 2968 1100 1100 2968 2968 838 838 2968 2968 924 924 2968 2968 1084 1084 2470 2470 696 696 1078 1078 
208 208 262 262 524 524 558 558 690 690 720 720 366 366 264 264 380 380 282 282 738 738 764 764 552 552 768 768 284 284 1272 1272 432 432 536 536 458 458 2968 2968 308 308 2968 2968 838 838 2968 2968 1008 1008 2968 2968 866 866 2968 2968 818 818 2968 2968 1006 1006 2968 2968 1114 1114 2968 2968 980 980 2968 2968 2968 2968 2968 2968 874 874 668 668 570 570 254 254 208 208 282 282 
208 208 262 262 596 596 638 638 378 378 332 332 650 650 440 440 274 274 374 374 736 736 698 698 344 344 352 352 324 324 1174 1174 388 388 628 628 522 522 2968 2968 262 262 2968 2968 1160 1160 2968 2968 934 934 2968 2968 748 748 2968 2968 1042 1042 2968 2968 1100 1100 2968 2968 930 930 2968 2968 2968 2968 1220 1220 2968 2968 746 746 2582 2582 952 952 246 246 208 208 208 208 
208 208 262 262 374 374 432 432 326 326 614 614 668 668 538 538 352 352 696 696 526 526 332 332 670 670 482 482 722 722 1392 1392 376 376 298 298 634 634 2968 2968 330 330 2968 2968 802 802 2968 2968 2968 2968 2968 2968 2968 2968 2968 2968 2968 2968 2968 2968 2968 2968 2968 2968 2968 2968 2968 2968 222 222 614 614 254 254 208 208 676 676 
208 208 262 262 644 644 414 414 586 586 578 578 592 592 370 370 478 478 274 274 484 484 756 756 526 526 714 714 424 424 1404 1404 356 356 342 342 380 380 2968 2968 290 290 2968 2968 1046 1046 2968 2968 726 726 2968 2968 778 778 2968 2968 780 780 2968 2968 674 674 2968 2968 2968 2968 2968 2968 2308 2308 2968 2968 2968 2968 320 320 284 284 254 254 208 208 310 310 246 246 208 208 208 208 
208 208 262 262 408 408 376 376 602 602 464 464 616 616 516 516 706 706 676 676 522 522 794 794 428 428 640 640 432 432 1590 1590 742 742 436 436 698 698 2968 2968 406 406 2968 2968 926 926 2968 2968 2968 2968 1430 1430 2968 2968 874 874 2968 2968 746 746 2968 2968 900 900 2968 2968 678 678 2968 2968 2968 2968 2968 2968 646 646 382 382 254 254 208 208 376 376 
208 208 262 262 322 322 242 242 444 444 490 490 430 430 328 328 618 618 298 298 426 426 712 712 380 380 460 460 452 452 332 332 1594 1594 254 254 596 596 408 408 2968 2968 342 342 2968 2968 894 894 2968 2968 1010 1010 2968 2968 864 864 2968 2968 678 678 2968 2968 986 986 2968 2968 690 690 2968 2968 2968 2968 1352 1352 2968 2968 1012 1012 2362 2362 558 558 814 814 242 242 246 246 208 208 208 208 
208 208 262 262 630 630 688 688 436 436 280 280 676 676 572 572 566 566 568 568 362 362 534 534 442 442 528 528 518 518 1256 1256 250 250 344 344 616 616 2968 2968 448 448 2968 2968 800 800 2968 2968 2968 2968 1512 1512 2968 2968 908 908 2968 2968 2968 2968 1146 1146 2968 2968 952 952 2968 2968 2968 2968 2968 2968 828 828 252 252 254 254 208 208 426 426 
208 208 262 262 408 408 376 376 612 612 302 302 280 280 512 512 586 586 612 612 664 664 688 688 666 666 426 426 624 624 942 942 438 438 598 598 394 394 2968 2968 2968 2968 962 962 2968 2968 1022 1022 2968 2968 766 766 2968 2968 1038 1038 2968 2968 888 888 2968 2968 914 914 2968 2968 930 930 2968 2968 868 868 2968 2968 758 758 2456 2456 574 574 254 254 208 208 620 620 
246 246 208 208 222 222 208 208 208 208 208 208 262 262 602 602 634 634 494 494 794 794 540 540 688 688 498 498 428 428 242 242 764 764 474 474 484 484 342 342 1432 1432 622 622 714 714 562 562 2908 2908 2968 2968 848 848 2968 2968 682 682 2968 2968 696 696 2968 2968 944 944 2968 2968 760 760 2968 2968 946 946 2968 2968 652 652 2968 2968 962 962 2968 2968 920 920 2480 2480 310 310 310 310 552 552 254 254 208 208 518 518 
208 208 628 628 734 734 680 680 716 716 638 638 312 312 664 664 264 264 450 450 580 580 486 486 344 344 774 774 258 258 1470 1470 630 630 398 398 252 252 2968 2968 520 520 2968 2968 1010 1010 2968 2968 2968 2968 2968 2968 2968 2968 2968 2968 2968 2968 2968 2968 2968 2968 2968 2968 2968 2968 2074 2074 296 296 274 274 208 208 520 520 
208 208 262 262 236 236 302 302 460 460 536 536 750 750 372 372 502 502 312 312 726 726 2968 2968 2968 2968 2894 2894 434 434 290 290 736 736 228 228 326 326 208 208 628 628 540 540 1284 1284 592 592 286 286 450 450 2968 2968 422 422 2968 2968 1108 1108 2968 2968 760 760 2968 2968 702 702 2968 2968 1056 1056 2968 2968 2968 2968 1554 1554 2968 2968 916 916 2968 2968 1138 1138 2968 2968 886 886 2486 2486 698 698 506 506 254 254 208 208 432 432 
208 208 262 262 556 556 334 334 518 518 598 598 588 588 694 694 706 706 622 622 482 482 532 532 676 676 506 506 582 582 1246 1246 424 424 426 426 2968 2968 2968 2968 886 886 2968 2968 2968 2968 2968 2968 2968 2968 2214 2214 2968 2968 1084 1084 2968 2968 1012 1012 2968 2968 2968 2968 2968 2968 752 752 592 592 236 236 254 254 208 208 578 578 
208 208 262 262 564 564 502 502 566 566 512 512 300 300 690 690 284 284 734 734 550 550 644 644 408 408 694 694 320 320 1242 1242 660 660 524 524 374 374 2968 2968 576 576 2968 2968 810 810 2968 2968 1098 1098 2968 2968 764 764 2968 2968 928 928 2968 2968 852 852 2968 2968 746 746 2968 2968 1150 1150 2968 2968 940 940 2968 2968 668 668 2720 2720 350 350 940 940 246 246 208 208 208 208 
208 208 262 262 514 514 430 430 572 572 386 386 760 760 658 658 618 618 246 246 708 708 344 344 500 500 662 662 386 386 670 670 1754 1754 256 256 460 460 308 308 2968 2968 450 450 2968 2968 686 686 2968 2968 770 770 2968 2968 1106 1106 2968 2968 1112 1112 2968 2968 1078 1078 2968 2968 842 842 2968 2968 860 860 2968 2968 850 850 2968 2968 764 764 2764 2764 230 230 726 726 254 254 208 208 656 656 
208 208 262 262 356 356 632 632 624 624 528 528 672 672 482 482 644 644 318 318 468 468 376 376 288 288 582 582 438 438 1000 1000 334 334 432 432 688 688 2914 2914 2968 2968 1104 1104 2968 2968 928 928 2968 2968 2968 2968 2968 2968 2968 2968 2968 2968 2968 2968 2968 2968 2968 2968 2968 2968 1864 1864 308 308 254 254 208 208 668 668 246 246 208 208 208 208 
208 208 262 262 438 438 468 468 746 746 788 788 464 464 600 600 538 538 566 566 702 702 544 544 772 772 292 292 1040 1040 720 720 288 288 734 734 2934 2934 2968 2968 1088 1088 2968 2968 2968 2968 1874 1874 2968 2968 840 840 2968 2968 2968 2968 1940 1940 2968 2968 798 798 2968 2968 2968 2968 2968 2968 1158 1158 630 630 254 254 208 208 360 360 
208 208 262 262 610 610 524 524 508 508 474 474 394 394 298 298 360 360 412 412 248 248 422 422 464 464 288 288 674 674 1282 1282 418 418 486 486 606 606 2968 2968 542 542 2968 2968 808 808 2968 2968 950 950 2968 2968 1042 1042 2968 2968 1124 1124 2968 2968 886 886 2968 2968 974 974 2968 2968 1044 1044 2968 2968 726 726 2968 2968 1032 1032 2302 2302 1262 1262 246 246 208 208 208 208 
208 208 262 262 724 724 322 322 546 546 520 520 570 570 714 714 282 282 686 686 400 400 338 338 360 360 650 650 698 698 1056 1056 624 624 682 682 2968 2968 414 414 2968 2968 972 972 2968 2968 2968 2968 2968 2968 2968 2968 2906 2906 2968 2968 2968 2968 802 802 2968 2968 1740 1740 2968 2968 2968 2968 658 658 432 432 442 442 254 254 208 208 564 564 
208 208 262 262 262 262 512 512 526 526 462 462 402 402 340 340 678 678 616 616 564 564 700 700 410 410 656 656 1394 1394 286 286 594 594 320 320 2920 2920 2968 2968 2968 2968 724 724 1090 1090 2968 2968 1002 1002 2968 2968 684 684 2968 2968 738 738 2968 2968 2968 2968 954 954 660 660 2968 2968 822 822 2968 2968 2968 2968 204 204 360 360 254 254 208 208 674 674 
246 246 208 208 208 208 208 208 262 262 730 730 478 478 442 442 566 566 380 380 636 636 584 584 610 610 520 520 418 418 660 660 464 464 576 576 1038 1038 600 600 712 712 2968 2968 242 242 2968 2968 752 752 2968 2968 908 908 2968 2968 648 648 2968 2968 962 962 2968 2968 798 798 2968 2968 1134 1134 2968 2968 2968 2968 1526 1526 2968 2968 868 868 2364 2364 342 342 606 606 254 254 208 208 242 242 
208 208 262 262 242 242 534 534 268 268 354 354 544 544 744 744 336 336 284 284 286 286 444 444 602 602 270 270 558 558 1468 1468 280 280 546 546 494 494 2968 2968 600 600 2968 2968 1156 1156 2968 2968 652 652 2968 2968 828 828 2968 2968 906 906 2968 2968 2968 2968 1678 1678 2968 2968 1080 1080 2968 2968 2968 2968 2968 2968 1268 1268 340 340 254 254 208 208 458 458 
208 208 262 262 504 504 646 646 406 406 436 436 386 386 622 622 506 506 368 368 392 392 492 492 354 354 584 584 504 504 1068 1068 682 682 246 246 208 208 208 208 588 588 578 578 2922 2922 2968 2968 1040 1040 2968 2968 2968 2968 2968 2968 2968 2968 2870 2870 2968 2968 2968 2968 2968 2968 2968 2968 2968 2968 1700 1700 718 718 254 254 208 208 606 606 
208 208 262 262 330 330 676 676 700 700 298 298 558 558 362 362 696 696 436 436 628 628 244 244 370 370 562 562 268 268 312 312 1582 1582 608 608 714 714 396 396 2966 2966 2968 2968 774 774 2968 2968 1106 1106 2968 2968 986 986 2968 2968 996 996 2968 2968 1104 1104 2968 2968 736 736 2968 2968 734 734 2968 2968 684 684 2968 2968 916 916 2362 2362 690 690 614 614 254 254 208 208 604 604 
208 208 262 262 386 386 642 642 326 326 468 468 590 590 552 552 438 438 396 396 392 392 718 718 606 606 646 646 552 552 996 996 708 708 438 438 2968 2968 440 440 368 368 2968 2968 1114 1114 2968 2968 826 826 2968 2968 856 856 2968 2968 718 718 2968 2968 912 912 2968 2968 662 662 2968 2968 866 866 2968 2968 1008 1008 2968 2968 760 760 2320 2320 616 616 424 424 254 254 208 208 218 218 246 246 208 208 208 208 
208 208 262 262 236 236 480 480 480 480 288 288 276 276 726 726 472 472 448 448 268 268 282 282 598 598 490 490 460 460 850 850 580 580 498 498 686 686 2916 2916 2968 2968 1058 1058 2968 2968 774 774 2968 2968 856 856 2968 2968 742 742 2968 2968 812 812 2968 2968 688 688 2968 2968 888 888 2968 2968 688 688 2968 2968 750 750 2356 2356 1336 1336 
208 208 262 262 718 718 498 498 672 672 490 490 434 434 578 578 422 422 558 558 398 398 302 302 324 324 758 758 742 742 1294 1294 704 704 298 298 2968 2968 326 326 2968 2968 1096 1096 2968 2968 1030 1030 2968 2968 714 714 2968 2968 656 656 2968 2968 810 810 2968 2968 1016 1016 2968 2968 2968 2968 846 846 954 954 2968 2968 1040 1040 2432 2432 616 616 726 726 254 254 208 208 266 266 246 246 208 208 208 208 208 208 
208 208 262 262 710 710 600 600 694 694 618 618 272 272 732 732 262 262 400 400 498 498 610 610 754 754 492 492 520 520 1532 1532 352 352 244 244 302 302 2968 2968 594 594 2968 2968 670 670 2968 2968 1016 1016 2968 2968 898 898 2968 2968 718 718 2968 2968 2968 2968 2968 2968 1530 1530 2968 2968 2968 2968 2968 2968 1778 1778 394 394 254 254 208 208 426 426 
208 208 262 262 438 438 412 412 698 698 592 592 488 488 584 584 522 522 526 526 630 630 390 390 776 776 358 358 408 408 1202 1202 410 410 698 698 724 724 2968 2968 502 502 2968 2968 1150 1150 2968 2968 806 806 2968 2968 844 844 2968 2968 2968 2968 1328 1328 2968 2968 954 954 2968 2968 1046 1046 2968 2968 876 876 2968 2968 1134 1134 2608 2608 592 592 518 518 254 254 208 208 350 350 
246 246 208 208 208 208 208 208 262 262 500 500 702 702 384 384 672 672 418 418 674 674 718 718 548 548 552 552 540 540 282 282 696 696 634 634 1214 1214 336 336 326 326 2968 2968 346 346 2968 2968 702 702 2968 2968 1120 1120 2968 2968 804 804 2968 2968 716 716 2968 2968 1094 1094 2968 2968 758 758 2968 2968 740 740 2968 2968 2968 2968 2968 2968 1110 1110 574 574 452 452 254 254 208 208 502 502 
208 208 262 262 378 378 512 512 344 344 634 634 272 272 718 718 614 614 630 630 764 764 380 380 290 290 516 516 1482 1482 728 728 260 260 368 368 2968 2968 512 512 2968 2968 930 930 2968 2968 1104 1104 2968 2968 1026 1026 2968 2968 2968 2968 1522 1522 2968 2968 706 706 2968 2968 2968 2968 1114 1114 2968 2968 854 854 2490 2490 1260 1260 
246 246 208 208 208 208 208 208 262 262 254 254 286 286 556 556 772 772 770 770 484 484 760 760 568 568 702 702 340 340 330 330 476 476 608 608 1270 1270 652 652 310 310 700 700 2968 2968 388 388 2968 2968 740 740 2968 2968 978 978 2968 2968 806 806 2968 2968 994 994 2968 2968 1048 1048 2968 2968 668 668 2968 2968 932 932 2968 2968 1036 1036 2968 2968 870 870 2458 2458 286 286 444 444 254 254 208 208 260 260 
208 208 262 262 258 258 672 672 626 626 696 696 380 380 328 328 638 638 416 416 546 546 680 680 618 618 638 638 650 650 1428 1428 264 264 614 614 386 386 2968 2968 586 586 2968 2968 944 944 2968 2968 930 930 2968 2968 1106 1106 2968 2968 1108 1108 2968 2968 912 912 2968 2968 1152 1152 2968 2968 752 752 2968 2968 1046 1046 2968 2968 714 714 2630 2630 510 510 394 394 254 254 208 208 304 304 
208 208 262 262 332 332 378 378 454 454 372 372 434 434 658 658 530 530 688 688 478 478 708 708 600 600 614 614 470 470 1004 1004 644 644 420 420 2968 2968 456 456 2968 2968 968 968 2968 2968 2968 2968 2968 2968 2968 2968 2968 2968 2968 2968 2968 2968 2968 2968 2968 2968 2968 2968 2968 2968 1132 1132 450 450 254 254 208 208 248 248 246 246 208 208 208 208 
208 208 262 262 544 544 256 256 650 650 668 668 512 512 532 532 400 400 468 468 736 736 440 440 324 324 384 384 734 734 1576 1576 558 558 564 564 378 378 2968 2968 440 440 2968 2968 840 840 2968 2968 2968 2968 1314 1314 2968 2968 1038 1038 2968 2968 2968 2968 920 920 724 724 2968 2968 1142 1142 2968 2968 2968 2968 2968 2968 540 540 540 540 616 616 254 254 208 208 366 366 
208 208 262 262 456 456 384 384 696 696 590 590 658 658 592 592 666 666 732 732 576 576 728 728 536 536 670 670 442 442 1212 1212 242 242 404 404 420 420 2968 2968 374 374 2968 2968 692 692 2968 2968 2968 2968 2968 2968 2968 2968 2968 2968 2968 2968 2968 2968 2968 2968 2968 2968 2968 2968 2844 2844 298 298 254 254 208 208 654 654 246 246 208 208 208 208 208 208 
208 208 262 262 470 470 452 452 424 424 502 502 592 592 624 624 518 518 272 272 598 598 376 376 552 552 562 562 532 532 1154 1154 722 722 402 402 2968 2968 574 574 374 374 2968 2968 960 960 2968 2968 938 938 2968 2968 1052 1052 2968 2968 2968 2968 976 976 874 874 2968 2968 928 928 2968 2968 684 684 2968 2968 702 702 2968 2968 1112 1112 2392 2392 688 688 1034 1034 
208 208 628 628 434 434 746 746 442 442 510 510 406 406 638 638 324 324 590 590 640 640 668 668 392 392 464 464 634 634 1062 1062 368 368 580 580 2968 2968 354 354 2968 2968 1158 1158 2968 2968 788 788 2968 2968 660 660 2968 2968 792 792 2968 2968 1082 1082 2968 2968 1128 1128 2968 2968 2968 2968 1654 1654 2968 2968 706 706 2670 2670 1488 1488 246 246 208 208 208 208 
208 208 262 262 630 630 278 278 290 290 344 344 742 742 250 250 670 670 680 680 598 598 336 336 588 588 480 480 322 322 1274 1274 266 266 712 712 2928 2928 2968 2968 1136 1136 2968 2968 2968 2968 1126 1126 2968 2968 854 854 2968 2968 2968 2968 1182 1182 2968 2968 2968 2968 2968 2968 2020 2020 2968 2968 244 244 254 254 208 208 232 232 
208 208 262 262 420 420 360 360 502 502 670 670 748 748 438 438 644 644 386 386 528 528 394 394 282 282 488 488 550 550 1604 1604 384 384 610 610 594 594 2968 2968 482 482 2968 2968 812 812 2968 2968 2968 2968 1676 1676 2968 2968 1026 1026 2968 2968 2968 2968 1952 1952 2968 2968 652 652 2968 2968 2968 2968 2968 2968 1288 1288 630 630 254 254 208 208 248 248 
246 246 208 208 208 208 208 208 262 262 490 490 588 588 456 456 662 662 594 594 252 252 526 526 644 644 276 276 622 622 296 296 610 610 342 342 1062 1062 344 344 630 630 598 598 2968 2968 464 464 2968 2968 826 826 2968 2968 2968 2968 2968 2968 1850 1850 2968 2968 924 924 2968 2968 838 838 2968 2968 2968 2968 1582 1582 2968 2968 2938 2938 404 404 254 254 208 208 442 442 
208 208 262 262 476 476 516 516 296 296 386 386 562 562 502 502 318 318 274 274 322 322 562 562 614 614 316 316 446 446 1324 1324 664 664 436 436 530 530 2968 2968 606 606 2968 2968 964 964 2968 2968 2968 2968 1732 1732 2968 2968 1144 1144 2968 2968 1052 1052 2968 2968 868 868 2968 2968 930 930 2968 2968 898 898 2968 2968 2968 2968 320 320 516 516 254 254 208 208 624 624 
246 246 208 208 208 208 208 208 262 262 300 300 454 454 726 726 362 362 462 462 724 724 328 328 722 722 340 340 526 526 640 640 290 290 280 280 1302 1302 408 408 284 284 720 720 2968 2968 428 428 2968 2968 780 780 2968 2968 870 870 2968 2968 1020 1020 2968 2968 688 688 2968 2968 952 952 2968 2968 730 730 2968 2968 866 866 2968 2968 874 874 2968 2968 886 886 2554 2554 522 522 254 254 208 208 492 492 
208 208 262 262 466 466 686 686 604 604 528 528 526 526 642 642 436 436 540 540 488 488 468 468 648 648 666 666 442 442 1376 1376 634 634 340 340 314 314 2968 2968 602 602 2968 2968 874 874 2968 2968 868 868 2968 2968 1074 1074 2968 2968 724 724 2968 2968 910 910 2968 2968 698 698 2968 2968 690 690 2968 2968 654 654 2968 2968 1106 1106 2710 2710 640 640 502 502 254 254 208 208 468 468 
208 208 262 262 348 348 646 646 776 776 766 766 448 448 264 264 536 536 504 504 628 628 724 724 606 606 708 708 682 682 1486 1486 394 394 674 674 2968 2968 364 364 2968 2968 732 732 2968 2968 1032 1032 2968 2968 778 778 2968 2968 1092 1092 2968 2968 1130 1130 2968 2968 898 898 2968 2968 2968 2968 1700 1700 2968 2968 2968 2968 492 492 694 694 254 254 208 208 612 612 246 246 208 208 208 208 
208 208 262 262 524 524 560 560 736 736 676 676 264 264 490 490 308 308 694 694 510 510 378 378 448 448 472 472 504 504 962 962 238 238 546 546 340 340 2968 2968 622 622 2968 2968 870 870 2968 2968 948 948 2968 2968 694 694 2968 2968 718 718 2968 2968 686 686 2968 2968 1118 1118 2968 2968 772 772 2968 2968 982 982 2968 2968 838 838 2536 2536 464 464 952 952 
208 208 262 262 284 284 724 724 562 562 566 566 512 512 584 584 286 286 274 274 640 640 318 318 462 462 556 556 702 702 1472 1472 548 548 300 300 714 714 2968 2968 432 432 2968 2968 866 866 2968 2968 660 660 2968 2968 902 902 2968 2968 838 838 2968 2968 960 960 2968 2968 1052 1052 2968 2968 708 708 2968 2968 1104 1104 2968 2968 2888 2888 630 630 352 352 254 254 208 208 376 376 246 246 208 208 208 208 
208 208 262 262 362 362 456 456 628 628 388 388 400 400 284 284 284 284 716 716 448 448 462 462 342 342 290 290 698 698 1326 1326 286 286 310 310 2968 2968 460 460 2968 2968 670 670 2968 2968 1078 1078 2968 2968 2968 2968 1134 1134 2968 2968 2968 2968 676 676 2968 2968 1632 1632 2968 2968 2968 2968 1720 1720 2734 2734 382 382 472 472 254 254 208 208 656 656 
208 208 262 262 368 368 346 346 608 608 384 384 722 722 688 688 502 502 480 480 296 296 664 664 616 616 332 332 652 652 694 694 1242 1242 236 236 604 604 622 622 2926 2926 2968 2968 878 878 2968 2968 940 940 2968 2968 1094 1094 2968 2968 2968 2968 1348 1348 2968 2968 786 786 2968 2968 792 792 2968 2968 714 714 2968 2968 1054 1054 2784 2784 502 502 932 932 246 246 208 208 208 208 
208 208 262 262 384 384 438 438 704 704 570 570 746 746 560 560 478 478 734 734 574 574 708 708 692 692 668 668 716 716 864 864 582 582 564 564 634 634 2968 2968 624 624 2968 2968 1030 1030 2968 2968 2968 2968 2968 2968 2968 2968 2968 2968 420 420 2968 2968 2968 2968 1488 1488 2968 2968 2968 2968 2968 2968 1098 1098 630 630 254 254 208 208 648 648 
208 208 262 262 714 714 562 562 732 732 616 616 518 518 674 674 462 462 480 480 314 314 314 314 722 722 500 500 642 642 660 660 310 310 1252 1252 528 528 404 404 2968 2968 314 314 2968 2968 828 828 2968 2968 2968 2968 2968 2968 2968 2968 2968 2968 2968 2968 2968 2968 2968 2968 2968 2968 2968 2968 2968 2968 348 348 426 426 254 254 208 208 280 280 
246 246 208 208 208 208 208 208 262 262 302 302 392 392 516 516 496 496 522 522 520 520 312 312 414 414 604 604 710 710 484 484 614 614 586 586 1090 1090 538 538 540 540 254 254 2968 2968 326 326 2968 2968 732 732 2968 2968 958 958 2968 2968 946 946 2968 2968 2968 2968 2968 2968 2968 2968 2968 2968 2968 2968 2968 2968 2968 2968 1748 1748 520 520 254 254 208 208 706 706 
208 208 262 262 416 416 340 340 308 308 422 422 598 598 496 496 592 592 424 424 546 546 402 402 628 628 724 724 412 412 1024 1024 656 656 320 320 296 296 2968 2968 234 234 2968 2968 774 774 2968 2968 2968 2968 1904 1904 2968 2968 832 832 2968 2968 2968 2968 1318 1318 2968 2968 2968 2968 1070 1070 2968 2968 2968 2968 1604 1604 320 320 254 254 208 208 404 404 
246 246 208 208 208 208 208 208 262 262 442 442 642 642 326 326 670 670 696 696 396 396 532 532 624 624 464 464 314 314 500 500 730 730 704 704 1230 1230 388 388 602 602 2968 2968 560 560 2968 2968 706 706 2968 2968 808 808 2968 2968 680 680 2968 2968 1004 1004 2968 2968 2968 2968 1232 1232 2968 2968 778 778 2968 2968 2968 2968 1218 1218 2386 2386 644 644 262 262 658 658 254 254 208 208 424 424 
208 208 262 262 256 256 334 334 490 490 370 370 402 402 446 446 294 294 418 418 546 546 754 754 324 324 484 484 494 494 1216 1216 606 606 470 470 2968 2968 430 430 2968 2968 944 944 2968 2968 2968 2968 2968 2968 2968 2968 2968 2968 2968 2968 2968 2968 2968 2968 2968 2968 2968 2968 1688 1688 652 652 536 536 254 254 208 208 230 230 
208 208 262 262 700 700 296 296 658 658 782 782 664 664 432 432 636 636 522 522 604 604 776 776 636 636 384 384 542 542 1140 1140 316 316 676 676 528 528 2968 2968 252 252 2968 2968 718 718 2968 2968 942 942 2968 2968 1144 1144 2968 2968 734 734 2968 2968 980 980 2968 2968 720 720 2968 2968 2968 2968 2968 2968 2968 2968 2534 2534 720 720 254 254 208 208 256 256 246 246 208 208 208 208 
208 208 262 262 564 564 606 606 356 356 690 690 730 730 402 402 590 590 604 604 728 728 332 332 666 666 566 566 734 734 1562 1562 366 366 308 308 646 646 2968 2968 544 544 2968 2968 1078 1078 2968 2968 2968 2968 2968 2968 2388 2388 2968 2968 2968 2968 2968 2968 2968 2968 2968 2968 2968 2968 2968 2968 218 218 410 410 254 254 208 208 328 328 
208 208 262 262 510 510 654 654 606 606 356 356 602 602 254 254 288 288 318 318 354 354 288 288 554 554 700 700 562 562 1328 1328 710 710 524 524 2968 2968 598 598 2968 2968 910 910 2968 2968 806 806 2968 2968 1014 1014 2968 2968 1124 1124 2968 2968 1122 1122 2968 2968 660 660 2968 2968 722 722 2968 2968 654 654 2968 2968 826 826 2388 2388 366 366 710 710 254 254 208 208 268 268 2968 2968 2968 2968 2890 2890 640 640 228 228 652 652 1184 1184 208 208 246 246 208 208 208 208 
208 208 262 262 402 402 332 332 338 338 376 376 750 750 318 318 402 402 530 530 648 648 586 586 504 504 562 562 502 502 1094 1094 296 296 614 614 2968 2968 508 508 2968 2968 896 896 2968 2968 2968 2968 1592 1592 2968 2968 992 992 2968 2968 942 942 2968 2968 912 912 2968 2968 894 894 2968 2968 2968 2968 2968 2968 980 980 284 284 364 364 254 254 208 208 548 548 
208 208 262 262 630 630 530 530 648 648 490 490 566 566 244 244 436 436 354 354 470 470 296 296 716 716 562 562 736 736 1420 1420 294 294 614 614 2968 2968 462 462 2968 2968 694 694 2968 2968 2968 2968 1154 1154 2968 2968 904 904 2968 2968 960 960 2968 2968 1022 1022 2968 2968 950 950 2968 2968 796 796 2968 2968 664 664 2584 2584 608 608 342 342 292 292 254 254 208 208 214 214 246 246 208 208 208 208 
