208 208 262 262 252 252 360 360 466 466 466 466 574 574 284 284 342 342 272 272 384 384 398 398 408 408 650 650 576 576 1262 1262 422 422 1752 1752 300 300 520 520 2968 2968 2968 2968 2968 2968 328 328 2968 2968 2968 2968 2968 2968 298 298 2968 2968 2968 2968 2968 2968 660 660 2968 2968 2968 2968 2968 2968 2968 2968 2060 2060 246 246 208 208 208 208 246 246 208 208 
208 208 262 262 370 370 512 512 788 788 450 450 386 386 752 752 418 418 430 430 762 762 748 748 992 992 318 318 596 596 268 268 1844 1844 376 376 644 644 2968 2968 2968 2968 2968 2968 714 714 2968 2968 2968 2968 2968 2968 434 434 2968 2968 520 520 570 570 564 564 208 208 254 254 
208 208 262 262 376 376 674 674 604 604 782 782 544 544 350 350 292 292 268 268 468 468 540 540 484 484 518 518 1302 1302 630 630 720 720 2236 2236 494 494 2968 2968 2968 2968 2968 2968 2968 2968 2968 2968 2968 2968 574 574 2968 2968 2968 2968 2968 2968 2968 2968 546 546 2968 2968 2968 2968 2968 2968 2968 2968 2968 2968 1934 1934 246 246 208 208 208 208 
246 246 208 208 208 208 262 262 392 392 732 732 352 352 286 286 394 394 712 712 386 386 574 574 458 458 492 492 520 520 846 846 688 688 422 422 1834 1834 336 336 414 414 2968 2968 2968 2968 2968 2968 370 370 2968 2968 2968 2968 2968 2968 512 512 2968 2968 2968 2968 2968 2968 738 738 2968 2968 1364 1364 276 276 254 254 208 208 520 520 
208 208 262 262 246 246 750 750 318 318 762 762 356 356 518 518 340 340 508 508 650 650 490 490 1068 1068 596 596 404 404 306 306 1978 1978 604 604 300 300 604 604 2968 2968 2968 2968 2968 2968 584 584 2968 2968 2968 2968 2968 2968 270 270 358 358 718 718 254 254 208 208 658 658 246 246 208 208 208 208 
246 246 208 208 208 208 262 262 490 490 380 380 756 756 380 380 432 432 662 662 658 658 422 422 344 344 638 638 344 344 1172 1172 294 294 728 728 318 318 2152 2152 362 362 446 446 2968 2968 2968 2968 2968 2968 422 422 2968 2968 2220 2220 586 586 312 312 254 254 208 208 700 700 262 262 252 252 462 462 292 292 484 484 392 392 348 348 254 254 404 404 388 388 468 468 270 270 786 786 590 590 1828 1828 290 290 254 254 208 208 476 476 
208 208 262 262 484 484 276 276 308 308 318 318 522 522 446 446 314 314 386 386 746 746 620 620 362 362 376 376 1194 1194 418 418 556 556 1732 1732 490 490 2968 2968 2968 2968 2968 2968 766 766 2968 2968 2968 2968 2968 2968 336 336 2546 2546 690 690 254 254 208 208 304 304 
246 246 208 208 208 208 208 208 262 262 432 432 670 670 536 536 504 504 504 504 382 382 608 608 436 436 508 508 320 320 398 398 558 558 990 990 712 712 384 384 1796 1796 580 580 670 670 2968 2968 2968 2968 2906 2906 618 618 430 430 254 254 208 208 616 616 246 246 208 208 
208 208 262 262 254 254 428 428 332 332 478 478 428 428 352 352 354 354 632 632 484 484 634 634 520 520 338 338 690 690 926 926 546 546 520 520 1874 1874 786 786 634 634 2968 2968 2968 2968 2968 2968 462 462 2968 2968 2968 2968 2900 2900 382 382 530 530 254 254 208 208 500 500 
208 208 262 262 456 456 558 558 558 558 618 618 608 608 682 682 586 586 366 366 478 478 736 736 328 328 246 246 208 208 208 208 686 686 500 500 414 414 1066 1066 492 492 2150 2150 752 752 404 404 2968 2968 2968 2968 2968 2968 436 436 2968 2968 2968 2968 2968 2968 570 570 2968 2968 2968 2968 2968 2968 660 660 2968 2968 2968 2968 2968 2968 358 358 2968 2968 2968 2968 2968 2968 538 538 886 886 462 462 254 254 208 208 680 680 246 246 208 208 
208 208 262 262 288 288 262 262 522 522 630 630 516 516 312 312 302 302 334 334 612 612 346 346 720 720 896 896 582 582 322 322 328 328 2018 2018 774 774 716 716 2968 2968 2968 2968 2836 2836 540 540 448 448 254 254 208 208 496 496 
208 208 262 262 426 426 504 504 448 448 334 334 362 362 742 742 474 474 516 516 396 396 462 462 698 698 288 288 494 494 1232 1232 704 704 2200 2200 772 772 700 700 2968 2968 2968 2968 2968 2968 388 388 2968 2968 2406 2406 420 420 656 656 254 254 208 208 416 416 262 262 678 678 712 712 590 590 498 498 676 676 340 340 246 246 208 208 208 208 730 730 578 578 516 516 558 558 480 480 568 568 664 664 1526 1526 336 336 254 254 208 208 480 480 246 246 208 208 
208 208 262 262 496 496 628 628 444 444 756 756 538 538 400 400 504 504 458 458 266 266 632 632 300 300 1116 1116 694 694 726 726 570 570 1868 1868 810 810 582 582 2968 2968 2968 2968 2968 2968 368 368 2968 2968 2968 2968 2968 2968 718 718 2968 2968 2968 2968 2968 2968 746 746 2968 2968 1854 1854 288 288 208 208 254 254 
208 208 262 262 432 432 736 736 754 754 794 794 776 776 338 338 498 498 546 546 420 420 346 346 636 636 592 592 932 932 592 592 438 438 1886 1886 476 476 2968 2968 2968 2968 2968 2968 678 678 2968 2968 2968 2968 2968 2968 230 230 446 446 466 466 254 254 208 208 690 690 246 246 208 208 208 208 
246 246 208 208 208 208 262 262 618 618 544 544 544 544 604 604 722 722 662 662 392 392 662 662 458 458 404 404 580 580 706 706 1006 1006 328 328 584 584 268 268 1820 1820 574 574 624 624 2968 2968 2968 2968 2968 2968 728 728 2968 2968 2968 2968 2968 2968 476 476 2968 2968 2968 2968 2968 2968 750 750 2968 2968 2968 2968 2968 2968 2968 2968 2968 2968 2968 2968 2040 2040 
208 208 262 262 532 532 590 590 502 502 422 422 722 722 418 418 350 350 276 276 716 716 528 528 546 546 1204 1204 252 252 306 306 2002 2002 506 506 2968 2968 2968 2968 2968 2968 858 858 2968 2968 2968 2968 2968 2968 452 452 2796 2796 530 530 936 936 
246 246 208 208 208 208 246 246 208 208 208 208 262 262 606 606 384 384 502 502 386 386 512 512 710 710 658 658 576 576 412 412 444 444 632 632 356 356 1008 1008 512 512 694 694 1888 1888 710 710 672 672 2968 2968 2968 2968 2968 2968 342 342 2968 2968 2968 2968 2968 2968 710 710 2968 2968 856 856 270 270 254 254 208 208 634 634 
208 208 262 262 436 436 520 520 330 330 786 786 512 512 354 354 326 326 406 406 552 552 768 768 512 512 268 268 1000 1000 540 540 2172 2172 340 340 616 616 2968 2968 2968 2968 2968 2968 530 530 2968 2968 2968 2968 2968 2968 472 472 2968 2968 2968 2968 2968 2968 762 762 2968 2968 1486 1486 780 780 208 208 254 254 
246 246 208 208 208 208 208 208 652 652 476 476 366 366 666 666 454 454 342 342 528 528 628 628 688 688 482 482 544 544 342 342 308 308 580 580 1000 1000 386 386 246 246 208 208 270 270 1722 1722 680 680 460 460 2968 2968 2968 2968 2968 2968 278 278 498 498 274 274 208 208 472 472 
208 208 262 262 532 532 520 520 296 296 300 300 776 776 328 328 334 334 704 704 598 598 438 438 324 324 662 662 782 782 630 630 230 230 1700 1700 662 662 2968 2968 2968 2968 2968 2968 512 512 2968 2968 2968 2968 2968 2968 618 618 1568 1568 654 654 208 208 254 254 
208 208 262 262 700 700 418 418 538 538 352 352 484 484 412 412 524 524 698 698 672 672 578 578 430 430 286 286 276 276 846 846 652 652 2042 2042 354 354 698 698 2968 2968 2968 2968 2968 2968 398 398 2968 2968 2968 2968 2968 2968 378 378 2434 2434 678 678 208 208 254 254 246 246 208 208 208 208 246 246 208 208 
208 208 262 262 378 378 422 422 682 682 732 732 720 720 252 252 238 238 250 250 546 546 372 372 278 278 1106 1106 512 512 590 590 468 468 1918 1918 554 554 620 620 2968 2968 2968 2968 2968 2968 648 648 2968 2968 2968 2968 2968 2968 478 478 2968 2968 286 286 702 702 208 208 254 254 
208 208 262 262 246 246 628 628 380 380 514 514 708 708 558 558 492 492 384 384 346 346 520 520 358 358 1022 1022 486 486 600 600 636 636 2232 2232 674 674 352 352 2968 2968 2968 2968 2968 2968 446 446 2968 2968 2968 2968 2968 2968 514 514 2968 2968 2968 2968 2968 2968 758 758 2968 2968 2968 2968 2968 2968 670 670 2968 2968 1576 1576 330 330 208 208 246 246 208 208 246 246 208 208 
208 208 262 262 552 552 550 550 270 270 326 326 654 654 264 264 402 402 514 514 716 716 386 386 498 498 308 308 842 842 618 618 300 300 1864 1864 654 654 2968 2968 2968 2968 2968 2968 662 662 2968 2968 2968 2968 2968 2968 480 480 1312 1312 662 662 254 254 208 208 414 414 
208 208 262 262 328 328 378 378 690 690 380 380 624 624 608 608 602 602 600 600 280 280 398 398 324 324 622 622 1008 1008 354 354 400 400 708 708 1982 1982 376 376 790 790 2968 2968 2968 2968 2968 2968 408 408 2968 2968 2968 2968 2968 2968 512 512 2968 2968 2968 2968 2968 2968 640 640 2968 2968 1134 1134 388 388 208 208 254 254 246 246 208 208 208 208 
246 246 208 208 208 208 262 262 728 728 654 654 610 610 624 624 528 528 526 526 640 640 700 700 642 642 720 720 356 356 1250 1250 580 580 716 716 358 358 2084 2084 354 354 340 340 2968 2968 2968 2968 2968 2968 420 420 2968 2968 2968 2968 2968 2968 472 472 2968 2968 2968 2968 2968 2968 648 648 2968 2968 2968 2968 2968 2968 742 742 2968 2968 2968 2968 2968 2968 1128 1128 640 640 
208 208 262 262 468 468 436 436 436 436 546 546 270 270 788 788 426 426 698 698 318 318 648 648 510 510 362 362 404 404 618 618 288 288 1120 1120 486 486 1732 1732 660 660 496 496 2968 2968 2968 2968 2968 2968 800 800 2968 2968 2968 2968 2968 2968 550 550 318 318 332 332 432 432 254 254 208 208 460 460 
246 246 208 208 208 208 246 246 208 208 208 208 262 262 466 466 276 276 612 612 438 438 578 578 544 544 484 484 578 578 628 628 754 754 630 630 576 576 972 972 566 566 1932 1932 786 786 2968 2968 2968 2968 2968 2968 602 602 2968 2968 2034 2034 594 594 226 226 254 254 208 208 506 506 262 262 298 298 472 472 476 476 234 234 468 468 332 332 398 398 684 684 394 394 266 266 684 684 568 568 706 706 1740 1740 458 458 254 254 208 208 644 644 
208 208 262 262 564 564 570 570 650 650 508 508 438 438 594 594 388 388 678 678 294 294 450 450 648 648 516 516 810 810 346 346 586 586 2050 2050 466 466 368 368 2968 2968 2968 2968 2968 2968 340 340 2968 2968 2968 2968 2968 2968 374 374 2968 2968 2968 2968 2968 2968 614 614 2968 2968 1218 1218 650 650 672 672 208 208 254 254 
246 246 208 208 208 208 208 208 262 262 538 538 516 516 422 422 682 682 722 722 322 322 458 458 494 494 366 366 774 774 330 330 762 762 932 932 500 500 528 528 1730 1730 672 672 624 624 2968 2968 2968 2968 2896 2896 336 336 254 254 208 208 294 294 246 246 208 208 
208 208 262 262 604 604 464 464 540 540 750 750 332 332 362 362 400 400 668 668 616 616 390 390 656 656 488 488 242 242 1278 1278 306 306 2132 2132 332 332 478 478 2968 2968 2968 2968 2968 2968 2968 2968 2968 2968 2968 2968 326 326 334 334 254 254 208 208 406 406 
208 208 262 262 518 518 322 322 458 458 672 672 460 460 668 668 342 342 444 444 408 408 570 570 536 536 356 356 1204 1204 704 704 428 428 1700 1700 404 404 382 382 2968 2968 2968 2968 2968 2968 560 560 2968 2968 2968 2968 2968 2968 762 762 2968 2968 456 456 362 362 502 502 254 254 208 208 238 238 246 246 208 208 208 208 246 246 208 208 
208 208 262 262 580 580 248 248 514 514 348 348 336 336 270 270 666 666 624 624 508 508 350 350 416 416 698 698 1036 1036 494 494 486 486 1752 1752 756 756 670 670 2968 2968 2968 2968 2968 2968 416 416 2968 2968 2968 2968 2968 2968 596 596 2968 2968 2968 2968 2968 2968 448 448 2968 2968 1456 1456 388 388 208 208 254 254 
208 208 262 262 634 634 582 582 582 582 272 272 460 460 600 600 692 692 616 616 624 624 476 476 440 440 324 324 280 280 606 606 1200 1200 634 634 2220 2220 636 636 424 424 2968 2968 2968 2968 2968 2968 802 802 2968 2968 2968 2968 2968 2968 762 762 2968 2968 2968 2968 2968 2968 298 298 2968 2968 2968 2968 2968 2968 608 608 2968 2968 1112 1112 308 308 254 254 208 208 548 548 246 246 208 208 208 208 246 246 208 208 
208 208 262 262 314 314 402 402 654 654 410 410 694 694 276 276 542 542 540 540 512 512 466 466 592 592 342 342 590 590 648 648 1232 1232 604 604 1826 1826 662 662 394 394 2968 2968 2968 2968 2968 2968 286 286 2968 2968 2968 2968 2968 2968 474 474 1384 1384 576 576 208 208 254 254 
208 208 262 262 430 430 398 398 660 660 562 562 338 338 402 402 426 426 492 492 472 472 450 450 668 668 730 730 484 484 932 932 590 590 700 700 2094 2094 340 340 732 732 2968 2968 2968 2968 2968 2968 634 634 2968 2968 2110 2110 710 710 222 222 254 254 208 208 356 356 262 262 322 322 658 658 444 444 648 648 458 458 522 522 470 470 324 324 358 358 564 564 564 564 732 732 780 780 522 522 1386 1386 660 660 254 254 208 208 652 652 246 246 208 208 208 208 
246 246 208 208 208 208 208 208 262 262 496 496 338 338 482 482 538 538 466 466 472 472 528 528 444 444 656 656 746 746 604 604 492 492 1128 1128 406 406 552 552 1984 1984 500 500 746 746 334 334 2968 2968 2968 2968 2968 2968 712 712 2968 2968 2968 2968 2968 2968 722 722 2968 2968 2968 2968 2968 2968 670 670 2968 2968 2968 2968 2968 2968 736 736 2968 2968 2968 2968 2968 2968 720 720 696 696 208 208 254 254 254 254 
208 208 262 262 542 542 414 414 424 424 302 302 380 380 484 484 270 270 270 270 486 486 764 764 446 446 678 678 334 334 1170 1170 324 324 506 506 2024 2024 706 706 512 512 2968 2968 2968 2968 2968 2968 594 594 2968 2968 2968 2968 2968 2968 378 378 2968 2968 276 276 254 254 652 652 254 254 208 208 722 722 
208 208 246 246 208 208 246 246 208 208 208 208 262 262 500 500 472 472 766 766 698 698 602 602 738 738 370 370 534 534 506 506 520 520 628 628 370 370 1028 1028 334 334 1910 1910 514 514 738 738 2968 2968 2968 2968 2968 2968 528 528 2968 2968 2968 2968 2862 2862 760 760 208 208 254 254 
208 208 262 262 412 412 682 682 664 664 438 438 354 354 262 262 552 552 390 390 394 394 452 452 484 484 484 484 306 306 614 614 1078 1078 466 466 266 266 2090 2090 466 466 2968 2968 2968 2968 2968 2968 472 472 2968 2968 2968 2968 2968 2968 348 348 2968 2968 2968 2968 2968 2968 468 468 2968 2968 1392 1392 724 724 208 208 254 254 
246 246 208 208 208 208 208 208 262 262 546 546 326 326 298 298 484 484 674 674 326 326 314 314 648 648 412 412 704 704 498 498 286 286 942 942 620 620 2028 2028 590 590 648 648 2968 2968 2968 2968 2968 2968 464 464 2968 2968 1996 1996 394 394 254 254 208 208 646 646 262 262 388 388 450 450 328 328 246 246 208 208 328 328 266 266 680 680 606 606 576 576 496 496 358 358 470 470 588 588 284 284 626 626 1766 1766 318 318 254 254 208 208 548 548 
208 208 262 262 322 322 352 352 692 692 494 494 536 536 644 644 650 650 716 716 530 530 494 494 384 384 496 496 256 256 1146 1146 390 390 1716 1716 518 518 598 598 2968 2968 2968 2968 2968 2968 422 422 2968 2968 2968 2968 2968 2968 732 732 1572 1572 698 698 726 726 254 254 208 208 606 606 
208 208 628 628 410 410 570 570 570 570 622 622 404 404 740 740 748 748 652 652 694 694 458 458 434 434 372 372 442 442 986 986 594 594 718 718 622 622 1812 1812 592 592 510 510 2968 2968 2968 2968 2968 2968 480 480 2968 2968 2968 2968 2968 2968 574 574 324 324 274 274 208 208 446 446 246 246 208 208 208 208 246 246 208 208 
208 208 262 262 322 322 518 518 498 498 732 732 324 324 308 308 728 728 544 544 628 628 640 640 680 680 348 348 576 576 1230 1230 510 510 1670 1670 364 364 466 466 2968 2968 2968 2968 2968 2968 656 656 2968 2968 2968 2968 2968 2968 310 310 2848 2848 594 594 208 208 254 254 
208 208 262 262 456 456 558 558 646 646 792 792 514 514 560 560 320 320 300 300 284 284 756 756 418 418 418 418 380 380 442 442 884 884 376 376 300 300 2162 2162 458 458 628 628 2968 2968 2968 2968 2968 2968 644 644 2968 2968 2968 2968 2968 2968 534 534 2968 2968 2968 2968 2968 2968 2968 2968 2032 2032 464 464 660 660 278 278 254 254 208 208 264 264 246 246 208 208 208 208 246 246 208 208 
208 208 262 262 622 622 350 350 596 596 584 584 680 680 714 714 540 540 278 278 720 720 428 428 500 500 346 346 1122 1122 302 302 354 354 1842 1842 670 670 670 670 2968 2968 2968 2968 2968 2968 310 310 456 456 220 220 254 254 208 208 500 500 
208 208 262 262 476 476 412 412 276 276 296 296 358 358 572 572 252 252 746 746 548 548 706 706 666 666 574 574 330 330 1026 1026 530 530 656 656 1970 1970 624 624 446 446 2968 2968 2968 2968 2968 2968 456 456 2968 2968 2968 2968 2920 2920 574 574 596 596 254 254 208 208 578 578 246 246 208 208 208 208 
246 246 208 208 208 208 262 262 266 266 442 442 716 716 792 792 462 462 342 342 690 690 540 540 366 366 392 392 518 518 474 474 1114 1114 610 610 310 310 1804 1804 558 558 740 740 2968 2968 2968 2968 2968 2968 660 660 2968 2968 2968 2968 2968 2968 652 652 2968 2968 2968 2968 2968 2968 2968 2968 656 656 2244 2244 
208 208 262 262 274 274 302 302 302 302 662 662 434 434 650 650 594 594 516 516 642 642 616 616 426 426 280 280 416 416 578 578 882 882 238 238 1696 1696 714 714 712 712 2968 2968 2968 2968 2968 2968 542 542 2968 2968 2394 2394 418 418 254 254 208 208 584 584 262 262 266 266 602 602 262 262 630 630 246 246 416 416 606 606 312 312 636 636 384 384 368 368 456 456 744 744 676 676 394 394 1454 1454 646 646 254 254 208 208 660 660 
246 246 208 208 222 222 208 208 208 208 208 208 262 262 438 438 280 280 280 280 480 480 486 486 598 598 470 470 2968 2968 2968 2968 2894 2894 344 344 724 724 736 736 228 228 664 664 358 358 326 326 208 208 2968 2968 2968 2968 2898 2898 704 704 228 228 766 766 592 592 208 208 396 396 308 308 704 704 328 328 920 920 476 476 2082 2082 400 400 602 602 2968 2968 2968 2968 2968 2968 772 772 2968 2968 2968 2968 2968 2968 390 390 2968 2968 2968 2968 2968 2968 408 408 2968 2968 1574 1574 406 406 254 254 208 208 242 242 
208 208 262 262 618 618 570 570 642 642 572 572 548 548 656 656 442 442 766 766 398 398 634 634 398 398 892 892 592 592 708 708 1656 1656 364 364 2968 2968 2968 2968 2968 2968 512 512 2968 2968 2968 2968 2968 2968 434 434 2454 2454 618 618 510 510 254 254 208 208 300 300 
208 208 262 262 720 720 454 454 488 488 246 246 208 208 208 208 660 660 636 636 592 592 488 488 672 672 688 688 630 630 364 364 608 608 558 558 1238 1238 718 718 1814 1814 700 700 354 354 2968 2968 2968 2968 2774 2774 506 506 246 246 254 254 208 208 514 514 246 246 208 208 
208 208 262 262 498 498 350 350 280 280 786 786 530 530 696 696 674 674 456 456 248 248 544 544 432 432 538 538 964 964 454 454 448 448 1802 1802 372 372 784 784 2968 2968 2968 2968 2968 2968 412 412 2968 2968 2968 2968 2968 2968 672 672 2968 2968 2968 2968 2968 2968 2968 2968 2968 2968 2968 2968 2968 2968 2230 2230 
208 208 208 208 262 262 578 578 730 730 208 208 208 208 312 312 334 334 330 330 460 460 374 374 374 374 302 302 626 626 442 442 254 254 828 828 392 392 1728 1728 726 726 352 352 626 626 2968 2968 2968 2968 2968 2968 370 370 2968 2968 2968 2968 2968 2968 726 726 2968 2968 2968 2968 2968 2968 512 512 2968 2968 2194 2194 370 370 538 538 254 254 208 208 280 280 246 246 208 208 208 208 246 246 208 208 
208 208 262 262 282 282 580 580 278 278 666 666 354 354 280 280 356 356 276 276 264 264 466 466 720 720 492 492 676 676 892 892 306 306 2026 2026 414 414 2968 2968 2968 2968 2968 2968 2968 2968 2968 2968 2968 2968 1698 1698 568 568 254 254 208 208 262 262 
208 208 262 262 686 686 414 414 488 488 682 682 730 730 672 672 378 378 536 536 468 468 674 674 554 554 742 742 470 470 1132 1132 330 330 1860 1860 436 436 398 398 2968 2968 2968 2968 2968 2968 600 600 2968 2968 2356 2356 734 734 588 588 254 254 208 208 454 454 262 262 678 678 688 688 462 462 388 388 586 586 606 606 250 250 700 700 610 610 208 208 246 246 208 208 250 250 506 506 606 606 318 318 1638 1638 480 480 254 254 208 208 294 294 
246 246 208 208 208 208 262 262 538 538 662 662 662 662 602 602 596 596 454 454 280 280 430 430 496 496 730 730 334 334 540 540 394 394 278 278 1224 1224 670 670 642 642 2110 2110 336 336 626 626 2968 2968 2968 2968 2968 2968 300 300 2968 2968 2968 2968 2968 2968 594 594 2968 2968 352 352 208 208 254 254 
208 208 262 262 540 540 536 536 542 542 562 562 618 618 366 366 364 364 440 440 734 734 646 646 418 418 454 454 1278 1278 552 552 278 278 1774 1774 528 528 688 688 2968 2968 2968 2968 2968 2968 724 724 2968 2968 2968 2968 2968 2968 734 734 2968 2968 2968 2968 2968 2968 402 402 2968 2968 2530 2530 246 246 208 208 208 208 
246 246 208 208 242 242 208 208 262 262 622 622 644 644 488 488 376 376 424 424 454 454 538 538 718 718 678 678 366 366 250 250 654 654 566 566 1144 1144 380 380 1792 1792 660 660 594 594 2968 2968 2968 2968 2968 2968 618 618 2968 2968 2968 2968 2968 2968 536 536 2968 2968 2968 2968 2968 2968 430 430 2968 2968 1272 1272 394 394 254 254 208 208 562 562 
208 208 262 262 272 272 498 498 590 590 404 404 514 514 284 284 340 340 604 604 626 626 438 438 736 736 954 954 330 330 1882 1882 758 758 2968 2968 2968 2968 2968 2968 818 818 2968 2968 2968 2968 2968 2968 778 778 2968 2968 2968 2968 2968 2968 364 364 2968 2968 2968 2968 2968 2968 502 502 2968 2968 1054 1054 1054 1054 266 266 254 254 208 208 494 494 
246 246 208 208 208 208 208 208 262 262 272 272 740 740 726 726 352 352 726 726 660 660 430 430 276 276 402 402 364 364 246 246 208 208 428 428 1046 1046 320 320 700 700 1816 1816 714 714 336 336 2968 2968 2968 2968 2948 2948 466 466 254 254 208 208 338 338 
208 208 262 262 548 548 420 420 538 538 446 446 742 742 300 300 382 382 298 298 640 640 582 582 556 556 570 570 586 586 586 586 1254 1254 550 550 2186 2186 590 590 674 674 2968 2968 2968 2968 2968 2968 580 580 2968 2968 2968 2968 2968 2968 652 652 2968 2968 2968 2968 2968 2968 468 468 2968 2968 2240 2240 586 586 366 366 254 254 208 208 378 378 
208 208 208 208 262 262 422 422 284 284 246 246 208 208 208 208 208 208 456 456 750 750 288 288 664 664 530 530 458 458 584 584 298 298 730 730 330 330 1120 1120 586 586 1854 1854 708 708 2968 2968 2968 2968 2968 2968 422 422 2968 2968 2968 2968 2968 2968 744 744 1464 1464 410 410 328 328 208 208 254 254 246 246 208 208 
208 208 262 262 648 648 496 496 474 474 422 422 310 310 474 474 340 340 524 524 294 294 530 530 340 340 504 504 638 638 494 494 1032 1032 610 610 1864 1864 492 492 394 394 2968 2968 2968 2968 2968 2968 454 454 2968 2968 2968 2968 2968 2968 306 306 2968 2968 2968 2968 2968 2968 716 716 2968 2968 1594 1594 796 796 
208 208 262 262 318 318 602 602 404 404 414 414 450 450 632 632 254 254 554 554 576 576 486 486 386 386 842 842 650 650 458 458 570 570 2048 2048 784 784 2968 2968 2968 2968 2968 2968 482 482 2968 2968 2968 2968 2968 2968 450 450 2594 2594 618 618 254 254 208 208 586 586 246 246 208 208 208 208 246 246 208 208 
208 208 262 262 694 694 248 248 286 286 436 436 654 654 576 576 646 646 682 682 350 350 430 430 384 384 376 376 300 300 862 862 562 562 2002 2002 690 690 388 388 364 364 2968 2968 2968 2968 2968 2968 794 794 2968 2968 2968 2968 2968 2968 844 844 2968 2968 682 682 584 584 596 596 254 254 208 208 670 670 
208 208 262 262 702 702 276 276 542 542 290 290 384 384 632 632 528 528 484 484 446 446 610 610 702 702 334 334 370 370 1156 1156 632 632 1778 1778 418 418 550 550 2968 2968 2968 2968 2822 2822 466 466 418 418 254 254 208 208 666 666 246 246 208 208 208 208 
246 246 208 208 208 208 628 628 262 262 306 306 306 306 570 570 372 372 296 296 252 252 578 578 642 642 420 420 502 502 578 578 432 432 1276 1276 526 526 452 452 1620 1620 504 504 344 344 2968 2968 2968 2968 2968 2968 762 762 2968 2968 2968 2968 2968 2968 828 828 1816 1816 562 562 
208 208 262 262 636 636 278 278 462 462 438 438 422 422 556 556 538 538 628 628 608 608 270 270 564 564 644 644 1116 1116 322 322 1918 1918 606 606 726 726 2968 2968 2968 2968 2968 2968 792 792 2968 2968 2968 2968 2968 2968 558 558 2968 2968 2968 2968 2968 2968 768 768 2968 2968 2968 2968 2968 2968 454 454 2968 2968 2968 2968 2968 2968 722 722 862 862 208 208 254 254 
208 208 246 246 208 208 246 246 208 208 208 208 262 262 334 334 602 602 606 606 754 754 288 288 578 578 682 682 698 698 450 450 348 348 498 498 1174 1174 464 464 278 278 1722 1722 454 454 690 690 2968 2968 2968 2968 2968 2968 740 740 2968 2968 2968 2968 2772 2772 716 716 646 646 254 254 208 208 264 264 
208 208 262 262 708 708 730 730 698 698 428 428 760 760 574 574 326 326 540 540 408 408 564 564 516 516 758 758 540 540 690 690 294 294 2060 2060 742 742 484 484 2968 2968 2968 2968 2968 2968 364 364 2968 2968 2968 2968 2968 2968 2968 2968 850 850 454 454 574 574 
246 246 208 208 208 208 208 208 262 262 742 742 752 752 644 644 410 410 738 738 358 358 510 510 334 334 630 630 584 584 714 714 370 370 734 734 1184 1184 682 682 284 284 2062 2062 246 246 208 208 582 582 806 806 2968 2968 2968 2968 2968 2968 396 396 2968 2968 2968 2968 2968 2968 640 640 1474 1474 510 510 254 254 208 208 560 560 
208 208 262 262 566 566 270 270 542 542 406 406 528 528 424 424 256 256 562 562 396 396 624 624 504 504 302 302 808 808 558 558 652 652 1742 1742 808 808 2968 2968 2968 2968 2968 2968 720 720 2968 2968 2968 2968 2968 2968 404 404 2968 2968 2968 2968 2968 2968 518 518 2968 2968 2260 2260 
208 208 262 262 670 670 528 528 536 536 514 514 374 374 482 482 368 368 632 632 706 706 692 692 574 574 548 548 654 654 868 868 638 638 2064 2064 506 506 528 528 2968 2968 2968 2968 2968 2968 376 376 2968 2968 2968 2968 2968 2968 2968 2968 342 342 1066 1066 246 246 208 208 208 208 246 246 208 208 
208 208 262 262 262 262 646 646 646 646 292 292 554 554 358 358 686 686 720 720 576 576 304 304 480 480 538 538 374 374 1152 1152 394 394 564 564 2028 2028 340 340 606 606 2968 2968 2968 2968 2968 2968 352 352 2968 2968 2968 2968 2968 2968 462 462 2968 2968 2968 2968 2968 2968 314 314 2968 2968 1424 1424 942 942 
208 208 262 262 332 332 338 338 338 338 452 452 392 392 774 774 688 688 364 364 466 466 466 466 368 368 420 420 636 636 926 926 592 592 662 662 2068 2068 508 508 444 444 2968 2968 2968 2968 2968 2968 434 434 2968 2968 2968 2968 2968 2968 748 748 2968 2968 542 542 490 490 492 492 208 208 254 254 208 208 246 246 208 208 246 246 208 208 
208 208 262 262 656 656 302 302 394 394 298 298 618 618 690 690 664 664 362 362 466 466 398 398 644 644 708 708 1180 1180 572 572 384 384 1892 1892 640 640 724 724 2968 2968 2968 2968 2968 2968 784 784 2968 2968 2968 2968 2968 2968 288 288 2968 2968 2968 2968 2968 2968 538 538 2968 2968 2056 2056 254 254 208 208 330 330 
208 208 262 262 402 402 380 380 404 404 720 720 436 436 590 590 682 682 708 708 404 404 314 314 276 276 1260 1260 432 432 544 544 1764 1764 576 576 750 750 394 394 2968 2968 2968 2968 2968 2968 370 370 2968 2968 2968 2968 2968 2968 718 718 2968 2968 2968 2968 2968 2968 504 504 2968 2968 2968 2968 2968 2968 502 502 2968 2968 1174 1174 246 246 254 254 208 208 568 568 246 246 208 208 208 208 
246 246 208 208 208 208 262 262 306 306 650 650 700 700 284 284 638 638 670 670 622 622 496 496 476 476 312 312 608 608 362 362 630 630 964 964 598 598 1730 1730 680 680 676 676 2968 2968 2968 2968 2714 2714 638 638 280 280 254 254 208 208 274 274 
208 208 262 262 654 654 450 450 450 450 376 376 726 726 492 492 392 392 594 594 714 714 446 446 726 726 712 712 882 882 320 320 514 514 622 622 2098 2098 366 366 344 344 2968 2968 2968 2968 2968 2968 378 378 2968 2968 2034 2034 342 342 300 300 254 254 208 208 596 596 262 262 340 340 266 266 446 446 708 708 546 546 640 640 502 502 566 566 634 634 662 662 332 332 414 414 408 408 382 382 332 332 1594 1594 544 544 254 254 208 208 504 504 
246 246 208 208 208 208 246 246 208 208 208 208 262 262 638 638 318 318 652 652 430 430 654 654 646 646 442 442 684 684 680 680 550 550 392 392 542 542 1138 1138 500 500 730 730 1932 1932 660 660 540 540 2968 2968 2968 2968 2968 2968 672 672 2968 2968 2968 2968 2968 2968 736 736 2968 2968 438 438 510 510 278 278 208 208 254 254 
208 208 262 262 488 488 538 538 640 640 726 726 556 556 678 678 506 506 456 456 332 332 340 340 616 616 424 424 1080 1080 752 752 740 740 230 230 730 730 2118 2118 658 658 620 620 2968 2968 2968 2968 2968 2968 424 424 2968 2968 2968 2968 2968 2968 398 398 2968 2968 2968 2968 2968 2968 816 816 2968 2968 1688 1688 208 208 254 254 
246 246 208 208 208 208 208 208 262 262 620 620 648 648 366 366 552 552 642 642 506 506 474 474 272 272 558 558 360 360 696 696 504 504 556 556 810 810 702 702 1690 1690 600 600 632 632 2968 2968 2968 2968 2968 2968 250 250 2968 2968 2968 2968 2968 2968 498 498 1370 1370 610 610 238 238 254 254 208 208 584 584 246 246 208 208 
208 208 262 262 232 232 628 628 316 316 402 402 378 378 304 304 246 246 310 310 418 418 538 538 352 352 706 706 556 556 1148 1148 638 638 2230 2230 628 628 2968 2968 2968 2968 2968 2968 632 632 2968 2968 2968 2968 2968 2968 376 376 2968 2968 2968 2968 2968 2968 358 358 2968 2968 2968 2968 2968 2968 2968 2968 1356 1356 254 254 208 208 532 532 
208 208 262 262 242 242 288 288 288 288 610 610 534 534 588 588 356 356 468 468 706 706 626 626 684 684 272 272 1124 1124 344 344 550 550 1752 1752 776 776 756 756 2968 2968 2968 2968 2968 2968 434 434 2968 2968 2968 2968 2968 2968 344 344 2968 2968 2968 2968 2968 2968 654 654 2968 2968 2158 2158 680 680 412 412 208 208 254 254 246 246 208 208 208 208 246 246 208 208 
208 208 262 262 632 632 410 410 668 668 330 330 428 428 332 332 418 418 408 408 256 256 516 516 624 624 504 504 796 796 690 690 320 320 2068 2068 462 462 456 456 2968 2968 2968 2968 2968 2968 698 698 2968 2968 2402 2402 244 244 230 230 254 254 208 208 666 666 262 262 442 442 414 414 438 438 600 600 726 726 514 514 496 496 424 424 310 310 538 538 576 576 702 702 358 358 1782 1782 572 572 254 254 208 208 390 390 
208 208 262 262 330 330 690 690 638 638 536 536 774 774 592 592 292 292 744 744 326 326 374 374 406 406 526 526 692 692 1240 1240 232 232 1712 1712 678 678 598 598 2968 2968 2968 2968 2706 2706 592 592 380 380 254 254 208 208 238 238 246 246 208 208 208 208 246 246 208 208 
208 208 262 262 442 442 286 286 434 434 346 346 594 594 406 406 724 724 492 492 564 564 694 694 720 720 458 458 728 728 1204 1204 442 442 380 380 2126 2126 602 602 572 572 2968 2968 2968 2968 2968 2968 248 248 2968 2968 2968 2968 2968 2968 406 406 1622 1622 740 740 208 208 254 254 
208 208 262 262 706 706 372 372 638 638 378 378 768 768 248 248 502 502 258 258 714 714 480 480 302 302 718 718 1080 1080 280 280 738 738 1754 1754 332 332 454 454 2968 2968 2968 2968 2968 2968 378 378 2968 2968 2968 2968 2968 2968 698 698 2968 2968 444 444 418 418 254 254 208 208 382 382 208 208 246 246 208 208 
246 246 208 208 208 208 262 262 420 420 450 450 450 450 494 494 286 286 740 740 566 566 666 666 508 508 732 732 366 366 466 466 566 566 468 468 946 946 622 622 340 340 1986 1986 346 346 346 346 2968 2968 2968 2968 2968 2968 766 766 2968 2968 2172 2172 388 388 366 366 254 254 208 208 434 434 262 262 568 568 674 674 342 342 440 440 686 686 624 624 594 594 610 610 620 620 400 400 694 694 658 658 340 340 1808 1808 722 722 254 254 208 208 618 618 
208 208 262 262 322 322 716 716 492 492 316 316 608 608 686 686 572 572 242 242 462 462 404 404 720 720 550 550 560 560 1042 1042 494 494 1900 1900 352 352 650 650 2968 2968 2968 2968 2968 2968 534 534 2968 2968 2968 2968 2968 2968 556 556 2968 2968 2968 2968 2968 2968 644 644 2968 2968 1952 1952 1952 1952 
246 246 208 208 208 208 246 246 208 208 208 208 628 628 588 588 640 640 538 538 704 704 494 494 396 396 508 508 492 492 730 730 376 376 762 762 478 478 1068 1068 602 602 596 596 506 506 2114 2114 756 756 2968 2968 2968 2968 2968 2968 924 924 2968 2968 2968 2968 2968 2968 234 234 634 634 316 316 274 274 208 208 698 698 
208 208 262 262 542 542 460 460 722 722 770 770 596 596 480 480 440 440 358 358 660 660 458 458 762 762 604 604 852 852 588 588 566 566 2052 2052 806 806 770 770 2968 2968 2968 2968 2968 2968 492 492 2968 2968 2968 2968 2968 2968 426 426 1510 1510 468 468 254 254 208 208 572 572 
246 246 208 208 208 208 208 208 262 262 596 596 730 730 606 606 720 720 550 550 566 566 456 456 612 612 676 676 626 626 504 504 466 466 624 624 794 794 352 352 496 496 444 444 1788 1788 2968 2968 1070 1070 2968 2968 702 702 2968 2968 2968 2968 1328 1328 2968 2968 670 670 2968 2968 466 466 392 392 600 600 254 254 208 208 688 688 246 246 208 208 
208 208 262 262 384 384 374 374 404 404 496 496 366 366 296 296 428 428 400 400 476 476 636 636 576 576 1094 1094 614 614 236 236 1746 1746 714 714 458 458 538 538 2968 2968 2968 2968 2968 2968 584 584 2968 2968 2968 2968 2968 2968 2968 2968 462 462 296 296 510 510 208 208 254 254 
208 208 262 262 434 434 426 426 320 320 402 402 656 656 406 406 352 352 314 314 486 486 534 534 338 338 876 876 402 402 338 338 1844 1844 474 474 2968 2968 2968 2968 2968 2968 876 876 2968 2968 2968 2968 2968 2968 438 438 2734 2734 690 690 714 714 254 254 208 208 602 602 246 246 208 208 208 208 246 246 208 208 
208 208 262 262 366 366 256 256 450 450 298 298 276 276 696 696 412 412 682 682 264 264 514 514 670 670 734 734 362 362 822 822 336 336 2008 2008 472 472 762 762 2968 2968 2968 2968 2968 2968 642 642 482 482 254 254 208 208 484 484 
208 208 262 262 526 526 614 614 282 282 410 410 422 422 386 386 378 378 422 422 290 290 452 452 732 732 952 952 368 368 322 322 1642 1642 726 726 664 664 2968 2968 2968 2968 2968 2968 640 640 2968 2968 2968 2968 2968 2968 314 314 362 362 222 222 254 254 208 208 380 380 246 246 208 208 208 208 208 208 246 246 208 208 
208 208 262 262 380 380 266 266 266 266 450 450 772 772 678 678 528 528 480 480 700 700 592 592 678 678 424 424 828 828 552 552 626 626 650 650 2138 2138 616 616 756 756 2968 2968 2968 2968 2968 2968 376 376 2968 2968 2968 2968 2968 2968 774 774 2968 2968 2968 2968 2968 2968 2968 2968 1296 1296 464 464 672 672 254 254 208 208 328 328 
208 208 262 262 330 330 322 322 734 734 350 350 442 442 372 372 432 432 418 418 344 344 534 534 378 378 536 536 1210 1210 726 726 300 300 1630 1630 454 454 372 372 2968 2968 2968 2968 2968 2968 482 482 2968 2968 2968 2968 2968 2968 576 576 1632 1632 272 272 492 492 254 254 208 208 706 706 246 246 208 208 208 208 
246 246 208 208 208 208 262 262 556 556 572 572 424 424 370 370 772 772 562 562 472 472 694 694 738 738 558 558 356 356 416 416 538 538 916 916 302 302 1778 1778 576 576 760 760 2968 2968 2968 2968 2968 2968 470 470 2968 2968 2968 2968 2968 2968 2968 2968 804 804 1112 1112 
208 208 262 262 232 232 564 564 642 642 494 494 490 490 644 644 548 548 548 548 434 434 296 296 392 392 746 746 1014 1014 440 440 336 336 1958 1958 384 384 544 544 2968 2968 2968 2968 2968 2968 582 582 2968 2968 2160 2160 414 414 674 674 254 254 208 208 670 670 262 262 572 572 312 312 536 536 714 714 660 660 734 734 572 572 424 424 546 546 442 442 490 490 480 480 702 702 1824 1824 298 298 254 254 208 208 506 506 
208 208 246 246 208 208 208 208 262 262 522 522 532 532 246 246 208 208 312 312 602 602 360 360 322 322 628 628 504 504 612 612 258 258 754 754 436 436 478 478 648 648 1156 1156 660 660 2228 2228 544 544 550 550 2968 2968 2968 2968 2968 2968 418 418 2968 2968 2968 2968 2968 2968 576 576 2968 2968 2968 2968 2968 2968 718 718 2968 2968 2968 2968 2968 2968 720 720 2968 2968 2968 2968 2968 2968 802 802 1036 1036 254 254 208 208 698 698 
208 208 262 262 694 694 276 276 276 276 338 338 610 610 612 612 538 538 556 556 386 386 614 614 648 648 670 670 710 710 1260 1260 310 310 330 330 1836 1836 794 794 474 474 2968 2968 2968 2968 2968 2968 580 580 2968 2968 2968 2968 2968 2968 438 438 1490 1490 382 382 208 208 254 254 
246 246 208 208 208 208 208 208 262 262 688 688 656 656 526 526 630 630 274 274 420 420 290 290 638 638 274 274 378 378 528 528 764 764 448 448 888 888 638 638 1896 1896 682 682 366 366 2968 2968 2968 2968 2968 2968 700 700 2968 2968 2968 2968 2968 2968 230 230 264 264 524 524 208 208 254 254 246 246 208 208 
208 208 262 262 444 444 572 572 670 670 308 308 632 632 722 722 336 336 410 410 376 376 558 558 258 258 422 422 802 802 330 330 656 656 2000 2000 492 492 712 712 2968 2968 2968 2968 2968 2968 668 668 2968 2968 2968 2968 2968 2968 386 386 2968 2968 702 702 368 368 254 254 208 208 580 580 
208 208 262 262 698 698 656 656 762 762 292 292 676 676 328 328 528 528 592 592 672 672 588 588 628 628 648 648 1178 1178 712 712 494 494 1916 1916 708 708 2968 2968 2968 2968 2968 2968 2968 2968 2968 2968 2968 2968 678 678 2968 2968 2968 2968 2968 2968 606 606 2968 2968 2968 2968 2968 2968 532 532 2968 2968 1204 1204 280 280 208 208 254 254 246 246 208 208 208 208 246 246 208 208 
208 208 262 262 634 634 646 646 482 482 390 390 464 464 560 560 600 600 646 646 250 250 724 724 412 412 590 590 1148 1148 586 586 496 496 2066 2066 666 666 748 748 2968 2968 2968 2968 2968 2968 792 792 2968 2968 2968 2968 2968 2968 644 644 2426 2426 666 666 336 336 254 254 208 208 440 440 
208 208 262 262 284 284 358 358 598 598 624 624 448 448 448 448 668 668 644 644 340 340 688 688 600 600 416 416 1260 1260 518 518 422 422 264 264 260 260 1874 1874 746 746 798 798 2968 2968 2968 2968 2968 2968 714 714 2968 2968 2968 2968 2968 2968 556 556 2968 2968 2968 2968 2968 2968 378 378 2968 2968 2268 2268 246 246 208 208 208 208 246 246 208 208 
208 208 262 262 482 482 722 722 610 610 588 588 422 422 572 572 256 256 478 478 228 228 758 758 312 312 586 586 746 746 912 912 474 474 2158 2158 428 428 2968 2968 2968 2968 2968 2968 564 564 2968 2968 2080 2080 484 484 342 342 254 254 208 208 688 688 262 262 656 656 276 276 372 372 704 704 572 572 422 422 736 736 352 352 312 312 350 350 412 412 554 554 456 456 1342 1342 464 464 254 254 208 208 628 628 
208 208 262 262 686 686 356 356 436 436 412 412 774 774 312 312 540 540 314 314 266 266 324 324 556 556 696 696 304 304 990 990 312 312 1918 1918 470 470 750 750 2968 2968 2968 2968 2968 2968 370 370 2968 2968 2968 2968 2968 2968 278 278 2968 2968 2968 2968 2968 2968 636 636 2968 2968 2968 2968 476 476 254 254 586 586 208 208 246 246 208 208 
246 246 208 208 208 208 262 262 530 530 452 452 732 732 370 370 638 638 486 486 320 320 270 270 704 704 336 336 578 578 1040 1040 334 334 438 438 2086 2086 322 322 340 340 656 656 2968 2968 2968 2968 2968 2968 474 474 2968 2968 2968 2968 2968 2968 496 496 2516 2516 720 720 436 436 254 254 208 208 280 280 
208 208 262 262 528 528 706 706 504 504 714 714 314 314 346 346 428 428 324 324 744 744 366 366 300 300 394 394 258 258 1136 1136 712 712 1916 1916 374 374 658 658 2968 2968 2968 2968 2968 2968 332 332 2968 2968 2968 2968 2968 2968 358 358 2968 2968 2968 2968 2968 2968 2968 2968 2968 2968 2968 2968 2968 2968 2968 2968 2968 2968 2272 2272 2968 2968 2968 2968 2870 2870 640 640 348 348 384 384 
246 246 208 208 208 208 208 208 262 262 442 442 732 732 626 626 518 518 342 342 602 602 462 462 528 528 620 620 246 246 208 208 334 334 712 712 436 436 1234 1234 514 514 1788 1788 436 436 2968 2968 2968 2968 2968 2968 2968 2968 2968 2968 2968 2968 808 808 2968 2968 2968 2968 2968 2968 332 332 2968 2968 1778 1778 
208 208 262 262 376 376 302 302 660 660 626 626 282 282 278 278 442 442 418 418 648 648 472 472 472 472 340 340 470 470 1170 1170 320 320 548 548 2088 2088 778 778 666 666 2968 2968 2968 2968 2968 2968 630 630 2968 2968 2968 2968 2968 2968 618 618 2968 2968 724 724 658 658 208 208 254 254 254 254 
208 208 262 262 708 708 310 310 760 760 442 442 208 208 246 246 208 208 500 500 284 284 208 208 480 480 410 410 422 422 466 466 496 496 296 296 364 364 944 944 364 364 2066 2066 772 772 400 400 2968 2968 2968 2968 2968 2968 702 702 2968 2968 2968 2968 2968 2968 430 430 2968 2968 2968 2968 2968 2968 654 654 2968 2968 2968 2968 2968 2968 738 738 2968 2968 1178 1178 682 682 254 254 208 208 408 408 436 436 228 228 766 766 592 592 208 208 246 246 208 208 
208 208 628 628 678 678 482 482 714 714 744 744 498 498 538 538 312 312 478 478 590 590 446 446 240 240 298 298 342 342 988 988 570 570 1988 1988 786 786 770 770 2968 2968 2968 2968 2650 2650 734 734 626 626 274 274 208 208 260 260 
208 208 262 262 550 550 438 438 300 300 382 382 616 616 740 740 704 704 436 436 676 676 696 696 728 728 508 508 462 462 1054 1054 660 660 1684 1684 554 554 422 422 2968 2968 2968 2968 2968 2968 624 624 2968 2968 2968 2968 2968 2968 598 598 2612 2612 434 434 692 692 254 254 208 208 648 648 208 208 246 246 208 208 326 326 208 208 
208 208 262 262 350 350 624 624 324 324 752 752 594 594 286 286 336 336 410 410 706 706 702 702 432 432 612 612 798 798 438 438 308 308 686 686 674 674 1678 1678 708 708 306 306 2968 2968 2968 2968 2968 2968 482 482 2968 2968 2968 2968 2968 2968 642 642 2968 2968 642 642 316 316 740 740 208 208 254 254 
208 208 262 262 326 326 546 546 546 546 664 664 704 704 584 584 532 532 646 646 440 440 516 516 582 582 626 626 598 598 740 740 852 852 498 498 2002 2002 312 312 2968 2968 2968 2968 2968 2968 940 940 2968 2968 2968 2968 2968 2968 290 290 2968 2968 2968 2968 2968 2968 762 762 2968 2968 1882 1882 570 570 208 208 246 246 208 208 246 246 208 208 
208 208 262 262 696 696 528 528 334 334 766 766 376 376 308 308 656 656 492 492 580 580 454 454 354 354 564 564 1190 1190 244 244 254 254 1908 1908 500 500 548 548 2968 2968 2968 2968 2968 2968 716 716 2968 2968 2968 2968 2968 2968 528 528 2968 2968 2968 2968 2968 2968 484 484 2968 2968 2968 2968 2968 2968 742 742 2968 2968 1354 1354 208 208 420 420 
2968 2968 2968 2968 1906 1906 2968 2968 2968 2968 1906 1906 1906 1906 1906 1906 640 640 228 228 640 640 228 228 628 628 636 636 634 634 410 410 384 384 444 444 534 534 294 294 550 550 632 632 668 668 546 546 716 716 1082 1082 268 268 584 584 2036 2036 746 746 764 764 2968 2968 2968 2968 2968 2968 430 430 2968 2968 2968 2968 2968 2968 654 654 2968 2968 2968 2968 2968 2968 492 492 2968 2968 1510 1510 208 208 274 274 246 246 208 208 208 208 
246 246 208 208 208 208 262 262 538 538 346 346 306 306 548 548 750 750 662 662 350 350 694 694 332 332 352 352 444 444 590 590 818 818 698 698 1794 1794 458 458 498 498 422 422 2968 2968 2968 2968 2968 2968 640 640 2968 2968 2108 2108 532 532 324 324 254 254 208 208 700 700 262 262 422 422 452 452 546 546 418 418 404 404 360 360 590 590 274 274 232 232 648 648 468 468 524 524 470 470 1684 1684 618 618 254 254 208 208 664 664 
208 208 262 262 742 742 652 652 300 300 486 486 630 630 660 660 576 576 326 326 684 684 396 396 640 640 588 588 478 478 1200 1200 572 572 1646 1646 378 378 442 442 2968 2968 2968 2968 2968 2968 642 642 438 438 254 254 208 208 708 708 
246 246 208 208 208 208 208 208 262 262 700 700 570 570 570 570 564 564 624 624 660 660 602 602 724 724 436 436 242 242 326 326 454 454 764 764 338 338 1174 1174 730 730 1686 1686 516 516 724 724 2968 2968 2968 2968 2968 2968 424 424 2968 2968 2968 2968 2968 2968 262 262 310 310 254 254 208 208 620 620 246 246 208 208 
208 208 262 262 616 616 522 522 522 522 286 286 286 286 528 528 726 726 416 416 632 632 426 426 692 692 598 598 450 450 930 930 326 326 364 364 434 434 1894 1894 716 716 648 648 2968 2968 2968 2968 2968 2968 526 526 2968 2968 2968 2968 2968 2968 626 626 2968 2968 2968 2968 2968 2968 514 514 2968 2968 2250 2250 744 744 
208 208 262 262 716 716 438 438 708 708 276 276 626 626 368 368 674 674 246 246 208 208 208 208 208 208 530 530 468 468 478 478 584 584 656 656 342 342 1286 1286 410 410 296 296 466 466 696 696 1794 1794 558 558 528 528 2968 2968 2968 2968 2968 2968 256 256 2968 2968 2968 2968 2968 2968 612 612 1474 1474 684 684 712 712 254 254 208 208 604 604 246 246 208 208 
208 208 262 262 706 706 528 528 478 478 732 732 708 708 528 528 728 728 302 302 598 598 714 714 240 240 742 742 896 896 274 274 576 576 720 720 256 256 2158 2158 688 688 570 570 2968 2968 2968 2968 2968 2968 460 460 2968 2968 2968 2968 2968 2968 774 774 2968 2968 576 576 534 534 208 208 254 254 
208 208 262 262 510 510 462 462 336 336 726 726 370 370 506 506 310 310 730 730 456 456 710 710 378 378 644 644 736 736 1274 1274 638 638 2110 2110 696 696 644 644 2968 2968 2968 2968 2968 2968 584 584 2968 2968 2418 2418 460 460 710 710 254 254 208 208 712 712 262 262 650 650 666 666 266 266 598 598 508 508 502 502 246 246 208 208 208 208 510 510 508 508 324 324 418 418 432 432 416 416 328 328 1782 1782 684 684 208 208 254 254 246 246 208 208 
208 208 262 262 296 296 678 678 674 674 494 494 354 354 626 626 504 504 632 632 616 616 658 658 536 536 598 598 1290 1290 418 418 252 252 1986 1986 302 302 2968 2968 2968 2968 2968 2968 606 606 2968 2968 2968 2968 2630 2630 580 580 236 236 254 254 208 208 576 576 
242 242 208 208 262 262 542 542 516 516 440 440 710 710 700 700 388 388 436 436 436 436 492 492 600 600 614 614 658 658 320 320 1256 1256 654 654 732 732 1684 1684 312 312 718 718 2968 2968 2968 2968 2908 2908 438 438 246 246 254 254 208 208 500 500 246 246 208 208 208 208 
246 246 208 208 208 208 262 262 704 704 484 484 750 750 718 718 458 458 476 476 268 268 348 348 272 272 464 464 272 272 600 600 654 654 896 896 482 482 2078 2078 778 778 368 368 2968 2968 2968 2968 2968 2968 590 590 2968 2968 2968 2968 2968 2968 2968 2968 2038 2038 
208 208 262 262 618 618 288 288 626 626 580 580 264 264 390 390 656 656 300 300 298 298 628 628 342 342 518 518 294 294 1106 1106 366 366 2152 2152 546 546 344 344 2968 2968 2968 2968 2968 2968 2968 2968 2968 2968 2968 2968 816 816 2968 2968 2968 2968 2968 2968 390 390 2968 2968 2968 2968 2968 2968 2968 2968 2968 2968 2968 2968 1420 1420 
246 246 208 208 208 208 246 246 208 208 208 208 262 262 338 338 308 308 756 756 710 710 494 494 498 498 382 382 752 752 606 606 748 748 292 292 692 692 852 852 450 450 240 240 1838 1838 550 550 770 770 2968 2968 2968 2968 2968 2968 586 586 2968 2968 2968 2968 2968 2968 746 746 2968 2968 2968 2968 2968 2968 688 688 2968 2968 1938 1938 
208 208 262 262 456 456 738 738 686 686 332 332 458 458 492 492 734 734 296 296 706 706 302 302 736 736 308 308 892 892 260 260 660 660 1848 1848 536 536 458 458 2968 2968 2968 2968 2968 2968 320 320 2968 2968 2968 2968 2968 2968 660 660 2968 2968 2968 2968 2968 2968 774 774 2968 2968 2968 2968 2968 2968 466 466 2968 2968 1508 1508 470 470 732 732 208 208 254 254 
246 246 208 208 208 208 208 208 262 262 638 638 392 392 554 554 700 700 772 772 260 260 748 748 312 312 490 490 246 246 208 208 556 556 552 552 690 690 1260 1260 342 342 526 526 1840 1840 416 416 338 338 2968 2968 2968 2968 2968 2968 772 772 2968 2968 2046 2046 218 218 254 254 208 208 276 276 262 262 554 554 426 426 404 404 466 466 772 772 716 716 276 276 582 582 600 600 258 258 250 250 664 664 634 634 850 850 314 314 1522 1522 264 264 254 254 208 208 696 696 
208 208 262 262 572 572 514 514 776 776 760 760 356 356 624 624 260 260 530 530 754 754 612 612 692 692 804 804 634 634 384 384 484 484 1856 1856 490 490 324 324 750 750 2968 2968 2968 2968 2968 2968 784 784 2968 2968 2968 2968 2968 2968 570 570 2674 2674 596 596 676 676 208 208 254 254 254 254 2968 2968 
246 246 208 208 208 208 208 208 262 262 362 362 362 362 460 460 754 754 528 528 722 722 530 530 476 476 564 564 300 300 484 484 682 682 1062 1062 520 520 542 542 1840 1840 740 740 614 614 2968 2968 2968 2968 2968 2968 312 312 2968 2968 2968 2968 2968 2968 566 566 2968 2968 668 668 328 328 254 254 208 208 560 560 246 246 208 208 
208 208 262 262 576 576 262 262 484 484 734 734 644 644 244 244 290 290 638 638 368 368 352 352 426 426 632 632 1282 1282 662 662 514 514 1614 1614 762 762 688 688 616 616 2968 2968 2968 2968 2706 2706 508 508 480 480 254 254 208 208 342 342 
208 208 262 262 486 486 596 596 696 696 488 488 450 450 512 512 438 438 270 270 248 248 348 348 684 684 510 510 308 308 1240 1240 740 740 1770 1770 530 530 306 306 736 736 2968 2968 2968 2968 2968 2968 736 736 2968 2968 2968 2968 2968 2968 456 456 2968 2968 2968 2968 2968 2968 652 652 2968 2968 1950 1950 208 208 254 254 246 246 208 208 208 208 246 246 208 208 
208 208 262 262 642 642 336 336 266 266 558 558 444 444 460 460 474 474 324 324 606 606 682 682 504 504 918 918 580 580 294 294 704 704 2072 2072 742 742 512 512 2968 2968 2968 2968 2968 2968 400 400 2968 2968 2968 2968 2968 2968 472 472 2968 2968 2968 2968 2968 2968 450 450 2968 2968 2968 2968 2968 2968 542 542 2968 2968 2968 2968 2968 2968 632 632 780 780 208 208 254 254 
208 208 262 262 612 612 434 434 434 434 560 560 696 696 464 464 506 506 506 506 552 552 586 586 650 650 426 426 530 530 684 684 1274 1274 664 664 690 690 1732 1732 766 766 686 686 2968 2968 2968 2968 2968 2968 716 716 2968 2968 2968 2968 2850 2850 556 556 292 292 208 208 254 254 246 246 208 208 208 208 246 246 208 208 
208 208 262 262 566 566 686 686 686 686 344 344 400 400 270 270 412 412 436 436 464 464 486 486 722 722 494 494 262 262 1094 1094 554 554 2012 2012 510 510 2968 2968 2968 2968 2968 2968 636 636 2968 2968 2968 2968 2968 2968 420 420 1590 1590 384 384 254 254 208 208 522 522 
208 208 262 262 484 484 310 310 310 310 496 496 612 612 482 482 406 406 482 482 536 536 396 396 442 442 622 622 408 408 676 676 1020 1020 530 530 1950 1950 420 420 390 390 2968 2968 2968 2968 2968 2968 450 450 2968 2968 2154 2154 716 716 254 254 208 208 338 338 262 262 568 568 688 688 438 438 350 350 532 532 462 462 520 520 700 700 234 234 326 326 658 658 770 770 476 476 1550 1550 270 270 254 254 208 208 262 262 208 208 246 246 208 208 
246 246 208 208 208 208 628 628 262 262 598 598 588 588 642 642 492 492 492 492 290 290 276 276 404 404 676 676 640 640 626 626 346 346 1068 1068 466 466 504 504 2176 2176 734 734 786 786 2968 2968 2968 2968 2968 2968 512 512 2968 2968 2968 2968 2968 2968 738 738 2968 2968 2968 2968 2968 2968 2968 2968 2682 2682 
208 208 262 262 566 566 592 592 680 680 662 662 468 468 434 434 276 276 644 644 560 560 662 662 502 502 736 736 340 340 670 670 810 810 538 538 1728 1728 392 392 662 662 2968 2968 2968 2968 2662 2662 656 656 420 420 254 254 208 208 526 526 
246 246 208 208 208 208 208 208 262 262 338 338 606 606 712 712 346 346 488 488 386 386 552 552 526 526 308 308 246 246 208 208 324 324 618 618 302 302 672 672 450 450 1002 1002 672 672 1972 1972 686 686 734 734 2968 2968 2968 2968 2968 2968 666 666 2968 2968 2968 2968 2968 2968 808 808 2968 2968 526 526 282 282 254 254 208 208 720 720 
208 208 262 262 434 434 516 516 384 384 650 650 546 546 658 658 276 276 330 330 454 454 454 454 364 364 486 486 430 430 1132 1132 518 518 1770 1770 680 680 340 340 2968 2968 2968 2968 2968 2968 520 520 2968 2968 2968 2968 2968 2968 636 636 2968 2968 2968 2968 2968 2968 314 314 2968 2968 2968 2968 2968 2968 2968 2968 2968 2968 2968 2968 826 826 1432 1432 252 252 254 254 208 208 598 598 
208 208 262 262 416 416 736 736 324 324 554 554 268 268 730 730 246 246 208 208 208 208 602 602 370 370 394 394 452 452 278 278 720 720 292 292 1030 1030 550 550 1760 1760 650 650 340 340 2968 2968 2968 2968 2968 2968 612 612 2968 2968 2968 2968 2826 2826 370 370 648 648 254 254 208 208 246 246 246 246 208 208 
208 208 262 262 408 408 588 588 304 304 604 604 428 428 670 670 350 350 554 554 646 646 760 760 408 408 442 442 1134 1134 580 580 338 338 400 400 1950 1950 498 498 682 682 2968 2968 2968 2968 2968 2968 532 532 2968 2968 2968 2968 2968 2968 332 332 2568 2568 634 634 208 208 254 254 
208 208 262 262 314 314 562 562 520 520 400 400 678 678 482 482 490 490 748 748 296 296 662 662 444 444 950 950 464 464 1826 1826 450 450 350 350 2968 2968 2968 2968 2968 2968 390 390 2968 2968 2968 2968 2968 2968 368 368 2968 2968 2968 2968 2968 2968 346 346 2968 2968 2968 2968 2968 2968 780 780 2968 2968 1220 1220 782 782 208 208 254 254 246 246 208 208 208 208 246 246 208 208 
208 208 262 262 364 364 484 484 562 562 346 346 440 440 540 540 506 506 274 274 444 444 606 606 600 600 702 702 520 520 1148 1148 450 450 564 564 1642 1642 338 338 590 590 2968 2968 2968 2968 2926 2926 588 588 590 590 254 254 208 208 558 558 
208 208 262 262 518 518 286 286 540 540 434 434 258 258 630 630 442 442 600 600 468 468 436 436 532 532 430 430 908 908 328 328 326 326 544 544 2098 2098 392 392 530 530 2968 2968 2968 2968 2968 2968 684 684 2968 2968 2332 2332 598 598 720 720 254 254 208 208 604 604 262 262 396 396 640 640 406 406 586 586 434 434 476 476 244 244 334 334 334 334 582 582 246 246 208 208 208 208 208 208 616 616 636 636 412 412 580 580 1754 1754 548 548 254 254 208 208 642 642 246 246 208 208 
208 208 262 262 240 240 260 260 466 466 478 478 416 416 634 634 530 530 530 530 678 678 524 524 1182 1182 744 744 534 534 1790 1790 612 612 2968 2968 2968 2968 2968 2968 2968 2968 2968 2968 2968 2968 696 696 2968 2968 2968 2968 2968 2968 558 558 2968 2968 1632 1632 208 208 254 254 
208 208 262 262 364 364 338 338 322 322 566 566 690 690 612 612 286 286 414 414 460 460 692 692 558 558 594 594 1150 1150 352 352 1974 1974 480 480 2968 2968 2968 2968 2968 2968 2968 2968 2968 2968 2968 2968 2968 2968 328 328 430 430 254 254 208 208 458 458 
246 246 208 208 208 208 246 246 208 208 208 208 262 262 526 526 434 434 424 424 706 706 390 390 332 332 696 696 398 398 604 604 306 306 368 368 764 764 1166 1166 476 476 608 608 1668 1668 768 768 2968 2968 2968 2968 2968 2968 772 772 2968 2968 2968 2968 2968 2968 790 790 1304 1304 532 532 254 254 208 208 532 532 
208 208 262 262 492 492 414 414 552 552 754 754 640 640 306 306 256 256 718 718 422 422 340 340 340 340 310 310 720 720 434 434 958 958 550 550 1838 1838 500 500 354 354 2968 2968 2968 2968 2968 2968 336 336 2968 2968 2968 2968 2968 2968 468 468 2968 2968 2968 2968 2968 2968 366 366 2968 2968 2968 2968 2968 2968 564 564 2968 2968 1450 1450 608 608 254 254 208 208 616 616 
246 246 208 208 208 208 208 208 262 262 686 686 688 688 578 578 752 752 604 604 644 644 668 668 686 686 688 688 352 352 246 246 208 208 718 718 372 372 1116 1116 600 600 714 714 2134 2134 630 630 754 754 2968 2968 2968 2968 2968 2968 436 436 2968 2968 2968 2968 2968 2968 2968 2968 2968 2968 2968 2968 2968 2968 2968 2968 2968 2968 2968 2968 2968 2968 2968 2968 1822 1822 1408 1408 
208 208 262 262 270 270 554 554 554 554 522 522 764 764 758 758 408 408 520 520 606 606 272 272 350 350 526 526 706 706 928 928 284 284 514 514 2026 2026 314 314 634 634 2968 2968 2968 2968 2968 2968 2968 2968 636 636 2968 2968 2968 2968 2968 2968 2968 2968 2968 2968 2968 2968 2616 2616 450 450 254 254 208 208 494 494 
208 208 262 262 526 526 576 576 742 742 622 622 648 648 324 324 484 484 702 702 570 570 690 690 342 342 542 542 652 652 1166 1166 246 246 208 208 208 208 276 276 1678 1678 680 680 546 546 2968 2968 2968 2968 2968 2968 396 396 2968 2968 2968 2968 2968 2968 2968 2968 646 646 1136 1136 
208 208 262 262 254 254 482 482 362 362 706 706 376 376 610 610 460 460 474 474 396 396 558 558 410 410 272 272 388 388 984 984 644 644 1868 1868 792 792 302 302 2968 2968 2968 2968 2776 2776 682 682 724 724 254 254 208 208 348 348 
208 208 262 262 662 662 254 254 406 406 778 778 476 476 482 482 426 426 506 506 700 700 432 432 306 306 768 768 708 708 1062 1062 608 608 2198 2198 366 366 380 380 2968 2968 2968 2968 2968 2968 768 768 2968 2968 2968 2968 2968 2968 582 582 2968 2968 2968 2968 2968 2968 318 318 2968 2968 2366 2366 416 416 254 254 208 208 338 338 246 246 208 208 208 208 246 246 208 208 
208 208 262 262 538 538 396 396 352 352 350 350 732 732 496 496 426 426 498 498 736 736 562 562 674 674 630 630 656 656 882 882 236 236 2162 2162 632 632 524 524 2968 2968 2968 2968 2968 2968 354 354 2968 2968 2968 2968 2968 2968 348 348 2968 2968 2968 2968 2968 2968 426 426 2968 2968 1122 1122 628 628 208 208 254 254 
208 208 262 262 732 732 548 548 730 730 734 734 362 362 638 638 354 354 336 336 416 416 712 712 508 508 352 352 604 604 1224 1224 350 350 2030 2030 568 568 456 456 2968 2968 2968 2968 2968 2968 498 498 2968 2968 2968 2968 2968 2968 612 612 2968 2968 2968 2968 2968 2968 2968 2968 466 466 2968 2968 2968 2968 2968 2968 1612 1612 246 246 208 208 208 208 
246 246 208 208 208 208 262 262 576 576 640 640 732 732 664 664 420 420 714 714 532 532 470 470 412 412 646 646 238 238 598 598 976 976 418 418 728 728 1772 1772 748 748 318 318 2968 2968 2968 2968 2968 2968 580 580 2968 2968 2968 2968 2750 2750 390 390 656 656 254 254 208 208 514 514 
208 208 262 262 444 444 658 658 306 306 342 342 748 748 352 352 342 342 760 760 642 642 508 508 520 520 1094 1094 752 752 364 364 1964 1964 678 678 686 686 2968 2968 2968 2968 2968 2968 614 614 2968 2968 2968 2968 2968 2968 526 526 1536 1536 290 290 254 254 208 208 318 318 
208 208 246 246 208 208 246 246 208 208 208 208 262 262 396 396 466 466 500 500 760 760 356 356 250 250 614 614 464 464 568 568 492 492 850 850 700 700 632 632 2018 2018 614 614 440 440 2968 2968 2968 2968 2968 2968 630 630 2968 2968 2968 2968 2968 2968 762 762 2968 2968 404 404 254 254 208 208 442 442 
208 208 262 262 706 706 254 254 378 378 290 290 396 396 426 426 296 296 610 610 688 688 524 524 1002 1002 420 420 692 692 1686 1686 552 552 390 390 2968 2968 2968 2968 2668 2668 344 344 710 710 254 254 208 208 586 586 
246 246 208 208 208 208 208 208 262 262 682 682 632 632 664 664 592 592 312 312 284 284 452 452 362 362 298 298 738 738 594 594 286 286 1142 1142 608 608 466 466 1696 1696 690 690 742 742 2968 2968 2968 2968 2968 2968 476 476 2968 2968 2968 2968 2968 2968 466 466 2576 2576 544 544 396 396 254 254 208 208 516 516 246 246 208 208 
208 208 262 262 602 602 550 550 516 516 342 342 666 666 378 378 382 382 400 400 716 716 314 314 380 380 954 954 544 544 548 548 1704 1704 676 676 454 454 2968 2968 2968 2968 2968 2968 778 778 2968 2968 2968 2968 2968 2968 704 704 2968 2968 2968 2968 2968 2968 2968 2968 806 806 2240 2240 
208 208 628 628 330 330 394 394 338 338 784 784 440 440 666 666 528 528 702 702 282 282 754 754 540 540 516 516 410 410 1084 1084 672 672 1938 1938 720 720 2968 2968 2968 2968 2968 2968 2968 2968 690 690 2968 2968 720 720 274 274 208 208 660 660 246 246 208 208 208 208 262 262 648 648 618 618 648 648 286 286 442 442 712 712 442 442 246 246 208 208 350 350 584 584 576 576 506 506 374 374 392 392 588 588 536 536 1830 1830 508 508 208 208 254 254 
208 208 262 262 510 510 568 568 550 550 472 472 684 684 652 652 518 518 414 414 238 238 576 576 384 384 468 468 624 624 516 516 1166 1166 276 276 530 530 2238 2238 370 370 538 538 2968 2968 2968 2968 2968 2968 404 404 2968 2968 2968 2968 2968 2968 296 296 2968 2968 2968 2968 2968 2968 466 466 2968 2968 2968 2968 2968 2968 458 458 2968 2968 1176 1176 334 334 208 208 254 254 
208 208 262 262 496 496 616 616 558 558 728 728 636 636 622 622 620 620 718 718 766 766 268 268 608 608 804 804 440 440 604 604 2170 2170 388 388 404 404 2968 2968 2968 2968 2968 2968 652 652 2968 2968 2968 2968 2968 2968 342 342 2968 2968 2968 2968 2968 2968 536 536 2968 2968 1872 1872 514 514 208 208 254 254 246 246 208 208 208 208 246 246 208 208 
208 208 262 262 454 454 422 422 762 762 416 416 332 332 636 636 594 594 318 318 768 768 670 670 680 680 764 764 528 528 1284 1284 356 356 1712 1712 624 624 418 418 2968 2968 2968 2968 2968 2968 288 288 372 372 518 518 254 254 208 208 352 352 
208 208 262 262 728 728 378 378 378 378 536 536 514 514 264 264 524 524 406 406 570 570 470 470 262 262 390 390 738 738 1206 1206 452 452 2124 2124 722 722 744 744 2968 2968 2968 2968 2968 2968 444 444 474 474 2968 2968 2968 2968 2968 2968 498 498 2968 2968 2968 2968 2968 2968 760 760 2968 2968 2968 2968 2968 2968 492 492 2968 2968 2968 2968 2968 2968 818 818 688 688 208 208 254 254 208 208 246 246 208 208 
246 246 208 208 208 208 262 262 366 366 484 484 402 402 446 446 452 452 398 398 578 578 630 630 318 318 264 264 622 622 336 336 1288 1288 568 568 430 430 1942 1942 480 480 502 502 2968 2968 2968 2968 2968 2968 752 752 2968 2968 2968 2968 2968 2968 784 784 2968 2968 2968 2968 2968 2968 566 566 2968 2968 2968 2968 2968 2968 2968 2968 1814 1814 
208 208 262 262 412 412 662 662 522 522 638 638 264 264 350 350 560 560 542 542 650 650 542 542 736 736 636 636 1036 1036 280 280 592 592 1810 1810 692 692 394 394 2968 2968 2968 2968 2968 2968 498 498 2968 2968 2968 2968 2968 2968 396 396 2968 2968 468 468 394 394 208 208 254 254 
246 246 208 208 208 208 246 246 208 208 208 208 262 262 388 388 736 736 276 276 494 494 354 354 238 238 468 468 616 616 428 428 282 282 912 912 698 698 462 462 1984 1984 348 348 710 710 2968 2968 2968 2968 2968 2968 492 492 2968 2968 2262 2262 398 398 540 540 254 254 208 208 524 524 262 262 584 584 394 394 642 642 482 482 406 406 260 260 628 628 576 576 640 640 304 304 604 604 692 692 644 644 718 718 374 374 1528 1528 390 390 208 208 254 254 
208 208 262 262 558 558 358 358 682 682 726 726 682 682 622 622 614 614 630 630 416 416 634 634 518 518 620 620 374 374 1040 1040 282 282 2130 2130 642 642 444 444 2968 2968 2968 2968 2968 2968 672 672 2968 2968 2968 2968 2968 2968 836 836 2968 2968 2968 2968 2968 2968 542 542 2968 2968 2968 2968 2968 2968 734 734 2968 2968 2968 2968 2968 2968 1962 1962 
246 246 208 208 208 208 208 208 262 262 284 284 470 470 618 618 324 324 696 696 512 512 324 324 542 542 362 362 718 718 640 640 448 448 1252 1252 572 572 278 278 1784 1784 434 434 618 618 2968 2968 2968 2968 2968 2968 708 708 2968 2968 2968 2968 2968 2968 348 348 2392 2392 736 736 576 576 254 254 208 208 608 608 246 246 208 208 
208 208 262 262 716 716 702 702 636 636 758 758 474 474 384 384 602 602 718 718 298 298 426 426 570 570 266 266 1186 1186 684 684 438 438 1786 1786 606 606 770 770 2968 2968 2968 2968 2968 2968 578 578 2968 2968 2968 2968 2968 2968 2968 2968 2968 2968 2968 2968 2968 2968 2968 2968 2968 2968 2968 2968 2968 2968 
208 208 262 262 634 634 586 586 686 686 688 688 410 410 518 518 578 578 472 472 284 284 616 616 280 280 314 314 278 278 838 838 490 490 1684 1684 368 368 464 464 2968 2968 2968 2968 2968 2968 698 698 2968 2968 2968 2968 2968 2968 2064 2064 518 518 254 254 208 208 538 538 246 246 208 208 208 208 2968 2968 2968 2968 2888 2888 640 640 228 228 652 652 1308 1308 208 208 2968 2968 2968 2968 2896 2896 704 704 228 228 766 766 592 592 208 208 246 246 208 208 222 222 208 208 
208 208 262 262 586 586 246 246 462 462 532 532 594 594 642 642 598 598 360 360 714 714 272 272 474 474 408 408 964 964 694 694 502 502 1980 1980 474 474 338 338 2968 2968 2968 2968 2968 2968 510 510 2968 2968 2968 2968 2968 2968 728 728 2968 2968 2968 2968 2968 2968 2968 2968 2968 2968 2968 2968 2968 2968 2968 2968 2968 2968 2342 2342 
208 208 262 262 336 336 256 256 542 542 292 292 346 346 584 584 426 426 308 308 490 490 644 644 378 378 364 364 1254 1254 538 538 332 332 1982 1982 804 804 782 782 2968 2968 2968 2968 2968 2968 814 814 2968 2968 2968 2968 2968 2968 264 264 2968 2968 2968 2968 2968 2968 282 282 2968 2968 2706 2706 2968 2968 2968 2968 2894 2894 736 736 228 228 326 326 208 208 246 246 208 208 
208 208 262 262 650 650 690 690 528 528 364 364 578 578 534 534 352 352 238 238 744 744 606 606 376 376 462 462 1132 1132 570 570 734 734 1742 1742 458 458 538 538 2968 2968 2968 2968 2968 2968 518 518 2968 2968 2968 2968 2968 2968 2968 2968 490 490 
208 208 262 262 684 684 698 698 358 358 608 608 416 416 446 446 682 682 718 718 680 680 658 658 478 478 658 658 456 456 968 968 314 314 1752 1752 616 616 600 600 2968 2968 2968 2968 2968 2968 414 414 2968 2968 2968 2968 2968 2968 408 408 2968 2968 2968 2968 2968 2968 636 636 2968 2968 2968 2968 2968 2968 2968 2968 2968 2968 280 280 246 246 208 208 208 208 
246 246 208 208 208 208 262 262 380 380 488 488 556 556 340 340 628 628 580 580 504 504 612 612 654 654 372 372 712 712 396 396 1188 1188 354 354 2074 2074 652 652 404 404 2968 2968 2968 2968 2968 2968 662 662 2968 2968 2968 2968 2968 2968 558 558 2968 2968 2968 2968 2968 2968 558 558 2968 2968 2224 2224 468 468 208 208 254 254 
208 208 262 262 422 422 258 258 586 586 418 418 518 518 556 556 446 446 724 724 258 258 308 308 582 582 362 362 1038 1038 560 560 610 610 1920 1920 378 378 306 306 2968 2968 2968 2968 2968 2968 532 532 2968 2968 2308 2308 568 568 254 254 208 208 376 376 262 262 518 518 620 620 544 544 728 728 502 502 408 408 606 606 362 362 508 508 306 306 408 408 678 678 286 286 1476 1476 712 712 208 208 254 254 
246 246 208 208 208 208 246 246 208 208 208 208 262 262 638 638 690 690 672 672 300 300 502 502 290 290 390 390 446 446 516 516 688 688 390 390 376 376 420 420 1216 1216 666 666 1952 1952 490 490 528 528 2968 2968 2968 2968 2968 2968 358 358 2968 2968 2968 2968 2968 2968 576 576 1534 1534 498 498 516 516 254 254 208 208 632 632 
208 208 262 262 682 682 326 326 404 404 412 412 446 446 668 668 532 532 544 544 558 558 678 678 682 682 608 608 848 848 676 676 704 704 1920 1920 662 662 408 408 2968 2968 2968 2968 2968 2968 336 336 546 546 406 406 254 254 208 208 280 280 
246 246 208 208 208 208 208 208 262 262 404 404 300 300 470 470 446 446 324 324 668 668 242 242 478 478 416 416 580 580 740 740 436 436 440 440 544 544 992 992 242 242 636 636 2168 2168 792 792 646 646 604 604 2968 2968 2968 2968 2968 2968 456 456 2968 2968 2968 2968 2968 2968 758 758 2968 2968 676 676 338 338 254 254 208 208 492 492 246 246 208 208 
208 208 262 262 414 414 340 340 450 450 606 606 410 410 612 612 612 612 394 394 260 260 342 342 308 308 284 284 514 514 310 310 994 994 266 266 1824 1824 400 400 350 350 2968 2968 2968 2968 2968 2968 554 554 2968 2968 2968 2968 2968 2968 488 488 2452 2452 566 566 458 458 314 314 254 254 208 208 314 314 
208 208 262 262 248 248 486 486 528 528 462 462 648 648 264 264 382 382 408 408 710 710 436 436 732 732 692 692 232 232 1164 1164 370 370 2220 2220 592 592 484 484 2968 2968 2968 2968 2968 2968 712 712 2968 2968 2968 2968 2968 2968 532 532 2968 2968 2968 2968 2968 2968 628 628 2968 2968 2968 2968 2968 2968 626 626 2968 2968 1094 1094 254 254 208 208 396 396 246 246 208 208 208 208 246 246 208 208 
208 208 262 262 546 546 272 272 582 582 500 500 492 492 586 586 598 598 472 472 624 624 298 298 716 716 402 402 852 852 484 484 476 476 1926 1926 362 362 548 548 2968 2968 2968 2968 2968 2968 308 308 2968 2968 2968 2968 2968 2968 684 684 2968 2968 2968 2968 2968 2968 472 472 2968 2968 2968 2968 2968 2968 390 390 2968 2968 2968 2968 2968 2968 1210 1210 
208 208 628 628 478 478 540 540 422 422 582 582 490 490 702 702 658 658 286 286 606 606 584 584 310 310 1028 1028 328 328 712 712 454 454 1754 1754 486 486 700 700 2968 2968 2968 2968 2968 2968 2968 2968 590 590 2968 2968 2968 2968 428 428 2968 2968 2968 2968 2968 2968 2968 2968 748 748 2512 2512 246 246 208 208 208 208 246 246 208 208 
208 208 262 262 280 280 336 336 586 586 542 542 580 580 712 712 468 468 440 440 642 642 558 558 364 364 552 552 1292 1292 462 462 328 328 1922 1922 488 488 706 706 2968 2968 2968 2968 2678 2678 246 246 424 424 254 254 208 208 386 386 
208 208 262 262 318 318 554 554 768 768 628 628 688 688 664 664 246 246 676 676 516 516 294 294 238 238 508 508 258 258 984 984 480 480 1918 1918 750 750 2968 2968 2968 2968 2968 2968 802 802 2968 2968 2968 2968 2968 2968 724 724 2968 2968 2968 2968 2968 2968 344 344 2968 2968 2968 2968 2968 2968 2968 2968 1876 1876 394 394 254 254 208 208 490 490 246 246 208 208 208 208 
246 246 208 208 2968 2968 2968 2968 2876 2876 704 704 328 328 384 384 208 208 262 262 336 336 526 526 612 612 452 452 268 268 258 258 266 266 330 330 752 752 606 606 248 248 380 380 546 546 1016 1016 582 582 2008 2008 750 750 598 598 2968 2968 2968 2968 2968 2968 432 432 2968 2968 2968 2968 2968 2968 704 704 2870 2870 256 256 490 490 254 254 208 208 352 352 
208 208 262 262 264 264 690 690 690 690 266 266 358 358 690 690 694 694 696 696 510 510 642 642 652 652 336 336 548 548 256 256 942 942 618 618 1800 1800 634 634 764 764 2968 2968 2968 2968 2968 2968 552 552 2968 2968 2968 2968 2968 2968 478 478 2968 2968 2968 2968 2968 2968 2968 2968 1458 1458 1046 1046 
246 246 208 208 208 208 246 246 208 208 208 208 262 262 544 544 484 484 454 454 494 494 424 424 336 336 564 564 726 726 630 630 706 706 456 456 960 960 718 718 430 430 1884 1884 448 448 800 800 2968 2968 2968 2968 2968 2968 612 612 2968 2968 2968 2968 2882 2882 714 714 378 378 254 254 208 208 510 510 
208 208 262 262 508 508 536 536 484 484 514 514 618 618 504 504 640 640 450 450 654 654 736 736 642 642 440 440 672 672 840 840 282 282 1810 1810 444 444 2968 2968 2968 2968 2968 2968 440 440 2968 2968 2968 2968 2968 2968 428 428 2968 2968 2968 2968 2968 2968 446 446 2968 2968 2968 2968 2968 2968 288 288 2968 2968 2968 2968 2968 2968 330 330 702 702 208 208 254 254 
