362 362 208 208 262 262 886 886 712 712 558 558 322 322 726 726 346 346 276 276 350 350 420 420 626 626 364 364 518 518 1026 1026 362 362 368 368 2138 2138 604 604 674 674 2968 2968 2556 2556 254 254 246 246 254 254 208 208 650 650 362 362 362 
362 208 208 262 262 726 726 656 656 712 712 484 484 332 332 520 520 310 310 552 552 452 452 472 472 518 518 648 648 656 656 874 874 410 410 2156 2156 610 610 692 692 2968 2968 5804 2968 2968 288 288 2968 2968 828 828 652 652 254 254 208 208 286 286 246 246 208 208 208 208 362 362 
362 362 208 208 262 262 310 310 388 388 712 712 310 310 332 332 364 364 622 622 372 372 310 310 294 294 460 460 334 334 700 700 842 842 662 662 734 734 2042 2042 598 598 648 648 2968 2968 1444 1444 482 482 242 242 254 254 208 208 416 416 362 362 362 
362 208 208 262 262 668 668 582 582 712 712 572 572 738 738 346 346 596 596 790 790 790 790 628 628 674 674 736 736 642 642 242 242 854 854 656 656 542 542 1816 1816 322 322 678 678 2968 2968 2968 2968 2968 2968 2254 2254 492 492 254 254 208 208 714 714 362 246 246 208 208 208 208 362 
362 362 208 208 622 622 546 546 698 698 712 712 512 512 512 512 588 588 748 748 538 538 618 618 356 356 522 522 448 448 590 590 1340 1340 542 542 2118 2118 542 542 488 488 2968 2968 2648 2648 686 686 454 454 274 274 208 208 412 412 362 362 362 
362 208 208 262 262 420 420 512 512 712 712 548 548 458 458 544 544 658 658 514 514 430 430 704 704 320 320 668 668 996 996 674 674 1818 1818 554 554 568 568 2968 2968 822 822 366 366 572 572 254 254 208 208 390 390 362 362 362 246 
208 208 208 208 362 208 208 286 286 484 484 398 398 712 712 772 772 408 408 746 746 594 594 750 750 606 606 242 242 772 772 392 392 1000 1000 244 244 1824 1824 586 586 574 574 2968 2968 1250 1250 704 704 282 282 254 254 208 208 334 334 362 362 362 
362 208 208 262 262 574 574 246 246 712 574 574 448 448 276 276 252 252 738 738 444 444 300 300 608 608 710 710 588 588 898 898 344 344 2104 2104 518 518 308 308 2968 2968 5804 2968 2968 678 678 2968 2968 786 786 328 328 236 236 254 254 208 208 214 214 362 362 
362 246 246 208 208 208 208 208 208 262 262 660 660 726 726 712 712 530 530 668 668 750 750 282 282 576 576 598 598 242 242 470 470 744 744 244 244 1110 1110 730 730 250 250 1806 1806 318 318 368 368 2968 2968 2396 2396 332 332 694 694 254 254 208 208 380 380 362 362 362 
362 208 208 262 262 404 404 626 626 712 712 532 532 586 586 668 668 714 714 622 622 674 674 390 390 598 598 504 504 390 390 1100 1100 608 608 2032 2032 368 368 322 322 2968 2968 1202 1202 426 426 578 578 254 254 208 208 374 374 362 362 362 
362 362 208 208 262 262 268 268 602 602 712 712 294 294 524 524 326 326 532 532 532 532 682 682 520 520 480 480 562 562 750 750 408 408 856 856 246 246 208 208 208 208 316 316 2146 2146 446 446 644 644 410 410 2968 2968 5804 2968 2968 406 406 1834 1834 558 558 254 254 208 208 404 404 362 362 
362 362 208 208 262 262 272 272 662 662 712 712 622 622 636 636 274 274 562 562 274 274 362 362 706 706 570 570 570 570 420 420 1054 1054 358 358 1906 1906 628 628 726 726 2968 2968 1052 1052 418 418 262 262 254 254 208 208 230 230 362 362 362 
362 208 208 262 262 350 350 658 658 682 682 712 712 650 650 782 782 412 412 304 304 660 660 426 426 654 654 548 548 584 584 302 302 1280 1280 298 298 1906 1906 584 584 802 802 2968 2968 5804 2968 2968 298 298 2968 2968 890 890 388 388 668 668 254 254 208 208 512 512 208 208 246 246 208 208 362 362 
362 362 208 208 262 262 410 410 672 672 712 712 748 748 312 312 530 530 402 402 586 586 290 290 362 362 530 530 334 334 1196 1196 522 522 1840 1840 388 388 638 638 2968 2968 2778 2778 450 450 254 254 208 208 538 538 362 362 362 
362 208 208 262 262 528 528 498 498 712 712 500 500 642 642 378 378 652 652 652 652 334 334 344 344 396 396 728 728 500 500 288 288 1308 1308 246 246 2168 2168 716 716 546 546 2968 2968 756 756 516 516 680 680 254 254 208 208 700 700 362 362 246 246 208 208 208 208 362 
362 362 208 208 262 262 368 368 572 572 712 712 340 340 772 772 632 632 510 510 382 382 390 390 338 338 422 422 516 516 422 422 926 926 464 464 2012 2012 706 706 580 580 2968 2968 1296 1296 266 266 440 440 254 254 208 208 332 332 362 362 362 
362 208 208 262 262 378 378 334 334 712 712 734 734 612 612 472 472 704 704 726 726 518 518 732 732 592 592 494 494 288 288 892 892 308 308 306 306 1898 1898 324 324 786 786 2968 2968 2968 2968 2968 2968 430 430 2968 2968 546 546 292 292 486 486 254 254 208 208 700 700 362 362 208 208 246 246 208 208 
362 362 208 208 262 262 292 292 278 278 712 712 354 354 546 546 590 590 540 540 502 502 336 336 642 642 550 550 342 342 348 348 1066 1066 270 270 2176 2176 622 622 408 408 2968 2968 2624 2624 276 276 522 522 254 254 208 208 362 362 362 362 362 
362 208 208 262 262 344 344 266 266 712 712 774 774 324 324 536 536 460 460 460 460 580 580 292 292 540 540 452 452 318 318 346 346 974 974 688 688 1986 1986 562 562 414 414 658 658 2968 2968 2968 2968 2968 2968 806 806 1456 1456 498 498 254 254 208 208 212 212 362 362 
362 246 246 208 208 208 208 362 208 208 262 262 416 416 630 630 712 712 650 650 550 550 302 302 334 334 632 632 542 542 404 404 430 430 666 666 588 588 914 914 628 628 1884 1884 492 492 796 796 2968 2968 922 922 570 570 254 254 208 208 660 660 362 362 362 
362 362 208 208 262 262 638 638 686 686 712 712 616 616 768 768 714 714 682 682 650 650 524 524 528 528 278 278 480 480 636 636 780 780 484 484 468 468 1810 1810 710 710 556 556 2968 2968 1454 1454 444 444 254 254 208 208 454 454 362 362 362 
362 208 208 262 262 582 582 384 384 284 284 356 356 466 466 354 354 354 354 362 308 308 296 296 600 600 442 442 712 712 246 246 208 208 208 208 452 452 524 524 1056 1056 292 292 2062 2062 550 550 526 526 2968 2968 2632 2632 560 560 268 268 254 254 208 208 718 718 362 362 362 
362 208 208 262 262 276 276 332 332 712 712 638 638 526 526 464 464 574 574 504 504 746 746 478 478 470 470 776 776 434 434 1254 1254 632 632 522 522 1892 1892 336 336 346 346 2968 2968 5804 2968 2968 592 592 1294 1294 644 644 568 568 254 254 208 208 536 536 362 362 
362 362 208 208 262 262 668 668 254 254 712 712 272 272 512 512 470 470 614 614 522 522 526 526 564 564 714 714 688 688 936 936 282 282 1884 1884 372 372 756 756 2968 2968 1136 1136 566 566 328 328 254 254 208 208 362 362 246 246 208 208 208 208 362 362 362 
362 362 208 208 262 262 642 642 632 632 712 712 366 366 708 708 296 296 330 330 632 632 492 492 346 346 404 404 476 476 960 960 636 636 2016 2016 338 338 576 576 400 400 2968 2968 2968 2968 3482 2968 646 2968 2968 748 748 636 636 714 714 254 254 208 208 514 514 362 362 
362 362 208 208 262 262 664 664 496 496 712 712 656 656 338 338 604 604 378 378 736 736 486 486 740 740 478 478 592 592 530 530 1094 1094 236 236 2180 2180 516 516 354 354 2968 2968 2644 2644 700 700 566 566 254 254 208 208 670 670 362 246 246 208 208 208 208 362 362 
362 208 208 262 262 608 608 604 604 712 712 338 338 712 410 410 332 332 372 372 456 456 458 458 358 358 278 278 530 530 1314 1314 650 650 492 492 1732 1732 456 456 422 422 2968 2968 2968 2968 2968 2968 776 776 1422 1422 458 458 470 470 254 254 208 208 350 350 362 362 
362 362 208 208 262 262 276 276 646 646 712 712 748 748 586 586 446 446 534 534 534 534 706 706 348 348 236 236 444 444 378 378 1316 1316 722 722 1908 1908 502 502 562 562 2968 2968 1352 1352 594 594 712 712 254 254 208 208 366 366 362 362 362 246 246 208 208 208 208 
362 208 208 262 262 366 366 476 476 712 712 568 568 426 426 408 408 272 272 312 312 618 618 598 598 582 582 632 632 618 618 1144 1144 306 306 582 582 2208 2208 522 522 510 510 2968 2968 2968 2968 2968 2968 3154 2968 318 1130 1130 584 584 254 254 208 208 212 212 362 362 
362 362 208 208 262 262 430 430 364 364 712 712 538 538 640 640 758 758 428 428 270 270 280 280 666 666 454 454 722 722 614 614 862 862 862 862 690 690 2144 2144 776 776 696 696 2992 2968 1194 1194 608 608 254 254 208 208 674 674 362 362 362 
362 208 208 246 246 208 208 362 208 208 262 262 656 656 340 340 712 712 606 606 434 434 566 566 360 360 548 548 244 244 340 340 314 314 370 370 912 912 636 636 2202 2202 380 380 804 804 2968 2968 2968 2968 3512 2968 676 1658 1658 448 448 254 254 208 208 612 612 362 362 362 
362 362 208 208 712 622 622 264 264 356 356 712 568 568 404 404 664 664 560 560 560 560 530 530 302 302 370 370 340 340 764 764 438 438 1216 1216 590 590 1742 1742 366 366 380 380 2968 2968 1248 1248 300 300 508 508 274 274 208 208 230 230 362 362 362 
362 208 208 286 286 686 686 440 440 712 712 520 520 664 664 408 408 572 572 716 716 268 268 246 246 208 208 208 208 250 250 518 518 576 576 820 820 550 550 1888 1888 632 632 612 612 2968 2968 3328 2968 492 502 502 254 254 208 208 446 446 362 362 362 
362 208 208 262 262 592 592 498 498 712 712 408 408 592 592 284 284 652 652 374 374 648 648 364 364 426 426 674 674 444 444 1152 1152 732 732 2060 2060 310 310 470 470 2968 2968 1180 1180 706 706 544 544 254 254 208 208 578 578 362 362 362 
362 208 208 262 262 682 682 264 264 712 712 682 682 612 612 290 290 628 628 738 738 654 654 448 448 776 776 362 362 1170 1170 404 404 2170 2170 364 364 594 594 2968 2968 5804 2968 2968 708 708 1256 1256 624 624 458 458 254 254 208 208 676 676 246 246 208 208 208 208 362 362 
362 362 208 208 262 262 400 400 640 640 712 712 578 578 448 448 562 562 308 308 528 528 598 598 648 648 234 234 604 604 424 424 1070 1070 438 438 2140 2140 444 444 484 484 2968 2968 2968 2968 3154 2968 318 2968 2968 598 598 626 626 646 646 254 254 208 208 428 428 362 362 
362 362 208 208 262 262 430 430 312 312 712 712 486 486 660 660 776 776 744 744 716 716 752 752 468 468 252 252 346 346 572 572 1320 1320 286 286 2070 2070 654 654 626 626 2968 2968 1182 1182 692 692 692 692 324 324 254 254 208 208 390 390 362 246 246 208 208 208 208 362 362 
362 362 208 208 286 286 720 720 288 288 712 712 630 630 476 476 734 734 742 742 616 616 278 278 252 252 676 676 568 568 646 646 1178 1178 270 270 1874 1874 356 356 332 332 2968 2968 2602 2602 732 732 372 372 254 254 208 208 244 244 362 362 
362 208 208 262 262 418 418 634 634 712 712 332 332 616 616 618 618 608 608 688 688 544 544 264 264 642 642 640 640 262 262 1344 1344 564 564 334 334 2022 2022 570 570 708 708 2968 2968 1194 1194 356 356 644 644 254 254 208 208 396 396 362 362 208 208 246 246 208 208 362 
362 208 208 262 262 432 432 288 288 712 712 682 682 368 368 672 672 414 414 536 536 536 536 766 766 626 626 292 292 588 588 510 510 920 920 608 608 2042 2042 368 368 516 516 2968 2968 2968 2968 2968 2968 314 314 2968 2968 984 984 374 374 414 414 254 254 208 208 344 344 362 362 
362 362 208 208 262 262 676 676 256 256 712 712 344 344 648 648 458 458 412 412 420 420 310 310 708 708 452 452 276 276 474 474 970 970 708 708 1802 1802 716 716 806 806 2968 2968 1486 1486 702 702 508 508 254 254 208 208 270 270 362 362 362 
362 246 246 208 208 208 208 362 208 208 262 262 564 564 666 666 712 712 666 666 366 366 442 442 304 304 546 546 432 432 456 456 454 454 298 298 994 994 606 606 1680 1680 814 814 768 768 2968 2968 2480 2480 586 586 288 288 254 254 208 208 284 284 362 362 362 
362 208 208 262 262 620 620 724 724 712 462 462 542 542 300 300 406 406 726 726 460 460 644 644 550 550 400 400 1088 1088 300 300 580 580 702 702 1832 1832 430 430 538 538 2968 2968 2968 2968 3294 2968 458 1230 1230 356 356 530 530 254 254 208 208 254 254 362 362 
362 362 208 208 262 262 492 492 364 364 712 712 364 364 558 558 422 422 394 394 246 246 208 208 208 208 720 720 598 598 322 322 302 302 382 382 1302 1302 588 588 1812 1812 626 626 742 742 2968 2968 866 866 244 244 218 218 254 254 208 208 660 660 362 362 362 
362 362 208 208 262 262 474 474 284 284 632 632 712 712 320 320 768 768 360 360 444 444 464 464 558 558 732 732 652 652 330 330 1072 1072 544 544 1768 1768 730 730 728 728 2968 2968 1356 1356 350 350 442 442 254 254 208 208 310 310 362 362 362 
362 208 208 262 262 346 346 420 420 712 712 322 322 350 350 366 366 702 702 506 506 494 494 280 280 602 602 694 694 1042 1042 692 692 1874 1874 378 378 724 724 2968 2968 2968 2968 2968 2968 3440 2968 604 1134 1134 406 406 254 254 208 208 244 244 246 246 208 208 208 208 362 362 
362 362 208 208 262 262 468 468 624 624 712 712 710 710 614 614 478 478 540 540 320 320 726 726 718 718 442 442 712 712 272 272 926 926 250 250 1790 1790 720 720 710 710 2968 2968 2456 2456 226 226 330 330 254 254 208 208 340 340 362 362 362 
362 208 208 262 262 362 362 606 606 712 712 286 286 564 564 704 704 732 732 572 572 630 630 386 386 628 628 296 296 748 748 1106 1106 294 294 2082 2082 404 404 402 402 2968 2968 1132 1132 328 328 692 692 254 254 208 208 280 280 362 208 208 246 246 208 208 362 362 
362 362 208 208 262 262 462 462 352 352 712 712 712 712 564 564 688 688 522 522 620 620 672 672 256 256 324 324 542 542 882 882 544 544 1950 1950 624 624 318 318 2968 2968 1494 1494 358 358 524 524 254 254 208 208 690 690 362 362 362 
362 208 208 262 262 642 642 694 694 712 712 310 310 628 628 420 420 704 704 604 604 528 528 718 718 366 366 288 288 978 978 252 252 2064 2064 656 656 422 422 2968 2968 2968 2968 2968 2968 732 732 2968 2968 852 852 314 314 254 254 208 208 462 462 362 362 246 246 208 208 208 208 
362 362 208 208 262 262 582 582 410 410 712 712 272 272 536 536 708 708 456 456 640 640 626 626 432 432 458 458 244 244 1070 1070 274 274 656 656 1992 1992 462 462 626 626 2968 2968 2968 2968 2968 2968 638 638 1300 1300 540 540 240 240 254 254 208 208 580 580 362 362 436 436 228 228 760 760 542 542 208 208 
362 208 208 262 262 374 374 674 674 460 460 536 536 360 360 344 344 430 430 252 252 414 414 628 628 526 526 1164 1164 558 558 2064 2064 548 548 692 692 2968 2968 818 818 604 604 328 328 298 298 254 254 208 208 492 492 362 362 362 
362 208 208 262 262 486 486 658 658 712 568 568 754 754 450 450 332 332 536 536 510 510 612 612 440 440 406 406 566 566 920 920 462 462 2096 2096 546 546 562 562 2968 2968 2968 2968 2968 2968 388 388 2968 2968 530 530 402 402 552 552 254 254 208 208 382 382 246 246 208 208 208 208 362 362 
362 362 208 208 262 262 652 652 392 392 712 712 400 400 380 380 640 640 720 720 440 440 632 632 576 576 376 376 248 248 988 988 350 350 1846 1846 586 586 394 394 2968 2968 2848 2848 564 564 522 522 254 254 208 208 326 326 362 362 362 
362 208 208 262 262 432 432 630 630 712 712 602 602 660 660 704 704 722 722 546 546 704 704 704 704 448 448 330 330 718 718 1128 1128 638 638 1752 1752 804 804 334 334 2968 2968 5804 2968 2968 792 792 1616 1616 466 466 468 468 254 254 208 208 420 420 362 246 246 208 208 208 208 362 
362 208 208 262 262 536 536 358 358 712 712 728 728 540 540 742 742 528 528 346 346 724 724 250 250 430 430 662 662 250 250 1212 1212 734 734 2000 2000 406 406 810 810 2968 2968 852 852 414 414 304 304 254 254 208 208 242 242 362 362 362 
362 208 208 262 262 276 276 418 418 362 652 652 658 658 736 736 502 502 458 458 410 410 480 480 242 242 712 712 290 290 238 238 1206 1206 580 580 1772 1772 644 644 460 460 2968 2968 1312 1312 432 432 432 432 284 284 254 254 208 208 674 674 362 362 246 246 208 208 208 208 362 
362 362 208 208 262 262 568 568 688 688 712 712 288 288 638 638 616 616 620 620 508 508 698 698 722 722 592 592 470 470 1092 1092 324 324 492 492 1894 1894 330 330 648 648 2968 2968 2968 2968 3260 2968 424 2968 2968 858 858 224 224 254 254 208 208 548 548 362 362 
362 362 208 208 262 262 430 430 484 484 712 712 398 398 528 528 604 604 580 580 606 606 646 646 268 268 640 640 584 584 892 892 414 414 594 594 2190 2190 2190 2190 508 508 468 468 540 540 2968 2968 2968 2968 3198 2968 362 1614 1614 638 638 728 728 254 254 208 208 598 598 362 362 
362 246 246 208 208 208 208 362 208 208 262 262 734 734 398 398 712 712 376 376 698 698 702 702 734 734 762 762 536 536 736 736 412 412 706 706 1122 1122 446 446 530 530 1902 1902 696 696 746 746 2968 2968 2728 2728 248 248 530 530 254 254 208 208 650 650 362 362 362 
362 208 208 262 262 724 724 548 548 712 712 686 686 702 702 570 570 354 354 402 402 718 718 720 720 700 700 336 336 700 700 436 436 402 402 1918 1918 336 336 460 460 2968 2968 1672 1672 232 232 342 342 254 254 208 208 374 374 362 362 362 
362 208 208 246 246 208 208 208 208 262 262 562 562 652 652 712 712 334 334 356 356 578 578 262 262 552 552 310 310 366 366 774 774 664 664 1082 1082 680 680 306 306 1996 1996 410 410 390 390 2968 2968 5804 2968 2968 316 316 2968 2968 588 588 480 480 640 640 254 254 208 208 276 276 362 362 
362 362 208 208 262 262 504 504 726 726 712 712 564 564 436 436 268 268 272 272 738 738 320 320 450 450 776 776 452 452 918 918 342 342 1850 1850 500 500 722 722 2968 2968 992 992 518 518 342 342 254 254 208 208 492 492 362 362 362 
362 362 208 208 262 262 574 574 698 698 712 712 504 504 536 536 686 686 386 386 760 760 620 620 402 402 334 334 636 636 514 514 858 858 570 570 2160 2160 354 354 512 512 2968 2968 2590 2590 616 616 632 632 584 584 254 254 208 208 600 600 246 246 208 208 208 208 362 362 362 
362 208 208 262 262 346 346 568 568 712 712 696 696 296 296 328 328 428 428 416 416 496 496 482 482 310 310 472 472 328 328 984 984 356 356 476 476 2006 2006 2006 2006 362 362 394 394 2968 2968 2968 2968 2968 2968 606 606 1668 1668 258 258 714 714 254 254 208 208 406 406 362 362 
362 362 208 208 262 262 704 704 600 600 712 712 412 412 408 408 478 478 690 690 730 730 628 628 440 440 674 674 602 602 1152 1152 334 334 1834 1834 712 712 628 628 2968 2968 2968 2968 3448 2968 612 2968 2968 578 578 362 362 516 516 254 254 208 208 444 444 362 246 246 208 208 208 208 362 
362 362 208 208 712 262 262 584 584 606 606 712 614 614 336 336 684 684 740 740 430 430 680 680 242 242 676 676 478 478 1202 1202 408 408 650 650 2118 2118 572 572 488 488 2968 2968 1402 1402 264 264 296 296 254 254 208 208 658 658 362 362 362 
362 208 208 262 262 290 290 734 734 712 712 640 640 474 474 530 530 518 518 336 336 494 494 422 422 530 530 308 308 1138 1138 362 362 1788 1788 308 308 454 454 2968 2968 1000 1000 638 638 502 502 254 254 208 208 626 626 362 362 246 246 208 208 208 208 362 
362 208 208 262 262 540 540 400 400 712 712 370 370 482 482 290 290 638 638 280 280 490 490 380 380 426 426 426 426 1316 1316 734 734 238 238 2104 2104 2104 2104 518 518 620 620 2968 2968 2968 2968 3678 2968 842 1208 1208 332 332 442 442 254 254 208 208 518 518 362 362 
362 362 208 208 262 262 518 518 508 508 712 712 758 758 558 558 492 492 508 508 336 336 628 628 478 478 638 638 686 686 430 430 858 858 238 238 2084 2084 430 430 506 506 2968 2968 2582 2582 342 342 344 344 254 254 208 208 684 684 362 362 362 
208 208 246 246 208 208 362 208 208 262 262 740 740 402 402 712 712 642 642 462 462 364 364 288 288 460 460 610 610 358 358 766 766 348 348 1002 1002 692 692 478 478 1964 1964 420 420 500 500 2968 2968 2968 2968 2968 2968 496 496 2968 2968 314 314 414 414 208 208 254 254 362 362 
362 362 208 208 622 622 556 556 610 610 712 712 450 450 548 548 402 402 284 284 434 434 370 370 724 724 286 286 494 494 610 610 704 704 654 654 1892 1892 488 488 398 398 2968 2968 1466 1466 688 688 340 340 274 274 208 208 506 506 362 362 362 
362 246 246 208 208 208 208 362 208 208 262 262 426 426 562 562 562 562 712 712 732 732 712 712 310 310 714 714 714 714 404 404 624 624 556 556 374 374 564 564 910 910 284 284 1796 1796 404 404 320 320 714 714 2968 2968 2968 2968 3196 2968 360 1390 1390 532 532 552 552 254 254 208 208 352 352 362 362 
362 362 208 208 262 262 500 500 550 550 712 712 492 492 758 758 378 378 432 432 640 640 486 486 318 318 274 274 720 720 1232 1232 412 412 340 340 1840 1840 740 740 800 800 2968 2968 2636 2636 228 228 226 226 254 254 208 208 624 624 362 362 362 
362 208 208 262 262 608 608 696 696 712 712 726 726 546 546 374 374 670 670 446 446 540 540 370 370 650 650 428 428 794 794 272 272 1888 1888 738 738 494 494 2968 2968 2968 2968 2968 2968 490 490 2968 2968 396 396 500 500 222 222 254 254 208 208 540 540 246 246 208 208 208 208 362 362 
362 362 208 208 262 262 348 348 528 528 712 712 464 464 310 310 660 660 248 248 730 730 346 346 302 302 648 648 472 472 674 674 1078 1078 272 272 2154 2154 736 736 328 328 2968 2968 996 996 482 482 680 680 254 254 208 208 384 384 362 362 362 
362 362 208 208 262 262 638 638 506 506 712 712 530 530 600 600 536 536 340 340 378 378 344 344 730 730 286 286 428 428 1014 1014 612 612 606 606 1784 1784 316 316 644 644 2968 2968 1580 1580 676 676 482 482 254 254 208 208 354 354 362 208 208 246 246 208 208 222 222 208 208 362 362 
362 208 208 262 262 384 384 394 394 712 712 612 612 712 712 340 340 620 620 320 320 322 322 386 386 724 724 388 388 726 726 378 378 254 254 2132 2132 384 384 2968 2968 2648 2648 516 516 254 254 208 208 410 410 362 362 362 
362 208 208 262 262 630 630 388 388 712 712 532 532 368 368 384 384 630 630 354 354 336 336 508 508 406 406 242 242 836 836 538 538 646 646 2056 2056 404 404 552 552 2968 2968 2968 2968 3202 2968 366 2968 2968 276 276 618 618 254 254 208 208 254 254 362 362 8942 2968 2968 2968 434 736 736 228 228 326 326 208 208 
362 362 208 208 262 262 328 328 368 368 712 712 294 294 580 580 480 480 330 330 338 338 544 544 674 674 372 372 770 770 442 442 688 688 698 698 1820 1820 700 700 666 666 2968 2968 1108 1108 256 256 254 254 208 208 534 534 362 362 362 
362 208 208 262 262 332 332 324 324 712 712 540 540 564 564 564 564 638 638 538 538 730 730 716 716 300 300 362 362 786 786 232 232 2172 2172 704 704 714 714 2968 2968 2968 2968 2968 2968 412 412 1718 1718 508 508 254 254 208 208 648 648 362 362 
362 246 246 208 208 208 208 362 208 208 262 262 570 570 308 308 712 712 320 320 716 716 642 642 300 300 362 362 500 500 616 616 438 438 730 730 366 366 864 864 334 334 2202 2202 780 780 752 752 2968 2968 1220 1220 616 616 494 494 254 254 208 208 290 290 362 362 
362 362 8942 2968 2968 2968 434 704 704 228 228 760 760 542 542 208 208 208 208 262 262 316 316 520 520 712 712 530 530 388 388 510 510 614 614 750 750 298 298 484 484 518 518 654 654 702 702 812 812 416 416 314 314 2024 2024 578 578 584 584 2968 2968 2348 2348 608 608 462 462 254 254 208 208 236 236 362 362 
362 246 246 208 208 208 208 208 208 262 262 578 578 268 268 712 712 366 366 324 324 354 354 620 620 694 694 610 610 562 562 736 736 270 270 838 838 584 584 578 578 2262 2262 352 352 430 430 2968 2968 2968 2968 3230 2968 394 2968 2968 600 600 316 316 346 346 254 254 208 208 280 280 362 362 
362 208 208 262 262 596 596 402 402 712 712 400 400 582 582 646 646 444 444 480 480 546 546 400 400 448 448 546 546 530 530 946 946 296 296 2048 2048 734 734 722 722 2968 2968 1138 1138 334 334 370 370 254 254 208 208 468 468 362 362 362 
362 362 208 208 262 262 634 634 484 484 712 712 594 594 374 374 706 706 670 670 550 550 270 270 446 446 338 338 1346 1346 616 616 1758 1758 746 746 722 722 2968 2968 1542 1542 388 388 580 580 254 254 208 208 516 516 208 208 246 246 208 208 362 362 362 
362 208 208 286 286 766 766 438 438 712 712 536 536 696 696 430 430 324 324 444 444 538 538 652 652 234 234 266 266 558 558 932 932 708 708 1860 1860 594 594 774 774 2968 2968 2378 2378 594 594 324 324 254 254 208 208 380 380 362 362 362 
362 208 208 262 262 666 666 360 360 712 548 548 754 754 358 358 462 462 682 682 678 678 640 640 636 636 668 668 1132 1132 276 276 448 448 2136 2136 338 338 730 730 2968 2968 5804 2968 2968 664 664 1574 1574 416 416 406 406 254 254 208 208 428 428 362 208 208 246 246 208 208 362 
362 208 208 262 262 282 282 286 286 286 286 454 454 732 732 722 722 512 512 430 430 406 406 712 712 692 692 284 284 706 706 750 750 368 368 396 396 2048 2048 420 420 736 736 2968 2968 1010 1010 586 586 522 522 254 254 208 208 402 402 362 362 362 
362 208 208 262 262 510 510 350 350 712 712 474 474 708 708 552 552 422 422 608 608 490 490 290 290 422 422 476 476 972 972 486 486 2014 2014 312 312 652 652 2968 2968 1278 1278 302 302 336 336 254 254 208 208 590 590 362 362 246 246 208 208 208 208 362 
362 362 208 208 262 262 374 374 750 750 712 712 352 352 454 454 334 334 548 548 704 704 374 374 582 582 284 284 978 978 452 452 700 700 1948 1948 446 446 612 612 2968 2968 2968 2968 3396 2968 560 2968 2968 592 592 670 670 386 386 254 254 208 208 492 492 362 362 
242 362 362 208 208 262 262 472 472 742 742 712 712 522 522 296 296 302 302 658 658 290 290 466 466 404 404 462 462 634 634 1322 1322 338 338 1864 1864 660 660 312 312 2968 2968 2436 2436 724 724 592 592 254 254 208 208 540 540 362 362 362 
246 246 208 208 208 208 362 208 208 262 262 594 594 318 318 712 712 356 356 736 736 366 366 352 352 254 254 316 316 400 400 570 570 1058 1058 542 542 1796 1796 390 390 328 328 2968 2968 1202 1202 1202 1202 520 520 254 254 208 208 364 364 362 362 362 
362 208 208 262 262 476 476 620 620 712 712 570 570 322 322 680 680 382 382 558 558 374 374 440 440 640 640 474 474 408 408 876 876 670 670 2220 2220 348 348 704 704 2968 2968 1230 1230 350 350 712 712 664 664 254 254 208 208 522 522 362 362 362 
362 246 246 208 208 208 208 208 208 262 262 284 284 500 500 712 712 456 456 652 652 704 704 360 360 736 736 664 664 632 632 754 754 688 688 834 834 542 542 1906 1906 336 336 2968 2968 5804 2968 2968 2968 2968 800 800 338 338 254 254 208 208 392 392 362 362 
362 362 208 208 262 262 352 352 542 542 712 712 492 492 414 414 320 320 634 634 414 414 496 496 464 464 470 470 1010 1010 676 676 2074 2074 380 380 358 358 2968 2968 2968 2968 3540 2968 704 1644 1644 336 336 616 616 254 254 208 208 600 600 362 362 
362 362 208 208 262 262 586 586 540 540 712 712 444 444 646 646 562 562 256 256 334 334 664 664 648 648 562 562 1000 1000 594 594 610 610 1868 1868 758 758 360 360 2968 2968 2570 2570 522 522 700 700 254 254 208 208 688 688 208 208 246 246 208 208 362 362 362 
362 208 208 262 262 658 658 324 324 712 712 412 412 740 740 398 398 440 440 748 748 726 726 270 270 402 402 694 694 1268 1268 564 564 2072 2072 768 768 550 550 2968 2968 886 886 684 684 582 582 254 254 208 208 524 524 362 362 362 
362 208 208 622 622 674 674 368 368 712 712 648 648 760 760 298 298 386 386 626 626 420 420 354 354 518 518 252 252 798 798 436 436 1898 1898 306 306 2968 2968 1468 1468 356 356 274 274 208 208 678 678 362 246 246 208 208 208 208 362 362 
362 362 208 208 262 262 336 336 652 652 712 712 512 512 548 548 398 398 424 424 676 676 254 254 636 636 438 438 1042 1042 356 356 1772 1772 1772 1772 484 484 470 470 2968 2968 2968 2968 3520 2968 684 2968 2968 552 552 242 242 666 666 254 254 208 208 538 538 362 362 
