362 362 208 208 262 262 582 582 330 330 712 712 530 530 428 428 744 744 464 464 688 688 274 274 472 472 732 732 340 340 342 342 742 742 542 542 282 282 716 716 396 396 1786 1786 620 620 1982 1982 694 694 714 714 714 714 2968 2968 5804 2968 2968 716 716 2968 2968 5804 2968 2968 374 374 2968 2968 5792 2968 2956 374 374 222 222 254 254 208 208 434 434 362 362 242 242 362 
362 362 208 208 262 262 304 304 324 324 712 712 564 564 754 754 334 334 488 488 682 682 402 402 656 656 532 532 322 322 720 720 700 700 592 592 526 526 336 336 314 314 474 474 1756 1756 430 430 2184 2184 2184 2184 734 734 772 772 418 418 2968 2968 2968 2968 3434 2968 598 2968 2968 2968 2968 3466 2968 630 5804 2968 2968 5804 2968 2968 4808 2968 1972 362 362 246 246 208 208 208 208 362 
362 208 208 262 262 536 536 362 362 712 712 304 304 772 772 520 520 556 556 646 646 272 272 530 530 718 718 530 530 436 436 460 460 666 666 512 512 372 372 330 330 1364 1364 514 514 2290 2290 606 606 2968 2968 5804 2968 2968 732 732 2968 2968 5804 2968 2968 11476 2968 2968 2968 2968 5028 2968 2192 362 362 362 
242 242 362 362 208 208 262 262 552 552 422 422 422 422 600 600 378 378 436 436 574 574 326 326 442 442 624 624 442 442 388 388 548 548 604 604 328 328 642 642 778 778 408 408 864 864 600 600 598 598 2098 2098 622 622 312 312 2968 2968 2968 2968 3384 2968 548 2968 2968 2968 2968 3328 2968 492 2968 2968 2968 2968 2842 2842 384 384 382 382 254 254 208 208 476 476 712 712 362 362 
246 246 208 208 208 208 362 362 208 208 262 262 536 536 330 330 712 712 268 268 732 732 698 698 656 656 662 662 514 514 582 582 450 450 422 422 636 636 478 478 600 600 486 486 264 264 1400 1400 666 666 1888 1888 814 814 684 684 2968 2968 2968 2968 3544 2968 708 2968 2968 5804 2968 2968 768 768 2968 2968 5804 2968 2968 472 472 5804 2968 2968 478 478 362 362 362 
362 208 208 262 262 470 470 470 470 712 712 728 728 734 734 478 478 284 284 438 438 424 424 542 542 288 288 670 670 634 634 336 336 574 574 460 460 276 276 1594 1594 528 528 1866 1866 476 476 330 330 2968 2968 2968 2968 3516 2968 680 2968 2968 2968 2968 2968 2968 640 640 2968 2968 5662 2968 2826 244 244 308 308 254 254 208 208 354 354 362 362 362 
362 246 246 208 208 208 208 362 208 208 262 262 472 472 466 466 712 712 584 584 754 754 566 566 662 662 534 534 262 262 476 476 506 506 312 312 664 664 552 552 552 552 506 506 376 376 368 368 1302 1302 588 588 1996 1996 1996 1996 596 596 480 480 2968 2968 5804 2968 2968 744 744 2968 2968 2968 2968 3418 2968 582 2968 2968 5804 2968 2968 400 400 2968 2968 2968 2968 1282 1282 362 362 362 
362 362 208 208 262 262 696 696 748 748 712 712 400 400 592 592 680 680 278 278 390 390 702 702 668 668 534 534 746 746 668 668 670 670 734 734 574 574 434 434 710 710 1348 1348 610 610 2044 2044 318 318 414 414 2968 2968 2968 2968 2968 2968 3540 2968 704 8640 2968 2968 2968 2968 2968 3478 2968 642 500 500 362 362 362 
362 362 208 208 262 262 418 418 674 674 712 712 288 288 364 364 368 368 246 246 208 208 208 208 684 684 496 496 722 722 618 618 438 438 330 330 436 436 340 340 502 502 710 710 586 586 244 244 994 994 240 240 2246 2246 644 644 2968 2968 2968 2968 2968 2968 3456 2968 620 2968 2968 2968 2968 11476 2968 2968 2968 2968 5686 2968 2850 362 362 362 
362 208 208 262 262 620 620 360 360 712 712 284 284 342 342 694 694 542 542 760 760 442 442 682 682 308 308 664 664 480 480 610 610 744 744 630 630 338 338 1432 1432 596 596 2324 2324 452 452 390 390 2968 2968 2968 2968 2968 2968 754 754 2968 2968 2968 2968 2968 2968 524 524 2968 2968 2968 2968 2968 2968 430 430 2968 2968 2968 2968 566 566 598 598 208 208 254 254 362 362 362 
362 232 232 262 262 568 568 586 586 712 712 290 290 312 312 710 710 592 592 692 692 660 660 616 616 266 266 480 480 454 454 364 364 450 450 336 336 1464 1464 272 272 282 282 1984 1984 412 412 588 588 2968 2968 2968 2968 2968 2968 454 454 2968 2968 2968 2968 2968 2968 756 756 2968 2968 11476 2968 2968 2968 2968 1228 1228 362 246 246 208 208 208 208 362 362 
362 208 208 262 262 722 722 310 310 224 224 712 712 712 712 314 314 426 426 476 476 466 466 440 440 496 496 532 532 764 764 606 606 702 702 522 522 304 304 338 338 610 610 1464 1464 742 742 1880 1880 1880 1880 424 424 504 504 2968 2968 2968 2968 2968 2968 3572 2968 736 5804 2968 2968 5804 2968 2968 3396 2968 560 576 576 330 330 712 712 362 362 362 
362 362 208 208 262 262 280 280 258 258 712 712 460 460 410 410 548 548 522 522 502 502 356 356 290 290 680 680 700 700 328 328 656 656 246 246 664 664 608 608 1272 1272 562 562 2016 2016 480 480 360 360 2968 2968 2968 2968 2968 2968 404 404 2968 2968 2968 2968 3598 2968 762 2968 2968 2968 2968 2908 2908 874 874 362 246 246 208 208 208 208 362 362 
362 362 208 208 262 262 730 730 366 366 712 712 772 772 442 442 406 406 328 328 564 564 730 730 284 284 446 446 274 274 676 676 486 486 436 436 332 332 732 732 1640 1640 338 338 2278 2278 2278 2278 554 554 392 392 2968 2968 5804 2968 2968 792 792 2968 2968 5804 2968 2968 632 632 2968 2968 2968 2968 3394 2968 558 5804 2968 2968 220 220 568 568 254 254 208 208 592 592 362 362 362 
362 208 208 262 262 234 234 732 732 712 532 532 474 474 490 490 470 470 394 394 510 510 458 458 674 674 362 362 492 492 302 302 534 534 480 480 612 612 1200 1200 518 518 1888 1888 1888 1888 550 550 692 692 2968 2968 2968 2968 3324 2968 488 2968 2968 5804 2968 2968 420 420 2968 2968 2968 2968 3312 2968 476 2968 2968 3450 2968 614 486 486 362 362 246 246 208 208 208 208 362 
362 208 208 286 286 504 504 344 344 344 344 712 712 672 672 640 640 456 456 368 368 700 700 496 496 438 438 274 274 410 410 696 696 530 530 356 356 652 652 630 630 1324 1324 670 670 2284 2284 2284 2284 594 594 2968 2968 5804 2968 2968 568 568 2968 2968 2968 2968 2968 2968 3634 2968 798 2968 2968 8640 2968 2968 2968 1996 1996 362 362 362 
362 208 208 262 262 576 576 322 322 712 712 412 412 792 792 662 662 756 756 338 338 396 396 602 602 304 304 294 294 470 470 570 570 262 262 740 740 338 338 1582 1582 550 550 1740 1740 592 592 2968 2968 2968 2968 2968 2968 3674 2968 838 5804 2968 2968 464 464 2968 2968 5594 2968 2758 290 290 330 330 362 362 362 
362 246 246 208 208 208 208 362 208 208 262 262 554 554 682 682 712 712 614 614 296 296 714 714 624 624 418 418 748 748 488 488 514 514 752 752 722 722 624 624 568 568 422 422 410 410 1398 1398 252 252 430 430 1940 1940 804 804 320 320 2968 2968 2968 2968 3614 2968 778 2968 2968 5804 2968 2968 394 394 2968 2968 5804 2968 2968 576 576 2968 2968 2968 2968 296 296 320 320 208 208 254 254 362 362 
362 208 208 262 262 376 376 280 280 712 712 662 662 768 768 522 522 590 590 420 420 404 404 430 430 462 462 764 764 616 616 274 274 752 752 468 468 870 870 620 620 2028 2028 504 504 330 330 2968 2968 2968 2968 2968 2968 738 738 2968 2968 5804 2968 2968 584 584 2968 2968 2968 2968 2968 2968 586 586 2968 2968 2968 2968 1206 1206 362 362 362 
362 362 208 208 262 262 688 688 394 394 712 712 376 376 542 542 596 596 438 438 298 298 306 306 666 666 652 652 632 632 530 530 604 604 702 702 488 488 736 736 354 354 1484 1484 254 254 1890 1890 606 606 536 536 2968 2968 2968 2968 2968 2968 566 566 2968 2968 2968 2968 3518 2968 682 2968 2968 2968 2968 3458 2968 622 5804 2968 2968 1182 1182 362 362 362 
362 208 208 262 262 256 256 376 376 712 712 322 322 800 800 718 718 330 330 338 338 618 618 390 390 746 746 740 740 312 312 646 646 610 610 392 392 348 348 310 310 1068 1068 358 358 1954 1954 436 436 2968 2968 2968 2968 2968 2968 2968 2968 2968 2968 2968 2968 2968 2968 2968 2968 3100 2968 264 506 506 208 208 254 254 362 246 246 208 208 208 208 362 362 
362 362 208 208 622 622 644 644 446 446 712 712 578 578 610 610 718 718 732 732 350 350 450 450 340 340 398 398 380 380 452 452 570 570 700 700 624 624 630 630 300 300 1458 1458 414 414 2050 2050 2050 2050 408 408 488 488 2968 2968 2968 2968 3512 2968 676 5804 2968 2968 3216 2968 380 5804 2968 2968 5804 2968 2968 3552 2968 716 982 982 362 362 362 
362 208 208 262 262 520 520 512 512 712 712 666 666 698 698 436 436 362 362 640 640 614 614 656 656 522 522 304 304 294 294 388 388 606 606 434 434 542 542 498 498 1294 1294 684 684 2128 2128 372 372 762 762 2968 2968 2968 2968 2968 2968 422 422 2968 2968 2968 2968 2968 2968 3622 2968 786 11476 2968 2968 2968 2968 2198 2198 362 246 246 208 208 208 208 362 362 
362 208 208 286 286 614 614 410 410 712 712 584 584 482 482 414 414 290 290 596 596 386 386 732 732 644 644 386 386 720 720 616 616 352 352 482 482 358 358 372 372 1452 1452 368 368 2120 2120 688 688 720 720 2968 2968 5804 2968 2968 648 648 2968 2968 2968 2968 2968 2968 518 518 2968 2968 2968 2968 2968 2968 572 572 2968 2968 2968 2968 440 440 830 830 362 362 362 
362 208 208 262 262 274 274 570 570 712 712 380 380 468 468 544 544 594 594 336 336 366 366 702 702 496 496 660 660 502 502 364 364 682 682 302 302 280 280 1340 1340 604 604 2194 2194 566 566 526 526 2968 2968 2968 2968 2968 2968 3530 2968 694 11476 2968 2968 2968 2968 3910 2968 1074 710 710 362 362 362 208 208 246 246 208 208 
362 362 208 208 286 286 466 466 404 404 712 712 592 592 488 488 442 442 354 354 484 484 594 594 288 288 706 706 592 592 356 356 538 538 312 312 382 382 630 630 802 802 570 570 262 262 1994 1994 746 746 586 586 2968 2968 5804 2968 2968 588 588 2968 2968 5804 2968 2968 802 802 2968 2968 5698 2968 2862 552 552 700 700 254 254 208 208 462 462 362 362 362 
362 362 208 208 262 262 256 256 702 702 712 712 456 456 560 560 716 716 626 626 720 720 402 402 548 548 732 732 506 506 366 366 442 442 300 300 416 416 460 460 1276 1276 410 410 2016 2016 428 428 370 370 2968 2968 2968 2968 3322 2968 486 2968 2968 2968 2968 3426 2968 590 8818 2968 2968 2968 310 312 312 254 254 208 208 436 436 362 362 362 
362 362 246 246 208 208 208 208 208 208 262 262 706 706 550 550 712 712 358 358 724 724 746 746 362 362 728 728 704 704 554 554 326 326 562 562 442 442 478 478 300 300 412 412 730 730 336 336 1428 1428 248 248 2044 2044 2044 2044 692 692 444 444 2968 2968 5804 2968 2968 672 672 2968 2968 2968 2968 2968 2968 424 424 2968 2968 2968 2968 3386 2968 550 5804 2968 2968 1304 1304 362 362 362 
362 208 208 262 262 296 296 292 292 712 712 654 654 366 366 600 600 520 520 302 302 284 284 344 344 398 398 734 734 770 770 586 586 714 714 236 236 398 398 660 660 1464 1464 498 498 1938 1938 1938 1938 742 742 644 644 2968 2968 5804 2968 2968 524 524 2968 2968 2968 2968 3198 2968 362 5804 2968 2968 5804 2968 2968 4390 2968 1554 362 362 362 
362 208 208 262 262 568 568 290 290 712 712 456 456 592 592 638 638 476 476 548 548 424 424 550 550 618 618 650 650 292 292 552 552 434 434 364 364 1624 1624 664 664 2102 2102 460 460 2968 2968 2968 2968 2968 2968 734 734 2968 2968 2968 2968 3178 2968 342 5804 2968 2968 5804 2968 2968 4426 2968 1590 208 208 246 246 208 208 222 222 208 208 362 362 362 
362 208 208 286 286 530 530 486 486 486 486 712 712 232 232 712 328 328 392 392 364 364 592 592 514 514 370 370 300 300 728 728 614 614 746 746 468 468 642 642 652 652 280 280 254 254 1626 1626 710 710 1926 1926 722 722 2968 2968 2968 2968 2968 2968 510 510 2968 2968 2968 2968 2968 2968 624 624 2968 2968 2968 2968 2570 2570 1168 1168 362 362 362 
362 362 208 208 262 262 598 598 298 298 712 712 402 402 616 616 704 704 710 710 596 596 736 736 552 552 684 684 384 384 470 470 478 478 724 724 718 718 270 270 472 472 1200 1200 390 390 1936 1936 574 574 2968 2968 2968 2968 2968 2968 724 724 2968 2968 2968 2968 3356 2968 520 8910 2968 2968 2968 402 330 330 254 254 208 208 582 582 362 2968 2968 6104 2968 2968 432 736 736 228 228 320 320 208 208 362 362 
362 362 208 208 262 262 580 580 712 712 510 510 534 534 546 546 432 432 478 478 304 304 650 650 560 560 330 330 326 326 340 340 646 646 284 284 1180 1180 646 646 538 538 2156 2156 682 682 408 408 2968 2968 2968 2968 2968 2968 644 644 2968 2968 5804 2968 2968 462 462 2968 2968 2968 2968 3580 2968 744 5804 2968 2968 1046 1046 712 712 362 362 362 
362 208 208 262 262 366 366 710 710 712 712 712 488 488 574 574 578 578 552 552 342 342 410 410 762 762 264 264 402 402 568 568 318 318 456 456 294 294 554 554 288 288 1676 1676 244 244 2236 2236 356 356 502 502 2968 2968 2968 2968 3400 2968 564 2968 2968 2968 2968 3262 2968 426 2968 2968 2968 2968 2968 2968 3114 2968 278 3784 2968 948 362 362 246 246 208 208 208 208 362 
362 362 208 208 262 262 390 390 522 522 712 712 410 410 552 552 304 304 760 760 360 360 522 522 346 346 314 314 572 572 728 728 480 480 702 702 558 558 592 592 1292 1292 272 272 1978 1978 1978 1978 338 338 364 364 2968 2968 2968 2968 2968 2968 506 506 2968 2968 5804 2968 2968 664 664 2968 2968 5770 2968 2934 1204 1204 230 230 362 362 
362 362 208 208 262 262 240 240 488 488 488 488 712 712 768 768 310 310 738 738 672 672 400 400 680 680 660 660 742 742 422 422 716 716 296 296 248 248 434 434 696 696 1398 1398 318 318 1916 1916 1916 1916 776 776 814 814 2968 2968 2968 2968 2968 2968 722 722 2968 2968 2968 2968 2968 2968 622 622 2968 2968 2968 2968 3034 2968 528 528 362 362 362 
246 246 208 208 208 208 362 362 208 208 262 262 524 524 456 456 712 712 684 684 356 356 588 588 770 770 450 450 508 508 704 704 466 466 372 372 414 414 608 608 386 386 264 264 368 368 1206 1206 734 734 2004 2004 2004 2004 562 562 718 718 2968 2968 2968 2968 3486 2968 650 2968 2968 2968 2968 3220 2968 384 2968 2968 2968 2968 3236 2968 400 2968 2968 2968 2968 512 512 338 338 208 208 254 254 362 362 362 
362 362 208 208 262 262 246 246 736 736 712 712 654 654 340 340 264 264 268 268 458 458 528 528 604 604 606 606 310 310 768 768 486 486 648 648 744 744 610 610 994 994 522 522 2154 2154 2154 2154 436 436 2968 2968 2968 2968 3404 2968 568 2968 2968 5804 2968 2968 2968 2968 6658 2968 2968 986 5804 2968 2968 1394 1394 362 362 362 
362 246 246 208 208 208 208 208 208 262 262 366 366 400 400 712 712 438 438 630 630 244 244 704 704 318 318 294 294 534 534 282 282 380 380 388 388 766 766 320 320 288 288 478 478 264 264 1234 1234 598 598 2038 2038 430 430 488 488 2968 2968 2968 2968 2968 2968 3486 2968 650 5804 2968 2968 11476 2968 2968 2968 2968 4946 2968 2110 362 362 362 
362 362 232 232 262 262 716 716 620 620 712 712 308 308 528 528 590 590 498 498 468 468 474 474 682 682 454 454 434 434 586 586 306 306 582 582 654 654 1362 1362 408 408 658 658 2062 2062 2062 2062 634 634 680 680 2968 2968 2968 2968 2968 2968 344 344 2968 2968 2968 2968 2968 2968 466 466 2968 2968 2968 2968 2858 2858 586 586 512 512 254 254 208 208 220 220 362 362 362 
362 362 208 208 262 262 254 254 640 640 712 712 406 406 790 790 364 364 594 594 720 720 740 740 208 208 246 246 208 208 538 538 456 456 556 556 440 440 1140 1140 638 638 2062 2062 536 536 732 732 2968 2968 2968 2968 2968 2968 748 748 2968 2968 2968 2968 3546 2968 710 2968 2968 2968 2968 3164 2968 328 5804 2968 2968 882 882 254 254 362 362 362 
362 208 208 262 262 480 480 610 610 712 712 458 458 354 354 288 288 624 624 676 676 670 670 664 664 760 760 562 562 304 304 502 502 694 694 360 360 356 356 640 640 1302 1302 648 648 1862 1862 1862 1862 560 560 2968 2968 2968 2968 2968 2968 2968 2968 2968 2968 3586 2968 750 2968 2968 2968 2968 2968 2968 360 360 2968 2968 2968 2968 768 768 362 362 362 
362 208 208 262 262 664 664 268 268 712 712 634 634 778 778 672 672 708 708 746 746 510 510 516 516 430 430 746 746 518 518 580 580 362 362 504 504 238 238 402 402 1214 1214 256 256 2324 2324 2324 2324 676 676 680 680 2968 2968 2968 2968 3390 2968 554 2968 2968 8640 2968 2968 2968 5804 2968 2968 5804 2968 2968 2618 2618 362 246 246 208 208 208 208 362 362 
362 208 208 262 262 424 424 662 662 712 712 428 428 740 740 554 554 454 454 266 266 328 328 280 280 754 754 294 294 584 584 520 520 522 522 270 270 362 362 554 554 1384 1384 534 534 2058 2058 550 550 394 394 2968 2968 2968 2968 3290 2968 454 2968 2968 2968 2968 3592 2968 756 2968 2968 5722 2968 2886 288 288 724 724 254 254 208 208 642 642 362 362 362 
362 362 208 208 262 262 452 452 334 334 712 712 356 356 580 580 360 360 274 274 280 280 568 568 486 486 650 650 734 734 610 610 362 362 378 378 704 704 684 684 678 678 1342 1342 584 584 1862 1862 1862 1862 466 466 538 538 2968 2968 2968 2968 2968 2968 3220 2968 384 5804 2968 2968 764 764 2968 2968 2968 2968 2566 2566 680 680 532 532 254 254 208 208 688 688 362 362 246 246 208 208 208 208 362 
362 362 208 208 262 262 642 642 352 352 712 712 626 626 408 408 580 580 392 392 290 290 656 656 278 278 572 572 700 700 670 670 674 674 326 326 298 298 1474 1474 346 346 1902 1902 1902 1902 750 750 2968 2968 5804 2968 2968 9238 2968 2968 2968 730 2968 2968 5708 2968 2872 460 460 492 492 362 362 362 
362 362 208 208 262 262 650 650 482 482 712 734 734 638 638 696 696 384 384 470 470 456 456 346 346 712 712 516 516 630 630 584 584 644 644 744 744 608 608 688 688 1558 1558 258 258 2124 2124 574 574 400 400 2968 2968 5804 2968 2968 772 772 2968 2968 2968 2968 2968 2968 762 762 2968 2968 5804 2968 2968 360 360 2968 2968 2926 2926 344 344 330 330 362 362 246 246 208 208 208 208 362 
362 208 208 262 262 374 374 654 654 712 712 632 632 764 764 366 366 392 392 662 662 680 680 726 726 768 768 752 752 304 304 736 736 306 306 252 252 1354 1354 738 738 530 530 1990 1990 1990 1990 604 604 808 808 2968 2968 2968 2968 3688 2968 852 8992 2968 2968 2968 484 2968 2968 5410 2968 2574 902 902 362 362 362 
362 362 208 208 262 262 532 532 696 696 712 712 306 306 308 308 488 488 488 488 382 382 320 320 520 520 366 366 616 616 626 626 626 626 356 356 738 738 784 784 694 694 474 474 716 716 516 516 1126 1126 590 590 2104 2104 648 648 508 508 2968 2968 2968 2968 2968 2968 816 816 2968 2968 2968 2968 3402 2968 566 2968 2968 2968 2968 3238 2968 402 2968 2968 2902 2902 338 338 208 208 254 254 362 362 362 
362 208 208 262 262 386 386 334 334 712 712 492 492 788 788 298 298 434 434 572 572 508 508 492 492 302 302 462 462 530 530 622 622 548 548 494 494 910 910 664 664 2016 2016 2016 2016 624 624 2968 2968 2968 2968 2968 2968 770 770 2968 2968 2968 2968 2968 2968 330 330 2968 2968 2968 2968 2796 2796 318 318 208 208 254 254 362 362 362 
246 246 208 208 208 208 362 208 208 262 262 454 454 698 698 712 712 428 428 672 672 738 738 634 634 432 432 458 458 538 538 616 616 352 352 618 618 392 392 550 550 772 772 678 678 624 624 272 272 1590 1590 484 484 2140 2140 388 388 622 622 2968 2968 2968 2968 3172 2968 336 2968 2968 5804 2968 2968 562 562 2968 2968 2968 2968 3246 2968 410 2968 2968 2968 2968 712 712 330 330 330 330 362 362 362 
362 208 208 262 262 448 448 652 652 712 712 632 632 650 650 544 544 400 400 654 654 360 360 536 536 394 394 500 500 658 658 516 516 574 574 510 510 718 718 322 322 1604 1604 394 394 632 632 2162 2162 796 796 768 768 2968 2968 2968 2968 2968 2968 438 438 2968 2968 2968 2968 2968 2968 736 736 2968 2968 5776 2968 2940 578 578 410 410 254 254 208 208 332 332 362 362 362 
362 208 208 246 246 208 208 208 208 262 262 468 468 720 720 712 712 542 542 360 360 772 772 612 612 568 568 736 736 692 692 724 724 482 482 750 750 292 292 594 594 542 542 1354 1354 292 292 524 524 1968 1968 1968 1968 760 760 522 522 2968 2968 5804 2968 2968 9314 2968 2968 2968 806 2968 2968 2968 2968 3600 2968 764 2968 2968 3264 2968 428 348 348 208 208 254 254 362 362 362 
362 208 208 622 622 246 246 526 526 712 712 680 680 366 366 368 368 716 716 616 616 606 606 400 400 762 762 746 746 762 762 424 424 316 316 686 686 320 320 442 442 1598 1598 498 498 1850 1850 1850 1850 380 380 2968 2968 2968 2968 2968 2968 776 776 2968 2968 2968 2968 2968 2968 818 818 2968 2968 5736 2968 2900 590 590 208 208 274 274 362 362 362 
362 362 208 208 262 262 692 692 536 536 712 712 410 410 642 642 326 326 466 466 334 334 690 690 726 726 584 584 562 562 654 654 734 734 696 696 208 208 246 246 208 208 312 312 296 296 1558 1558 280 280 2016 2016 460 460 410 410 2968 2968 2968 2968 2968 2968 572 572 2968 2968 5804 2968 2968 502 502 2968 2968 2968 2968 2558 2558 492 492 208 208 254 254 362 362 362 
362 362 232 232 262 262 696 696 528 528 712 712 404 404 618 618 404 404 686 686 282 282 372 372 512 512 586 586 628 628 484 484 340 340 522 522 738 738 346 346 1412 1412 510 510 1726 1726 738 738 2968 2968 2968 2968 2968 2968 2968 2968 2968 2968 2968 2968 2968 2968 5804 2968 2968 468 468 420 420 208 208 254 254 362 362 362 
362 362 208 208 262 262 430 430 710 710 712 712 334 334 606 606 498 498 710 710 292 292 686 686 642 642 690 690 294 294 412 412 330 330 528 528 734 734 542 542 240 240 1588 1588 626 626 1796 1796 1796 1796 502 502 512 512 2968 2968 5804 2968 2968 488 488 2968 2968 2968 2968 3140 2968 304 2968 2968 2968 2968 3342 2968 506 2968 2968 2968 2968 256 256 308 308 208 208 254 254 362 246 246 208 208 208 208 362 362 
362 208 208 262 262 268 268 292 292 712 712 384 384 768 768 278 278 518 518 544 544 666 666 368 368 330 330 756 756 296 296 544 544 320 320 402 402 400 400 278 278 1360 1360 280 280 1936 1936 1936 1936 446 446 680 680 2968 2968 5804 2968 2968 558 558 2968 2968 5804 2968 2968 642 642 2968 2968 5804 2968 2968 632 632 2968 2968 2918 2918 678 678 490 490 254 254 208 208 280 280 362 362 362 
362 208 208 262 262 710 710 688 688 712 712 724 724 604 604 676 676 620 620 322 322 460 460 370 370 364 364 646 646 670 670 312 312 740 740 436 436 286 286 1668 1668 458 458 2214 2214 808 808 392 392 2968 2968 5804 2968 2968 334 334 2968 2968 2968 2968 2968 2968 752 752 2968 2968 5804 2968 2968 588 588 2968 2968 2968 2968 280 280 366 366 318 318 254 254 208 208 712 712 362 362 246 246 208 208 208 208 362 
362 208 208 262 262 680 680 410 410 712 712 718 718 784 784 322 322 708 708 448 448 332 332 398 398 648 648 732 732 700 700 446 446 582 582 492 492 468 468 1528 1528 362 362 362 
362 362 208 208 262 262 354 354 518 518 712 712 292 292 498 498 510 510 542 542 704 704 638 638 654 654 494 494 756 756 330 330 668 668 758 758 564 564 1548 1548 370 370 2248 2248 2248 2248 522 522 432 432 2968 2968 5804 2968 2968 578 578 2968 2968 5804 2968 2968 470 470 2968 2968 2968 2968 3228 2968 392 2968 2968 2968 2968 304 304 762 762 208 208 254 254 362 362 362 208 208 246 246 208 208 
362 208 208 286 286 680 680 372 372 712 712 602 602 598 598 418 418 672 672 706 706 260 260 624 624 562 562 592 592 508 508 666 666 302 302 750 750 280 280 612 612 1408 1408 624 624 2268 2268 304 304 2968 2968 2968 2968 5804 2968 2968 2968 2968 5804 2968 2968 11476 2968 2968 2968 2968 984 984 600 600 454 454 362 362 362 
362 208 208 262 262 358 358 254 254 712 712 598 598 638 638 484 484 754 754 270 270 406 406 722 722 670 670 432 432 702 702 268 268 354 354 448 448 508 508 1380 1380 582 582 2200 2200 2200 2200 320 320 634 634 2968 2968 2968 2968 3442 2968 606 2968 2968 5804 2968 2968 530 530 2968 2968 5396 2968 2560 674 674 254 254 208 208 340 340 362 362 362 
362 246 246 208 208 208 208 362 208 208 262 262 432 432 596 596 274 274 642 642 544 544 450 450 712 368 368 636 636 618 618 372 372 586 586 284 284 708 708 544 544 306 306 1674 1674 710 710 2146 2146 2146 2146 636 636 2968 2968 5804 2968 2968 796 796 2968 2968 5804 2968 2968 5804 2968 2968 2968 2968 5804 2968 2968 392 392 254 254 208 208 228 228 362 362 362 
362 208 208 262 262 648 648 504 504 712 712 742 742 506 506 374 374 476 476 266 266 664 664 394 394 622 622 754 754 406 406 782 782 636 636 700 700 394 394 380 380 1564 1564 690 690 1928 1928 1928 1928 780 780 810 810 2968 2968 5804 2968 2968 590 590 2968 2968 2968 2968 3318 2968 482 2968 2968 2968 2968 2968 2968 482 482 2968 2968 3446 2968 610 384 384 208 208 254 254 362 362 362 
362 208 208 262 262 284 284 356 356 712 712 682 682 592 592 316 316 702 702 454 454 730 730 290 290 708 708 294 294 404 404 386 386 512 512 246 246 208 208 208 208 544 544 422 422 604 604 680 680 1524 1524 386 386 1880 1880 1880 1880 434 434 422 422 2968 2968 2968 2968 2968 2968 548 548 2968 2968 5804 2968 2968 332 332 2968 2968 2968 2968 2968 2968 564 564 2968 2968 2968 2968 500 500 254 254 362 362 
362 362 208 208 262 262 366 366 744 744 712 712 700 700 488 488 382 382 356 356 466 466 452 452 264 264 388 388 316 316 726 726 286 286 508 508 310 310 376 376 1632 1632 688 688 1768 1768 374 374 2968 2968 2968 2968 2968 2968 722 722 2968 2968 2968 2968 3606 2968 770 2968 2968 5554 2968 2718 548 548 728 728 208 208 254 254 362 362 362 
362 362 208 208 262 262 284 284 646 646 712 712 528 528 434 434 326 326 430 430 446 446 378 378 296 296 462 462 636 636 588 588 722 722 380 380 594 594 682 682 266 266 1084 1084 544 544 2052 2052 578 578 2968 2968 2968 2968 2968 2968 500 500 2968 2968 2968 2968 3596 2968 760 2968 2968 2968 2968 3116 2968 280 2968 2968 2968 2968 374 374 590 590 208 208 254 254 362 208 208 246 246 208 208 362 362 
362 208 208 262 262 470 470 312 312 712 712 342 342 602 602 678 678 562 562 280 280 608 608 400 400 282 282 758 758 726 726 426 426 690 690 508 508 1600 1600 410 410 2218 2218 2218 2218 438 438 352 352 2968 2968 5804 2968 2968 566 566 2968 2968 2968 2968 3494 2968 658 2968 2968 2968 2968 3500 2968 664 2968 2968 2968 2968 360 360 318 318 254 254 208 208 426 426 362 362 362 
362 208 208 262 262 688 688 498 498 712 712 598 598 454 454 460 460 738 738 638 638 512 512 596 596 696 696 444 444 502 502 654 654 272 272 304 304 510 510 430 430 1360 1360 724 724 2024 2024 2024 2024 398 398 644 644 2968 2968 5804 2968 2968 574 574 2968 2968 5804 2968 2968 690 690 2968 2968 5468 2968 2632 684 684 208 208 254 254 362 362 208 208 246 246 208 208 362 
362 362 208 208 262 262 576 576 366 366 712 712 436 436 446 446 674 674 534 534 502 502 638 638 518 518 278 278 610 610 326 326 284 284 534 534 434 434 1488 1488 280 280 458 458 2114 2114 592 592 396 396 2968 2968 2968 2968 2968 2968 520 520 2968 2968 2968 2968 3284 2968 448 2968 2968 5366 2968 2530 456 456 302 302 254 254 208 208 710 710 362 362 362 
362 362 208 208 262 262 636 636 624 624 712 712 470 470 488 488 690 690 744 744 410 410 424 424 538 538 312 312 766 766 656 656 496 496 476 476 1812 1812 278 278 1842 1842 398 398 790 790 2968 2968 5804 2968 2968 530 530 2968 2968 5804 2968 2968 760 760 2968 2968 2968 2968 2522 2522 416 416 208 208 254 254 362 362 362 246 246 208 208 208 208 
362 362 208 208 262 262 392 392 738 738 712 712 500 500 436 436 754 754 334 334 288 288 354 354 286 286 330 330 300 300 350 350 376 376 472 472 392 392 328 328 720 720 410 410 708 708 1808 1808 728 728 1822 1822 306 306 702 702 2968 2968 2968 2968 2968 2968 450 450 2968 2968 5804 2968 2968 542 542 2968 2968 5804 2968 2968 540 540 2968 2968 3308 2968 472 290 290 330 330 362 362 362 
362 208 208 262 262 266 266 462 462 712 712 370 370 368 368 774 774 728 728 232 232 564 564 606 606 478 478 584 584 730 730 700 700 380 380 646 646 498 498 1274 1274 246 246 1912 1912 640 640 640 640 2968 2968 2968 2968 3664 2968 828 2968 2968 2968 2968 3244 2968 408 2968 2968 2968 2968 2968 2968 214 214 348 348 306 306 208 208 254 254 362 362 362 
362 246 246 208 208 208 208 362 208 208 262 262 500 500 402 402 712 712 418 418 474 474 570 570 484 484 642 642 560 560 774 774 754 754 436 436 610 610 282 282 570 570 1288 1288 546 546 2112 2112 2112 2112 628 628 412 412 2968 2968 5804 2968 2968 692 692 2968 2968 2968 2968 3396 2968 560 2968 2968 2968 2968 3450 2968 614 2968 2968 2968 2968 226 226 476 476 712 712 208 208 254 254 362 362 362 
362 208 208 262 262 294 294 646 646 712 712 504 504 514 514 738 738 650 650 454 454 522 522 708 708 318 318 502 502 636 636 298 298 738 738 358 358 352 352 1408 1408 406 406 2174 2174 318 318 2968 2968 2968 2968 2968 2968 702 702 2968 2968 5804 2968 2968 440 440 2968 2968 5804 2968 2968 458 458 2968 2968 3584 2968 748 208 208 254 254 362 362 362 
362 208 208 262 262 472 472 564 564 712 712 384 384 788 788 618 618 246 246 208 208 208 208 504 504 716 716 506 506 398 398 460 460 474 474 546 546 636 636 352 352 356 356 1768 1768 332 332 2228 2228 2228 2228 782 782 762 762 2968 2968 2968 2968 2968 2968 714 714 2968 2968 5804 2968 2968 516 516 2968 2968 2968 2968 2968 2968 5804 2968 2968 304 304 772 772 362 362 362 
362 208 208 262 262 438 438 400 400 712 712 678 678 462 462 346 346 392 392 702 702 428 428 480 480 344 344 346 346 652 652 364 364 414 414 288 288 708 708 1410 1410 636 636 1974 1974 604 604 736 736 2968 2968 2968 2968 2968 2968 486 486 2968 2968 2968 2968 3456 2968 620 2968 2968 5804 2968 2968 216 216 704 704 350 350 254 254 208 208 436 436 362 362 362 
362 362 208 208 262 262 656 656 490 490 712 712 418 418 444 444 648 648 744 744 696 696 560 560 558 558 592 592 620 620 746 746 698 698 290 290 682 682 244 244 466 466 1206 1206 432 432 1846 1846 704 704 2968 2968 2968 2968 2968 2968 920 920 2968 2968 2968 2968 2968 2968 632 632 2968 2968 2968 2968 3184 2968 348 2968 2968 2968 2968 304 304 346 346 274 274 254 254 208 208 698 698 362 246 246 208 208 208 208 362 362 
362 208 208 262 262 568 568 534 534 712 712 278 278 538 538 678 678 462 462 768 768 716 716 410 410 320 320 614 614 624 624 472 472 762 762 476 476 1218 1218 624 624 2070 2070 2070 2070 718 718 386 386 2968 2968 2968 2968 2968 2968 554 554 2968 2968 5804 2968 2968 772 772 2968 2968 5804 2968 2968 370 370 2968 2968 2968 2968 378 378 504 504 208 208 254 254 362 362 362 
362 208 208 622 622 300 300 612 612 712 712 330 330 396 396 652 652 440 440 758 758 492 492 362 362 324 324 576 576 448 448 266 266 712 712 1320 1320 540 540 2032 2032 386 386 2968 2968 2968 2968 2968 2968 864 864 2968 2968 2968 2968 2968 2968 380 380 2968 2968 2968 2968 2860 2860 632 632 208 208 274 274 362 246 246 208 208 208 208 362 362 
362 362 208 208 262 262 632 632 458 458 712 712 436 436 596 596 708 708 516 516 744 744 500 500 472 472 660 660 488 488 618 618 282 282 592 592 474 474 464 464 1700 1700 398 398 2124 2124 2124 2124 408 408 2968 2968 5804 2968 2968 5804 2968 2968 2968 2968 874 874 2968 2968 2968 2968 2948 2948 392 392 208 208 254 254 362 362 362 
362 362 208 208 262 262 318 318 274 274 712 712 330 330 566 566 762 762 384 384 588 588 664 664 322 322 756 756 548 548 330 330 418 418 264 264 1492 1492 650 650 496 496 2088 2088 500 500 620 620 2968 2968 5804 2968 2968 516 516 2968 2968 2968 2968 2968 2968 480 480 2968 2968 5370 2968 2534 384 384 208 208 254 254 362 362 362 208 208 246 246 208 208 
362 362 208 208 262 262 428 428 518 518 712 712 766 766 390 390 392 392 490 490 364 364 666 666 652 652 388 388 394 394 448 448 332 332 758 758 260 260 716 716 1500 1500 288 288 2020 2020 356 356 2968 2968 2968 2968 2968 2968 924 924 2968 2968 2968 2968 3482 2968 646 2968 2968 2968 2968 3614 2968 778 2968 2968 2908 2908 556 556 208 208 254 254 362 362 362 
362 208 208 262 262 686 686 730 730 712 712 272 272 344 344 330 330 260 260 628 628 636 636 320 320 580 580 452 452 714 714 558 558 574 574 318 318 1264 1264 556 556 1808 1808 1808 1808 490 490 2968 2968 2968 2968 2968 2968 5804 2968 2968 3440 2968 604 2968 2968 2968 2968 2968 2968 574 574 2968 2968 2968 2968 386 386 254 254 362 362 362 
208 208 246 246 208 208 362 208 208 262 262 496 496 702 702 712 324 324 452 452 364 364 702 702 390 390 580 580 414 414 530 530 522 522 282 282 564 564 616 616 726 726 348 348 670 670 1308 1308 360 360 2124 2124 700 700 2968 2968 5804 2968 2968 560 560 2968 2968 5804 2968 2968 800 800 2968 2968 5718 2968 2882 704 704 522 522 254 254 208 208 630 630 362 362 362 
362 362 232 232 262 262 240 240 490 490 392 392 712 712 536 536 542 542 576 576 718 718 464 464 294 294 352 352 284 284 398 398 406 406 1438 1438 546 546 1994 1994 554 554 750 750 2968 2968 2968 2968 2968 2968 456 456 2968 2968 2968 2968 2968 2968 716 716 2968 2968 2968 2968 2724 2724 522 522 208 208 254 254 362 362 362 
362 362 208 208 262 262 380 380 488 488 246 246 208 208 208 208 712 712 742 742 666 666 734 734 620 620 706 706 574 574 478 478 760 760 398 398 308 308 280 280 346 346 284 284 1482 1482 674 674 1880 1880 1880 1880 338 338 2968 2968 2968 2968 2968 2968 906 906 2968 2968 2968 2968 2968 2968 638 638 2968 2968 2968 2968 2968 2968 632 632 2968 2968 2966 2966 608 608 208 208 254 254 362 362 362 
362 208 208 262 262 310 310 412 412 712 712 550 550 614 614 330 330 444 444 588 588 682 682 518 518 252 252 308 308 580 580 286 286 698 698 722 722 282 282 1374 1374 676 676 2042 2042 780 780 458 458 2968 2968 2968 2968 2968 2968 9504 2968 2968 2968 996 2968 2968 5804 2968 2968 414 414 2968 2968 3394 2968 558 366 366 552 552 254 254 208 208 622 622 362 362 8942 2968 2968 2968 434 704 704 228 228 760 760 542 542 208 208 362 
362 208 208 262 262 352 352 424 424 712 712 356 356 422 422 328 328 328 328 394 394 722 722 552 552 340 340 620 620 344 344 360 360 750 750 488 488 616 616 756 756 452 452 392 392 1382 1382 614 614 2268 2268 600 600 738 738 2968 2968 5804 2968 2968 350 350 2968 2968 2968 2968 3536 2968 700 2968 2968 2968 2968 2968 2968 416 416 2968 2968 2968 2968 410 410 396 396 330 330 362 208 208 246 246 208 208 362 362 
362 208 208 286 286 534 534 604 604 712 712 752 752 482 482 592 592 240 240 548 548 324 324 442 442 724 724 664 664 660 660 282 282 262 262 618 618 508 508 1396 1396 254 254 1806 1806 512 512 710 710 2968 2968 2968 2968 2968 2968 378 378 2968 2968 5804 2968 2968 5804 2968 2968 3078 2968 242 716 716 284 284 254 254 208 208 436 436 362 362 362 
362 362 208 208 262 262 586 586 678 678 712 712 538 538 348 348 622 622 358 358 246 246 428 428 786 786 666 666 722 722 526 526 622 622 592 592 1340 1340 702 702 1870 1870 1870 1870 678 678 358 358 2968 2968 5804 2968 2968 720 720 2968 2968 2968 2968 2968 2968 732 732 2968 2968 2968 2968 2968 2968 666 666 2968 2968 2968 2968 494 494 478 478 208 208 254 254 362 246 246 208 208 208 208 362 362 
362 208 208 262 262 258 258 262 262 262 262 712 712 474 474 558 558 392 392 292 292 550 550 462 462 300 300 502 502 408 408 270 270 588 588 1470 1470 428 428 392 392 1892 1892 544 544 2968 2968 2968 2968 2968 2968 5804 2968 2968 3896 2968 1060 2968 2968 5692 2968 2856 584 584 362 362 362 
362 362 208 208 262 262 400 400 444 444 712 712 448 448 516 516 634 634 516 516 282 282 414 414 584 584 606 606 612 612 284 284 494 494 702 702 390 390 368 368 690 690 1512 1512 404 404 1782 1782 1782 1782 420 420 438 438 2968 2968 5804 2968 2968 362 362 2968 2968 5804 2968 2968 482 482 2968 2968 2968 2968 2546 2546 382 382 496 496 254 254 208 208 248 248 362 362 208 208 246 246 208 208 362 
362 362 208 208 262 262 732 732 408 408 712 712 576 576 364 364 748 748 600 600 438 438 420 420 526 526 602 602 704 704 682 682 466 466 304 304 298 298 604 604 662 662 1278 1278 362 362 1858 1858 808 808 3504 2968 668 11476 2968 2968 2968 2968 3710 2968 874 2968 2968 2968 2968 2956 2956 318 318 208 208 254 254 362 362 362 
362 362 208 208 262 262 444 444 310 310 712 712 726 726 490 490 620 620 658 658 678 678 402 402 412 412 712 712 712 712 354 354 352 352 368 368 356 356 364 364 232 232 1056 1056 600 600 2130 2130 440 440 500 500 2968 2968 5804 2968 2968 9056 2968 2968 2968 548 2968 2968 2968 2968 2968 2968 358 358 2968 2968 2968 2968 704 704 254 254 362 362 362 
246 246 208 208 208 208 362 208 208 262 262 588 588 270 270 712 712 326 326 754 754 526 526 626 626 366 366 716 716 754 754 416 416 630 630 592 592 456 456 504 504 1106 1106 346 346 2128 2128 518 518 656 656 2968 2968 5804 2968 2968 428 428 2968 2968 2968 2968 3552 2968 716 2968 2968 2968 2968 2968 2968 320 320 2968 2968 3066 2968 230 440 440 540 540 254 254 208 208 282 282 282 282 362 362 362 
362 208 208 262 262 246 246 662 662 712 712 316 316 416 416 268 268 454 454 444 444 288 288 734 734 750 750 488 488 674 674 322 322 238 238 540 540 480 480 1598 1598 444 444 1698 1698 588 588 746 746 746 746 2968 2968 5804 2968 2968 480 480 2968 2968 2968 2968 2968 2968 526 526 2968 2968 2968 2968 2788 2788 504 504 556 556 254 254 208 208 420 420 420 420 362 242 242 362 362 
362 362 208 208 246 246 208 208 208 208 262 262 372 372 698 698 712 712 700 700 730 730 300 300 722 722 684 684 544 544 414 414 524 524 462 462 690 690 422 422 294 294 396 396 702 702 438 438 1684 1684 288 288 368 368 1968 1968 778 778 656 656 2968 2968 2968 2968 2968 2968 746 746 2968 2968 2968 2968 3268 2968 432 2968 2968 2968 2968 2968 2968 636 636 546 546 254 254 208 208 262 262 362 362 362 
362 208 208 262 262 504 504 720 720 712 712 496 496 464 464 716 716 496 496 520 520 664 664 412 412 368 368 576 576 688 688 338 338 250 250 268 268 1678 1678 246 246 1992 1992 1992 1992 318 318 542 542 2968 2968 5804 2968 2968 638 638 2968 2968 2968 2968 5804 2968 2968 6046 2968 2968 374 2968 2968 3358 2968 522 528 528 256 256 254 254 208 208 602 602 362 362 362 
