362 362 208 208 622 622 390 390 488 488 694 694 528 528 348 348 448 448 740 740 324 324 364 364 556 556 312 312 252 252 990 990 608 608 712 358 358 2074 2074 2968 2968 704 704 2968 2968 966 966 2968 2968 780 780 2968 2968 716 716 2968 2968 726 726 1514 1514 756 756 208 208 274 274 712 362 362 
362 246 246 208 208 208 208 362 208 208 262 262 264 264 580 580 712 712 610 610 718 718 682 682 352 352 768 768 334 334 664 664 532 532 506 506 310 310 894 894 422 422 634 634 1688 1688 2968 2968 884 884 2968 2968 826 826 2968 2968 1054 1054 2968 2968 1058 1058 2968 2968 2592 2592 362 362 
362 362 2968 2968 2968 2968 2494 2494 208 208 234 234 262 262 722 722 320 320 1040 1040 856 856 712 712 540 540 446 446 504 504 448 448 362 362 728 728 668 668 336 336 336 336 700 700 798 798 598 598 666 666 274 274 2086 2086 2968 2968 824 824 2968 2968 882 882 2968 2968 902 902 2968 2968 1098 1098 2968 2968 2536 2536 522 522 254 254 208 208 452 452 362 362 
362 362 208 208 262 262 348 348 646 646 712 712 514 514 766 766 634 634 462 462 704 704 246 246 208 208 466 466 208 208 324 324 524 524 304 304 704 704 946 946 636 636 590 590 2020 2020 2968 2968 968 968 2968 2968 1094 1094 2968 2968 724 724 2968 2968 786 786 2968 2968 844 844 1446 1446 438 438 692 692 254 254 208 208 382 382 362 362 
362 362 208 208 262 262 670 670 306 306 712 712 520 520 302 302 434 434 506 506 276 276 354 354 706 706 300 300 428 428 726 726 320 320 338 338 454 454 1978 1978 2968 2968 1106 1106 2968 2968 948 948 2968 2968 762 762 2968 2968 1144 1144 2968 2968 2778 2778 254 254 208 208 690 690 362 362 362 
362 362 208 208 262 262 304 304 568 568 712 712 300 300 364 364 714 714 402 402 556 556 662 662 274 274 718 718 306 306 296 296 1044 1044 408 408 280 280 1738 1738 2968 2968 966 966 2968 2968 904 904 2968 2968 676 676 2968 2968 1062 1062 2968 2968 1102 1102 1326 1326 496 496 558 558 254 254 208 208 318 318 246 246 208 208 208 208 362 362 
362 362 208 208 262 262 566 566 280 280 712 712 510 510 296 296 764 764 668 668 496 496 642 642 642 642 422 422 546 546 414 414 798 798 670 670 722 722 682 682 2128 2128 2968 2968 1094 1094 2968 2968 1140 1140 2968 2968 972 972 2968 2968 714 714 2968 2968 956 956 1374 1374 472 472 444 444 254 254 208 208 468 468 362 8942 2968 2968 2968 434 704 704 228 228 760 760 542 542 208 208 362 
362 362 208 208 262 262 672 672 634 634 712 712 738 738 606 606 514 514 562 562 744 744 738 738 608 608 672 672 478 478 1028 1028 608 608 544 544 510 510 2050 2050 2968 2968 714 714 2968 2968 1010 1010 2968 2968 680 680 2968 2968 3870 2968 1034 2494 2494 568 568 254 254 208 208 598 598 362 246 246 208 208 208 208 362 
362 362 208 208 262 262 668 668 536 536 712 712 760 760 538 538 364 364 644 644 744 744 630 630 328 328 290 290 294 294 490 490 704 704 286 286 254 254 1992 1992 2968 2968 856 856 2968 2968 1104 1104 2968 2968 1004 1004 2968 2968 2968 2968 2876 2876 456 456 362 362 
362 362 208 208 286 286 656 656 778 778 712 712 776 776 452 452 502 502 648 648 594 594 542 542 624 624 464 464 670 670 870 870 384 384 384 384 298 298 276 276 1880 1880 2968 2968 1168 1168 2968 2968 992 992 2968 2968 860 860 2968 2968 1060 1060 2968 2968 706 706 1208 1208 208 208 254 254 362 362 362 208 208 246 246 208 208 208 208 
362 362 208 208 262 262 442 442 312 312 712 712 646 646 404 404 634 634 276 276 634 634 612 612 702 702 492 492 756 756 476 476 708 708 272 272 526 526 1762 1762 2968 2968 980 980 2968 2968 758 758 2968 2968 886 886 2968 2968 2968 2968 2902 2902 254 254 208 208 340 340 340 340 362 362 
362 362 208 208 262 262 238 238 510 510 712 712 526 526 376 376 512 512 278 278 444 444 594 594 440 440 398 398 448 448 670 670 566 566 300 300 578 578 1926 1926 2968 2968 1144 1144 2968 2968 764 764 2968 2968 942 942 2968 2968 748 748 2968 2968 1106 1106 1492 1492 326 326 700 700 208 208 254 254 362 362 
362 208 208 322 322 362 208 208 262 262 264 264 374 374 712 712 458 458 450 450 428 428 332 332 418 418 316 316 722 722 530 530 494 494 320 320 950 950 486 486 374 374 624 624 1954 1954 2968 2968 1042 1042 2968 2968 860 860 2968 2968 1158 1158 2968 2968 842 842 2968 2968 1062 1062 2072 2072 362 362 362 
362 362 208 208 262 262 328 328 432 432 712 712 476 476 420 420 404 404 296 296 630 630 432 432 388 388 518 518 636 636 1102 1102 620 620 336 336 470 470 1978 1978 2968 2968 1162 1162 2968 2968 1096 1096 2968 2968 868 868 2968 2968 2968 2968 1486 1486 1262 1262 424 424 330 330 254 254 208 208 526 526 362 362 
362 362 208 208 262 262 644 644 660 660 712 712 604 604 774 774 388 388 736 736 246 246 208 208 208 208 382 382 328 328 436 436 430 430 668 668 1124 1124 446 446 432 432 252 252 1870 1870 2968 2968 848 848 2968 2968 666 666 2968 2968 914 914 2968 2968 940 940 2968 2968 664 664 1124 1124 446 446 254 254 208 208 638 638 362 362 
362 362 208 208 262 262 472 472 614 614 712 712 680 680 676 676 508 508 266 266 554 554 352 352 476 476 442 442 704 704 660 660 892 892 590 590 532 532 1830 1830 2968 2968 828 828 2968 2968 866 866 2968 2968 798 798 2968 2968 744 744 2968 2968 1052 1052 1212 1212 462 462 506 506 254 254 208 208 700 700 242 242 362 362 
362 362 208 208 262 262 430 430 280 280 644 644 732 732 278 278 428 428 402 402 624 624 418 418 414 414 508 508 546 546 944 944 362 458 458 574 574 2020 2020 712 712 2968 2968 794 794 2968 2968 858 858 2968 2968 1008 1008 2968 2968 800 800 2968 2968 2074 2074 492 492 254 254 208 208 528 528 246 246 208 208 208 208 362 362 
362 362 208 208 286 286 470 470 702 702 712 712 452 452 460 460 528 528 590 590 402 402 358 358 652 652 596 596 608 608 782 782 604 604 1744 1744 618 618 2968 2968 1018 1018 2968 2968 918 918 2968 2968 824 824 2968 2968 980 980 2968 2968 652 652 1278 1278 478 478 254 254 208 208 548 548 362 362 
362 362 232 232 262 262 334 334 736 736 712 712 676 676 456 456 282 282 420 420 652 652 452 452 616 616 734 734 356 356 318 318 1054 1054 542 542 300 300 1752 1752 2968 2968 710 710 2968 2968 876 876 2968 2968 992 992 2968 2968 770 770 2968 2968 3104 2968 268 660 660 254 254 208 208 354 354 362 246 246 208 208 208 208 362 
362 362 208 208 262 262 406 406 386 386 712 712 748 748 670 670 548 548 558 558 498 498 450 450 750 750 542 542 542 542 690 690 1006 1006 708 708 562 562 266 266 1890 1890 2968 2968 942 942 2968 2968 1094 1094 2968 2968 922 922 2968 2968 3686 2968 850 1128 1128 1672 1672 708 708 254 254 208 208 412 412 362 362 
362 362 208 208 262 262 500 500 382 382 712 712 570 570 764 764 428 428 662 662 688 688 676 676 620 620 540 540 576 576 688 688 348 348 712 712 556 556 1646 1646 2968 2968 804 804 2968 2968 852 852 2968 2968 1112 1112 2968 2968 792 792 2968 2968 806 806 1346 1346 510 510 376 376 254 254 208 208 416 416 362 362 208 208 246 246 208 208 
362 362 232 232 262 262 384 384 734 734 712 712 460 460 422 422 612 612 486 486 714 714 748 748 300 300 494 494 296 296 588 588 1132 1132 380 380 478 478 1674 1674 2968 2968 832 832 2968 2968 702 702 2968 2968 700 700 2968 2968 2968 2968 1370 1370 1594 1594 520 520 432 432 254 254 208 208 212 212 362 362 
362 362 208 208 262 262 728 728 574 574 574 574 712 712 678 678 472 472 292 292 428 428 276 276 374 374 632 632 460 460 422 422 578 578 898 898 492 492 704 704 1860 1860 2968 2968 1058 1058 2968 2968 768 768 2968 2968 712 712 2968 2968 710 710 2968 2968 2564 2564 224 224 254 254 208 208 510 510 362 362 
362 246 246 208 208 208 208 362 208 208 262 262 582 582 320 320 712 712 284 284 614 614 716 716 658 658 350 350 408 408 342 342 730 730 604 604 940 940 748 748 424 424 464 464 1924 1924 2968 2968 776 776 2968 2968 878 878 2968 2968 658 658 2968 2968 1012 1012 2968 2968 1132 1132 1516 1516 664 664 564 564 254 254 208 208 270 270 362 362 
362 362 208 208 262 262 516 516 702 702 712 712 372 372 784 784 716 716 314 314 502 502 282 282 438 438 628 628 666 666 730 730 1088 1088 344 344 330 330 1938 1938 2968 2968 918 918 2968 2968 1036 1036 2968 2968 810 810 2968 2968 670 670 2968 2968 1086 1086 1416 1416 620 620 308 308 254 254 208 208 572 572 362 362 
362 362 246 246 208 208 208 208 208 208 262 262 596 596 536 536 712 712 608 608 698 698 476 476 294 294 466 466 742 742 588 588 322 322 470 470 780 780 546 546 662 662 658 658 1902 1902 2968 2968 922 922 2968 2968 820 820 2968 2968 864 864 2968 2968 674 674 2968 2968 848 848 1318 1318 396 396 254 254 208 208 582 582 362 362 362 
362 362 208 208 262 262 250 250 426 426 712 712 376 376 558 558 332 332 438 438 752 752 574 574 760 760 650 650 498 498 696 696 1138 1138 234 234 672 672 1976 1976 2968 2968 776 776 2968 2968 864 864 2968 2968 662 662 2968 2968 1026 1026 2968 2968 958 958 1508 1508 460 460 208 208 254 254 362 362 
362 362 208 208 622 622 420 420 672 672 712 712 706 706 286 286 538 538 254 254 746 746 380 380 420 420 410 410 602 602 948 948 250 250 394 394 294 294 1650 1650 2968 2968 716 716 2968 2968 744 744 2968 2968 712 712 2968 2968 752 752 2968 2968 1710 1710 696 696 308 308 274 274 208 208 486 486 486 486 208 208 246 246 208 208 208 208 362 362 
362 362 208 208 262 262 398 398 354 354 712 764 764 712 548 548 350 350 506 506 616 616 444 444 440 440 316 316 740 740 1022 1022 598 598 608 608 350 350 1866 1866 2968 2968 1022 1022 2968 2968 692 692 2968 2968 964 964 2968 2968 864 864 2968 2968 958 958 1506 1506 628 628 614 614 254 254 208 208 606 606 362 362 
362 362 208 208 262 262 446 446 282 282 712 712 462 462 672 672 500 500 592 592 432 432 556 556 680 680 472 472 620 620 1044 1044 316 316 718 718 258 258 2090 2090 2968 2968 1032 1032 2968 2968 824 824 2968 2968 760 760 2968 2968 5026 2968 2190 254 254 648 648 362 246 246 208 208 208 208 362 
362 362 208 208 262 262 490 490 626 626 712 712 656 656 624 624 400 400 752 752 580 580 506 506 716 716 308 308 746 746 732 732 778 778 714 714 726 726 1996 1996 2968 2968 666 666 2968 2968 836 836 2968 2968 702 702 2968 2968 1066 1066 2968 2968 2058 2058 664 664 642 642 254 254 208 208 212 212 362 362 
362 362 208 208 262 262 362 362 522 522 712 712 706 706 730 730 710 710 592 592 504 504 356 356 360 360 296 296 692 692 314 314 1084 1084 564 564 562 562 2038 2038 2968 2968 1110 1110 2968 2968 778 778 2968 2968 848 848 2968 2968 4994 2968 2158 606 606 504 504 254 254 208 208 290 290 362 362 246 246 208 208 208 208 
362 362 208 208 262 262 292 292 378 378 688 688 382 382 290 290 446 446 292 292 712 712 568 568 650 650 660 660 410 410 896 896 386 386 286 286 560 560 2098 2098 2968 2968 796 796 2968 2968 1016 1016 2968 2968 1060 1060 2968 2968 708 708 2968 2968 2102 2102 704 704 254 254 208 208 660 660 362 362 
362 362 208 208 262 262 352 352 368 368 712 526 526 304 304 328 328 516 516 722 722 510 510 584 584 518 518 748 748 948 948 474 474 512 512 532 532 2054 2054 2968 2968 796 796 2968 2968 932 932 2968 2968 718 718 2968 2968 2968 2968 1288 1288 1528 1528 594 594 690 690 362 362 
362 208 208 246 246 208 208 362 208 208 262 262 238 238 742 742 712 712 292 292 794 794 432 432 600 600 382 382 242 242 288 288 558 558 596 596 298 298 744 744 524 524 462 462 2062 2062 2968 2968 980 980 2968 2968 1144 1144 2968 2968 1154 1154 2968 2968 862 862 2968 2968 720 720 1506 1506 648 648 592 592 254 254 208 208 234 234 362 362 
362 362 208 208 262 262 732 732 520 520 712 712 298 298 480 480 462 462 324 324 346 346 476 476 296 296 458 458 400 400 1056 1056 668 668 344 344 548 548 1738 1738 2968 2968 966 966 2968 2968 714 714 2968 2968 748 748 2968 2968 978 978 2968 2968 2382 2382 498 498 254 254 208 208 382 382 362 362 362 
362 362 208 208 246 246 208 208 208 208 262 262 318 318 480 480 712 712 428 428 748 748 346 346 456 456 514 514 296 296 456 456 242 242 282 282 694 694 1098 1098 690 690 658 658 1910 1910 2968 2968 844 844 2968 2968 1006 1006 2968 2968 826 826 2968 2968 692 692 2968 2968 1812 1812 254 254 208 208 222 222 362 362 
362 362 208 208 286 286 276 276 482 482 712 712 746 746 384 384 752 752 442 442 662 662 350 350 534 534 294 294 738 738 534 534 804 804 460 460 668 668 1992 1992 2968 2968 884 884 2968 2968 914 914 2968 2968 922 922 2968 2968 4444 2968 1608 1138 1138 236 236 282 282 254 254 208 208 594 594 362 362 
362 362 208 208 262 262 514 514 252 252 712 712 488 488 370 370 298 298 640 640 612 612 294 294 638 638 732 732 608 608 610 610 1008 1008 676 676 478 478 1922 1922 2968 2968 1168 1168 2968 2968 1036 1036 2968 2968 970 970 2968 2968 664 664 2968 2968 1024 1024 1244 1244 504 504 602 602 254 254 208 208 306 306 208 208 246 246 208 208 362 362 
362 362 208 208 262 262 724 724 710 710 712 712 594 594 792 792 434 434 746 746 478 478 702 702 328 328 712 712 316 316 362 362 850 850 584 584 522 522 1862 1862 2968 2968 784 784 2968 2968 1068 1068 2968 2968 956 956 2968 2968 678 678 2968 2968 690 690 1270 1270 208 208 254 254 362 362 
362 362 208 208 286 286 728 728 562 562 712 712 720 720 292 292 428 428 264 264 696 696 730 730 722 722 664 664 662 662 248 248 1144 1144 656 656 696 696 2136 2136 2968 2968 770 770 2968 2968 692 692 2968 2968 814 814 2968 2968 1030 1030 2968 2968 1080 1080 1286 1286 208 208 254 254 362 208 208 246 246 208 208 362 
362 362 208 208 262 262 380 380 248 248 712 712 606 606 794 794 344 344 620 620 606 606 746 746 336 336 392 392 550 550 686 686 856 856 332 332 666 666 1712 1712 2968 2968 910 910 2968 2968 730 730 2968 2968 768 768 2968 2968 814 814 2968 2968 774 774 1590 1590 590 590 548 548 254 254 208 208 638 638 638 638 362 362 362 
362 362 208 208 262 262 550 550 242 242 712 712 544 544 576 576 724 724 350 350 350 350 360 360 592 592 522 522 588 588 690 690 372 372 880 880 442 442 498 498 1940 1940 2968 2968 990 990 2968 2968 790 790 2968 2968 756 756 2968 2968 1042 1042 2968 2968 1692 1692 806 806 254 254 208 208 274 274 362 362 246 246 208 208 208 208 
362 362 208 208 262 262 498 498 698 698 712 712 718 718 528 528 464 464 268 268 404 404 320 320 390 390 598 598 562 562 324 324 1080 1080 278 278 454 454 1800 1800 2968 2968 842 842 2968 2968 666 666 2968 2968 882 882 2968 2968 650 650 2968 2968 700 700 1456 1456 324 324 462 462 254 254 208 208 364 364 362 362 
362 362 208 208 262 262 286 286 486 486 486 486 712 712 766 766 756 756 444 444 686 686 686 686 772 772 428 428 744 744 462 462 278 278 558 558 988 988 344 344 2020 2020 2968 2968 1004 1004 2968 2968 1072 1072 2968 2968 992 992 2968 2968 5056 2968 2220 254 254 208 208 300 300 362 362 
362 246 246 208 208 208 208 362 208 208 262 262 500 500 530 530 712 712 430 430 672 672 766 766 692 692 348 348 748 748 748 748 456 456 706 706 690 690 252 252 608 608 380 380 1956 1956 2968 2968 3834 2968 998 1010 1010 2968 2968 832 832 2968 2968 2968 2968 1196 1196 1446 1446 522 522 398 398 254 254 208 208 420 420 362 362 
362 362 208 208 262 262 496 496 304 304 712 712 540 540 522 522 480 480 566 566 586 586 316 316 436 436 312 312 494 494 706 706 1094 1094 510 510 514 514 1770 1770 2968 2968 678 678 2968 2968 882 882 2968 2968 908 908 2968 2968 844 844 2968 2968 2552 2552 340 340 254 254 208 208 640 640 362 362 362 
362 362 246 246 208 208 208 208 208 208 262 262 360 360 270 270 712 712 414 414 374 374 614 614 282 282 452 452 674 674 314 314 354 354 688 688 252 252 870 870 642 642 402 402 2026 2026 2968 2968 1084 1084 2968 2968 742 742 2968 2968 684 684 2968 2968 684 684 2968 2968 2330 2330 362 362 
362 362 208 208 286 286 324 324 342 342 680 680 288 288 342 342 502 502 334 334 582 582 606 606 656 656 370 370 536 536 868 868 362 594 594 390 390 1826 1826 2968 2968 708 708 2968 2968 864 864 2968 2968 926 926 2968 2968 3844 2968 1008 716 716 1606 1606 514 514 648 648 254 254 208 208 378 378 712 712 362 362 
362 362 208 208 262 262 396 396 714 714 712 712 536 536 748 748 566 566 252 252 592 592 480 480 700 700 370 370 548 548 598 598 1004 1004 416 416 480 480 1924 1924 2968 2968 670 670 2968 2968 1104 1104 2968 2968 4806 2968 1970 2968 2968 1096 1096 1510 1510 1510 1510 264 264 254 254 208 208 480 480 208 208 246 246 208 208 362 362 
362 362 208 208 262 262 388 388 368 368 712 712 470 470 732 732 612 612 552 552 426 426 368 368 614 614 336 336 706 706 778 778 748 748 590 590 458 458 1826 1826 1826 1826 2968 2968 850 850 2968 2968 734 734 2968 2968 970 970 2968 2968 830 830 2968 2968 802 802 1366 1366 896 896 254 254 208 208 214 214 362 362 
362 362 208 208 262 262 406 406 668 668 712 712 646 646 380 380 582 582 260 260 286 286 480 480 702 702 722 722 504 504 740 740 1016 1016 594 594 286 286 2008 2008 2968 2968 1060 1060 2968 2968 824 824 382 382 2968 2968 1054 1054 2968 2968 738 738 2968 2968 850 850 1372 1372 250 250 254 254 208 208 352 352 362 362 362 
362 362 208 208 262 262 742 742 414 414 712 712 724 724 506 506 452 452 388 388 354 354 638 638 432 432 252 252 418 418 616 616 712 712 414 414 640 640 1736 1736 450 450 2968 2968 912 912 2968 2968 1018 1018 2968 2968 3724 2968 888 678 678 2968 2968 824 824 1104 1104 700 700 254 254 208 208 550 550 362 362 362 246 246 208 208 208 208 
362 362 208 208 262 262 438 438 340 340 712 712 300 300 654 654 336 336 470 470 476 476 290 290 676 676 386 386 550 550 722 722 950 950 738 738 444 444 1598 1598 2968 2968 1158 1158 2968 2968 1036 1036 2968 2968 962 962 2968 2968 1036 1036 2968 2968 870 870 1340 1340 560 560 394 394 254 254 208 208 708 708 362 362 
362 362 208 208 262 262 236 236 598 598 712 712 364 364 374 374 644 644 442 442 604 604 422 422 502 502 700 700 642 642 708 708 1124 1124 466 466 374 374 1652 1652 2968 2968 1054 1054 2968 2968 794 794 2968 2968 892 892 2968 2968 2968 2968 2230 2230 254 254 208 208 366 366 362 362 
362 246 246 208 208 208 208 362 208 208 262 262 412 412 432 432 712 712 402 402 560 560 372 372 586 586 548 548 324 324 296 296 674 674 426 426 362 362 936 936 230 230 654 654 2092 2092 2968 2968 840 840 2968 2968 688 688 2968 2968 1082 1082 2968 2968 834 834 2968 2968 782 782 1170 1170 722 722 488 488 330 330 490 490 362 362 362 
362 362 208 208 262 262 558 558 582 582 712 712 448 448 720 720 794 794 616 616 764 764 584 584 556 556 592 592 328 328 368 368 818 818 312 312 266 266 1940 1940 2968 2968 1068 1068 2968 2968 984 984 2968 2968 962 962 2968 2968 2968 2968 2170 2170 242 242 282 282 254 254 208 208 646 646 646 646 362 436 436 228 228 760 760 542 542 208 208 362 362 
362 362 246 246 208 208 208 208 208 208 262 262 372 372 462 462 712 474 474 780 780 708 708 724 724 328 328 708 708 548 548 336 336 580 580 748 748 718 718 436 436 482 482 642 642 1902 1902 2968 2968 1084 1084 2968 2968 902 902 2968 2968 1048 1048 2968 2968 2968 2968 2178 2178 642 642 254 254 208 208 552 552 362 362 362 
362 362 208 208 262 262 334 334 482 482 712 712 760 760 554 554 344 344 626 626 474 474 578 578 582 582 298 298 676 676 1050 1050 242 242 460 460 602 602 2066 2066 706 706 2968 2968 946 946 2968 2968 808 808 2968 2968 668 668 2968 2968 860 860 2968 2968 1094 1094 1216 1216 656 656 278 278 254 254 208 208 568 568 362 362 362 
362 362 232 232 286 286 362 362 566 566 712 712 698 698 534 534 364 364 326 326 734 734 536 536 262 262 684 684 580 580 484 484 766 766 438 438 626 626 2068 2068 2968 2968 714 714 2968 2968 904 904 2968 2968 1058 1058 2968 2968 904 904 2968 2968 884 884 1488 1488 598 598 254 254 208 208 396 396 246 246 208 208 208 208 362 362 
362 362 208 208 262 262 400 400 664 664 712 712 634 634 378 378 276 276 468 468 558 558 544 544 404 404 528 528 586 586 1132 1132 592 592 484 484 568 568 1628 1628 2968 2968 1132 1132 2968 2968 926 926 2968 2968 756 756 2968 2968 908 908 2968 2968 2068 2068 556 556 722 722 254 254 208 208 636 636 362 362 
362 362 208 208 622 622 678 678 472 472 496 496 712 712 646 646 712 552 552 622 622 328 328 696 696 614 614 702 702 518 518 732 732 704 704 406 406 1100 1100 424 424 690 690 2026 2026 2968 2968 1040 1040 2968 2968 1056 1056 2968 2968 794 794 2968 2968 1072 1072 2968 2968 838 838 1416 1416 606 606 440 440 274 274 208 208 498 498 362 246 246 208 208 208 208 362 362 
362 362 208 208 262 262 676 676 390 390 712 712 528 528 692 692 522 522 270 270 774 774 360 360 546 546 530 530 674 674 632 632 650 650 556 556 570 570 1620 1620 2968 2968 784 784 2968 2968 880 880 2968 2968 778 778 2968 2968 826 826 2968 2968 1786 1786 312 312 362 362 254 254 208 208 266 266 362 362 
362 362 208 208 262 262 734 734 424 424 712 712 730 730 386 386 762 762 286 286 530 530 766 766 752 752 582 582 458 458 302 302 736 736 530 530 402 402 1878 1878 2968 2968 1058 1058 2968 2968 892 892 2968 2968 966 966 2968 2968 928 928 2968 2968 898 898 1118 1118 330 330 698 698 254 254 208 208 678 678 362 208 208 246 246 208 208 362 
362 362 208 208 262 262 312 312 712 712 644 644 582 582 480 480 670 670 688 688 464 464 386 386 254 254 408 408 390 390 1088 1088 502 502 678 678 1932 1932 2968 2968 984 984 2968 2968 694 694 2968 2968 1092 1092 2968 2968 838 838 2968 2968 906 906 1434 1434 426 426 254 254 208 208 526 526 362 362 
362 362 242 242 208 208 262 262 728 728 556 556 712 712 728 728 364 364 338 338 544 544 336 336 606 606 438 438 274 274 492 492 932 932 296 296 648 648 684 684 1954 1954 1954 1954 2968 2968 730 730 2968 2968 816 816 2968 2968 850 850 2968 2968 908 908 2968 2968 1016 1016 1464 1464 654 654 302 302 254 254 208 208 468 468 362 362 246 246 208 208 208 208 
362 362 208 208 262 262 392 392 484 484 712 712 448 448 286 286 664 664 334 334 404 404 258 258 760 760 716 716 312 312 1086 1086 400 400 238 238 610 610 1804 1804 2968 2968 954 954 2968 2968 970 970 2968 2968 878 878 2968 2968 898 898 2968 2968 1718 1718 674 674 676 676 254 254 208 208 278 278 362 362 362 
362 362 208 208 262 262 258 258 590 590 712 712 382 382 450 450 338 338 258 258 642 642 596 596 680 680 510 510 338 338 604 604 738 738 508 508 590 590 1936 1936 2968 2968 976 976 2968 2968 5804 2968 2968 5258 2968 2422 1286 1286 614 614 254 254 208 208 646 646 362 362 
362 246 246 208 208 208 208 362 208 208 262 262 268 268 546 546 576 576 586 586 332 332 690 690 700 700 366 366 642 642 462 462 712 712 700 700 704 704 806 806 662 662 708 708 1696 1696 2968 2968 798 798 2968 2968 824 824 2968 2968 714 714 2968 2968 1030 1030 2968 2968 1872 1872 462 462 254 254 208 208 260 260 362 362 
362 362 208 208 262 262 656 656 686 686 712 712 368 368 714 714 300 300 272 272 604 604 620 620 338 338 374 374 722 722 612 612 922 922 602 602 484 484 2042 2042 2968 2968 1064 1064 2968 2968 1120 1120 2968 2968 648 648 2968 2968 768 768 2968 2968 1586 1586 254 254 208 208 618 618 362 362 
362 362 208 208 262 262 734 734 612 612 712 712 276 276 420 420 294 294 722 722 488 488 650 650 246 246 208 208 208 208 302 302 520 520 280 280 406 406 1152 1152 422 422 254 254 1874 1874 2968 2968 700 700 2968 2968 950 950 2968 2968 876 876 2968 2968 872 872 2968 2968 938 938 1394 1394 668 668 678 678 254 254 208 208 668 668 362 362 
362 362 208 208 262 262 256 256 458 458 712 712 492 492 510 510 336 336 624 624 314 314 654 654 282 282 376 376 618 618 620 620 942 942 322 322 286 286 1920 1920 2968 2968 896 896 2968 2968 692 692 2968 2968 742 742 2968 2968 822 822 2968 2968 1738 1738 562 562 254 254 208 208 240 240 362 362 
362 362 208 208 262 262 524 524 662 662 712 712 400 400 596 596 626 626 648 648 396 396 404 404 686 686 380 380 680 680 812 812 612 612 568 568 396 396 1796 1796 2968 2968 3998 2968 1162 910 910 2968 2968 900 900 2968 2968 948 948 2968 2968 874 874 1290 1290 510 510 254 254 208 208 508 508 246 246 208 208 208 208 362 362 
362 362 208 208 286 286 266 266 638 638 638 638 712 712 712 282 282 618 618 450 450 344 344 314 314 322 322 296 296 488 488 656 656 852 852 484 484 298 298 614 614 2040 2040 2968 2968 1146 1146 2968 2968 796 796 2968 2968 852 852 2968 2968 888 888 2968 2968 1816 1816 370 370 254 254 208 208 376 376 362 362 
362 362 208 208 262 262 328 328 542 542 712 712 352 352 420 420 298 298 504 504 704 704 666 666 330 330 568 568 686 686 312 312 914 914 494 494 330 330 2120 2120 2968 2968 866 866 2968 2968 1128 1128 2968 2968 946 946 2968 2968 742 742 2968 2968 1588 1588 536 536 254 254 208 208 272 272 362 362 208 208 246 246 208 208 362 
362 362 208 208 286 286 666 666 554 554 712 712 404 404 512 512 418 418 588 588 748 748 500 500 554 554 668 668 626 626 672 672 930 930 700 700 314 314 1724 1724 2968 2968 1042 1042 2968 2968 1104 1104 2968 2968 1040 1040 2968 2968 1024 1024 2968 2968 826 826 1212 1212 594 594 592 592 254 254 208 208 628 628 362 362 
362 362 208 208 262 262 658 658 598 598 622 622 712 712 286 286 712 496 496 686 686 486 486 608 608 344 344 414 414 534 534 620 620 628 628 690 690 706 706 334 334 394 394 2140 2140 2968 2968 738 738 2968 2968 812 812 2968 2968 698 698 2968 2968 1150 1150 2968 2968 2012 2012 262 262 254 254 208 208 476 476 362 362 362 208 208 246 246 208 208 
362 362 208 208 262 262 430 430 508 508 712 712 760 760 464 464 490 490 500 500 364 364 304 304 472 472 344 344 548 548 544 544 680 680 616 616 524 524 1912 1912 2968 2968 1160 1160 2968 2968 786 786 2968 2968 686 686 2968 2968 5164 2968 2328 254 254 208 208 586 586 362 362 362 
362 362 208 208 262 262 326 326 406 406 712 712 470 470 722 722 434 434 304 304 594 594 424 424 764 764 640 640 676 676 432 432 978 978 292 292 558 558 2042 2042 2968 2968 1064 1064 2968 2968 948 948 2968 2968 672 672 2968 2968 776 776 2968 2968 706 706 1094 1094 208 208 254 254 362 362 
362 246 246 208 208 208 208 362 208 208 262 262 718 718 308 308 712 712 306 306 780 780 768 768 360 360 646 646 504 504 346 346 258 258 614 614 730 730 962 962 722 722 314 314 1932 1932 2968 2968 964 964 2968 2968 700 700 2968 2968 1092 1092 2968 2968 2968 2968 2238 2238 254 254 208 208 606 606 362 362 
362 362 208 208 262 262 264 264 440 440 712 712 432 432 324 324 670 670 404 404 328 328 492 492 568 568 662 662 284 284 362 362 792 792 404 404 708 708 1760 1760 1760 1760 2968 2968 846 846 2968 2968 1004 1004 2968 2968 768 768 2968 2968 4070 2968 1234 1322 1322 288 288 712 712 208 208 254 254 362 362 362 
362 362 208 208 262 262 602 602 710 710 712 712 604 604 366 366 716 716 630 630 246 246 208 208 208 208 528 528 264 264 516 516 566 566 676 676 426 426 1168 1168 326 326 346 346 1836 1836 2968 2968 1018 1018 2968 2968 936 936 2968 2968 726 726 2968 2968 950 950 2968 2968 832 832 1354 1354 448 448 254 254 208 208 498 498 362 362 
362 362 208 208 286 286 298 298 394 394 712 712 468 468 510 510 662 662 644 644 266 266 302 302 614 614 372 372 490 490 800 800 276 276 724 724 348 348 1868 1868 2968 2968 1098 1098 2968 2968 880 880 2968 2968 962 962 2968 2968 648 648 2968 2968 1736 1736 568 568 706 706 254 254 208 208 280 280 362 362 
362 362 208 208 262 262 612 612 470 470 712 712 452 452 554 554 316 316 426 426 534 534 694 694 432 432 580 580 278 278 636 636 786 786 452 452 274 274 232 232 1964 1964 2968 2968 1118 1118 2968 2968 726 726 2968 2968 1152 1152 2968 2968 2968 2968 2472 2472 254 254 208 208 710 710 362 208 208 246 246 208 208 362 362 
362 362 208 208 262 262 360 360 562 562 712 712 712 712 296 296 312 312 580 580 454 454 350 350 692 692 486 486 716 716 1018 1018 246 246 740 740 604 604 2078 2078 730 730 2968 2968 982 982 2968 2968 680 680 2968 2968 762 762 2968 2968 1082 1082 2968 2968 1154 1154 1040 1040 558 558 254 254 208 208 342 342 362 362 362 
362 362 208 208 262 262 372 372 746 746 712 712 530 530 312 312 454 454 520 520 730 730 310 310 510 510 672 672 674 674 574 574 670 670 326 326 690 690 1760 1760 2968 2968 1048 1048 2968 2968 1006 1006 2968 2968 904 904 2968 2968 818 818 2968 2968 1990 1990 424 424 254 254 208 208 404 404 362 208 208 246 246 208 208 362 
362 362 208 208 262 262 692 692 712 712 706 706 518 518 420 420 746 746 516 516 430 430 722 722 582 582 514 514 712 712 614 614 704 704 686 686 1936 1936 2968 2968 728 728 2968 2968 750 750 2968 2968 780 780 2968 2968 844 844 2968 2968 996 996 1502 1502 264 264 254 254 208 208 342 342 362 362 
362 362 208 208 262 262 294 294 710 710 712 712 644 644 642 642 404 404 518 518 532 532 426 426 578 578 544 544 468 468 708 708 1006 1006 638 638 634 634 1710 1710 2968 2968 794 794 2968 2968 928 928 2968 2968 1030 1030 2968 2968 964 964 2968 2968 1728 1728 264 264 208 208 254 254 362 362 362 246 246 208 208 208 208 
362 362 208 208 622 622 676 676 482 482 712 712 508 508 494 494 668 668 652 652 544 544 638 638 382 382 384 384 458 458 274 274 1122 1122 500 500 314 314 614 614 1782 1782 2968 2968 688 688 2968 2968 1026 1026 2968 2968 1076 1076 2968 2968 942 942 2968 2968 886 886 1320 1320 724 724 426 426 274 274 208 208 330 330 362 362 362 
362 362 208 208 262 262 682 682 468 468 712 712 334 334 600 600 306 306 316 316 326 326 466 466 524 524 704 704 372 372 676 676 1096 1096 370 370 504 504 1842 1842 2968 2968 840 840 2968 2968 702 702 2968 2968 1144 1144 2968 2968 730 730 2968 2968 956 956 1010 1010 642 642 482 482 254 254 208 208 288 288 362 362 
362 246 246 208 208 208 208 362 208 208 262 262 398 398 744 744 712 712 478 478 376 376 384 384 322 322 740 740 640 640 522 522 626 626 358 358 314 314 796 796 384 384 384 384 1764 1764 2968 2968 980 980 2968 2968 680 680 2968 2968 760 760 2968 2968 1126 1126 2968 2968 972 972 1068 1068 518 518 254 254 208 208 654 654 362 362 
362 362 208 208 262 262 330 330 394 394 376 376 746 746 554 554 526 526 712 712 464 464 582 582 338 338 432 432 462 462 546 546 702 702 366 366 520 520 1850 1850 2968 2968 750 750 2968 2968 674 674 2968 2968 700 700 2968 2968 680 680 2968 2968 1068 1068 1264 1264 310 310 254 254 208 208 712 712 362 362 
362 362 208 208 208 208 246 246 208 208 262 262 616 616 582 582 712 556 556 578 578 422 422 288 288 368 368 352 352 606 606 280 280 354 354 258 258 836 836 736 736 496 496 354 354 1758 1758 2968 2968 728 728 2968 2968 658 658 2968 2968 710 710 2968 2968 1148 1148 2968 2968 1022 1022 1364 1364 484 484 636 636 254 254 208 208 300 300 362 362 362 
362 362 208 208 262 262 478 478 282 282 712 712 670 670 362 362 772 772 444 444 756 756 352 352 324 324 446 446 538 538 372 372 1084 1084 456 456 490 490 1926 1926 2968 2968 796 796 2968 2968 690 690 2968 2968 736 736 2968 2968 826 826 2968 2968 904 904 1102 1102 634 634 636 636 254 254 208 208 426 426 362 362 
362 362 208 208 262 262 614 614 484 484 712 712 446 446 532 532 562 562 322 322 288 288 638 638 466 466 252 252 566 566 960 960 442 442 622 622 372 372 1826 1826 2968 2968 776 776 2968 2968 780 780 2968 2968 950 950 2968 2968 2968 2968 2070 2070 658 658 254 254 208 208 466 466 246 246 208 208 208 208 362 362 
362 362 208 208 262 262 634 634 246 246 712 712 314 314 418 418 304 304 470 470 310 310 678 678 288 288 734 734 388 388 372 372 354 354 1796 1796 2968 2968 720 720 2968 2968 1138 1138 2968 2968 1024 1024 2968 2968 790 790 2968 2968 1130 1130 1024 1024 302 302 254 254 208 208 690 690 362 362 
362 362 208 208 262 262 324 324 324 324 712 712 328 328 746 746 398 398 540 540 280 280 326 326 516 516 344 344 278 278 576 576 794 794 536 536 238 238 1656 1656 2968 2968 818 818 2968 2968 932 932 2968 2968 768 768 2968 2968 954 954 2968 2968 704 704 1340 1340 254 254 254 254 208 208 474 474 362 208 208 246 246 208 208 362 
362 362 208 208 262 262 720 720 314 314 712 712 494 494 770 770 614 614 380 380 722 722 692 692 478 478 334 334 472 472 478 478 610 610 674 674 248 248 1764 1764 2968 2968 966 966 2968 2968 710 710 2968 2968 1108 1108 2968 2968 2968 2968 3750 2968 914 564 564 730 730 362 362 
362 362 208 208 262 262 582 582 258 258 712 712 462 462 380 380 682 682 346 346 640 640 324 324 294 294 510 510 736 736 1064 1064 252 252 320 320 296 296 1652 1652 1652 1652 2968 2968 998 998 2968 2968 772 772 2968 2968 700 700 2968 2968 824 824 2968 2968 992 992 1186 1186 674 674 208 208 254 254 362 362 362 246 246 208 208 208 208 
362 362 208 208 262 262 288 288 316 316 316 316 712 712 584 584 636 636 700 700 494 494 494 494 684 684 506 506 674 674 576 576 736 736 730 730 1088 1088 282 282 1792 1792 328 328 2968 2968 952 952 2968 2968 874 874 2968 2968 956 956 2968 2968 832 832 2968 2968 1004 1004 1178 1178 364 364 336 336 254 254 296 296 362 362 
