362 246 246 208 208 208 208 362 208 208 262 262 400 400 532 532 712 712 752 752 722 722 524 524 764 764 584 584 776 776 648 648 858 858 700 700 674 674 378 378 2388 2388 486 486 2968 2968 1034 1034 2968 2968 1116 1116 2968 2968 1072 1072 2968 2968 1140 1140 2968 2968 1116 1116 2968 2968 828 828 2968 2968 576 576 2968 2968 930 930 2968 2968 1016 1016 2968 2968 1112 1112 2968 2968 996 996 2968 2968 1018 1018 2968 2968 1070 1070 2968 2968 980 980 2968 2968 1142 1142 2968 2968 662 662 2968 2968 878 878 2968 2968 982 982 1954 1954 428 428 254 254 208 208 268 268 362 362 362 
362 362 208 208 262 262 634 634 542 542 712 712 496 496 524 524 670 670 762 762 366 366 348 348 868 868 296 296 258 258 470 470 2224 2224 2968 2968 1132 1132 2968 2968 660 660 2968 2968 878 878 2968 2968 836 836 2968 2968 1114 1114 2968 2968 656 656 2968 2968 886 886 2968 2968 1042 1042 2968 2968 692 692 2968 2968 916 916 2968 2968 894 894 2968 2968 4048 2968 1212 2968 2968 1092 1092 2968 2968 1048 1048 2968 2968 670 670 2968 2968 1128 1128 2338 2338 350 350 500 500 254 254 208 208 216 216 362 362 362 
362 362 208 208 262 262 544 544 328 328 712 712 502 502 474 474 246 246 208 208 208 208 576 576 528 528 702 702 648 648 538 538 662 662 272 272 1098 1098 438 438 336 336 248 248 2450 2450 2968 2968 710 710 2968 2968 666 666 2968 2968 802 802 2968 2968 2968 2968 1238 1238 2968 2968 742 742 2968 2968 844 844 2968 2968 1034 1034 2968 2968 826 826 2968 2968 1044 1044 2968 2968 974 974 2968 2968 708 708 2968 2968 1114 1114 2968 2968 1134 1134 2968 2968 714 714 2968 2968 1058 1058 2968 2968 4020 2968 1184 404 404 422 422 472 472 254 254 208 208 566 566 362 362 362 
362 362 208 208 262 262 256 256 548 548 712 712 700 700 452 452 568 568 282 282 480 480 274 274 472 472 254 254 726 726 638 638 290 290 2442 2442 2968 2968 1024 1024 2968 2968 936 936 2968 2968 670 670 2968 2968 1034 1034 2968 2968 946 946 2968 2968 926 926 2968 2968 878 878 2968 2968 1152 1152 2968 2968 992 992 2968 2968 880 880 2968 2968 984 984 2968 2968 2968 2968 1124 1124 2968 2968 876 876 2968 2968 1098 1098 2968 2968 1096 1096 2968 2968 764 764 2968 2968 756 756 1554 1554 494 494 360 360 254 254 208 208 236 236 362 362 362 
362 362 208 208 262 262 264 264 270 270 712 712 724 724 624 624 524 524 740 740 708 708 498 498 466 466 334 334 620 620 966 966 322 322 672 672 2212 2212 2968 2968 1106 1106 2968 2968 682 682 2968 2968 1052 1052 2968 2968 1060 1060 2968 2968 714 714 2968 2968 1054 1054 2968 2968 1024 1024 2968 2968 888 888 2968 2968 1034 1034 2968 2968 758 758 2968 2968 892 892 2968 2968 658 658 2968 2968 1124 1124 518 518 2968 2968 1128 1128 2968 2968 956 956 2968 2968 576 576 596 596 466 466 254 254 208 208 294 294 362 246 246 208 208 208 208 362 
362 362 208 208 262 262 548 548 324 324 712 712 432 432 288 288 626 626 466 466 580 580 422 422 1018 1018 392 392 262 262 540 540 2238 2238 698 698 2968 2968 1012 1012 2968 2968 766 766 2968 2968 880 880 2968 2968 872 872 2968 2968 890 890 2968 2968 754 754 2968 2968 660 660 2968 2968 828 828 2968 2968 860 860 2968 2968 964 964 2968 2968 906 906 2968 2968 926 926 2968 2968 1112 1112 2968 2968 848 848 2968 2968 956 956 2968 2968 834 834 2276 2276 514 514 470 470 254 254 208 208 296 296 362 362 
362 362 208 208 262 262 408 408 434 434 712 712 770 770 532 532 650 650 486 486 648 648 362 362 246 246 208 208 208 208 362 
362 362 208 208 262 262 276 276 310 310 712 712 390 390 400 400 482 482 760 760 690 690 672 672 530 530 702 702 374 374 456 456 2308 2308 2968 2968 850 850 2968 2968 1058 1058 2968 2968 882 882 2968 2968 920 920 2968 2968 1158 1158 2968 2968 680 680 2968 2968 626 626 2968 2968 1020 1020 2968 2968 672 672 2968 2968 732 732 2968 2968 806 806 2968 2968 900 900 2968 2968 1132 1132 2968 2968 776 776 2968 2968 928 928 2968 2968 680 680 2968 2968 806 806 2968 2968 664 664 278 278 678 678 254 254 208 208 436 436 362 362 
362 362 208 208 262 262 704 704 262 262 712 692 692 522 522 350 350 440 440 710 710 532 532 648 648 692 692 382 382 894 894 616 616 394 394 2116 2116 2968 2968 970 970 2968 2968 826 826 2968 2968 736 736 2968 2968 768 768 2968 2968 746 746 2968 2968 732 732 2968 2968 768 768 2968 2968 1050 1050 2968 2968 944 944 2968 2968 766 766 2968 2968 752 752 2968 2968 942 942 2968 2968 830 830 2968 2968 840 840 2968 2968 866 866 2968 2968 830 830 1440 1440 378 378 648 648 254 254 208 208 214 214 362 362 208 208 246 246 208 208 
362 362 208 208 262 262 320 320 464 464 712 712 618 618 744 744 616 616 752 752 636 636 680 680 1082 1082 302 302 558 558 726 726 2500 2500 2968 2968 920 920 2968 2968 1020 1020 2968 2968 774 774 2968 2968 948 948 2968 2968 894 894 2968 2968 656 656 2968 2968 864 864 2968 2968 698 698 2968 2968 1156 1156 2968 2968 758 758 2968 2968 1148 1148 2968 2968 882 882 2968 2968 884 884 2968 2968 748 748 2968 2968 964 964 2968 2968 674 674 2968 2968 960 960 2968 2968 208 208 390 390 702 702 254 254 208 208 420 420 362 362 
362 362 208 208 262 262 340 340 684 684 712 712 518 518 380 380 542 542 480 480 280 280 228 228 516 516 324 324 830 830 554 554 552 552 560 560 2112 2112 2112 2112 2968 2968 1066 1066 2968 2968 936 936 2968 2968 696 696 2968 2968 2968 2968 1236 1236 2968 2968 1056 1056 2968 2968 542 542 2968 2968 922 922 2968 2968 682 682 2968 2968 1050 1050 2968 2968 772 772 2968 2968 866 866 2968 2968 958 958 2968 2968 1058 1058 2968 2968 688 688 2968 2968 812 812 2968 2968 834 834 1392 1392 434 434 324 324 254 254 208 208 582 582 362 362 
362 246 246 208 208 208 208 362 232 232 262 262 652 652 654 654 712 712 464 464 484 484 558 558 446 446 736 736 478 478 564 564 642 642 476 476 1084 1084 524 524 430 430 2484 2484 2968 2968 706 706 2968 2968 1044 1044 2968 2968 922 922 2968 2968 832 832 2968 2968 686 686 2968 2968 682 682 2968 2968 776 776 2968 2968 862 862 2968 2968 4318 2968 1482 2968 2968 702 702 2968 2968 806 806 2968 2968 774 774 2968 2968 1030 1030 2968 2968 986 986 2968 2968 1090 1090 2968 2968 720 720 2968 2968 682 682 2826 2826 246 246 290 290 254 254 208 208 500 500 362 362 362 
362 362 208 208 262 262 702 702 464 464 712 712 646 646 754 754 288 288 728 728 600 600 478 478 338 338 478 478 286 286 952 952 522 522 572 572 2352 2352 2968 2968 908 908 2968 2968 1144 1144 2968 2968 778 778 2968 2968 3966 2968 1130 2968 2968 636 636 2968 2968 1114 1114 2968 2968 924 924 2968 2968 1120 1120 2968 2968 776 776 2968 2968 902 902 2968 2968 774 774 2968 2968 852 852 2968 2968 3492 2968 656 926 926 2968 2968 1094 1094 2968 2968 726 726 1824 1824 704 704 208 208 254 254 362 362 
362 362 246 246 208 208 208 208 208 208 262 262 584 584 430 430 712 712 568 568 312 312 286 286 534 534 532 532 510 510 666 666 658 658 360 360 1034 1034 634 634 632 632 2530 2530 2968 2968 1092 1092 2968 2968 826 826 2968 2968 836 836 2968 2968 984 984 2968 2968 704 704 2968 2968 876 876 2968 2968 866 866 2968 2968 998 998 2968 2968 1018 1018 2968 2968 1018 1018 2968 2968 740 740 2968 2968 2968 2968 1268 1268 2968 2968 762 762 2968 2968 756 756 2968 2968 910 910 2968 2968 860 860 2968 2968 1098 1098 674 674 542 542 254 254 208 208 272 272 362 362 362 
362 362 208 208 262 262 500 500 466 466 712 712 406 406 614 614 724 724 430 430 248 248 492 492 348 348 1172 1172 374 374 564 564 282 282 2248 2248 2968 2968 1010 1010 2968 2968 1078 1078 2968 2968 820 820 2968 2968 650 650 2968 2968 1104 1104 2968 2968 722 722 2968 2968 526 526 2968 2968 822 822 2968 2968 3632 2968 796 1142 1142 2968 2968 922 922 2968 2968 2968 2968 1178 1178 2968 2968 900 900 2968 2968 1130 1130 2968 2968 824 824 2968 2968 660 660 2968 2968 870 870 2968 2968 456 456 694 694 598 598 254 254 208 208 342 342 362 362 362 
362 362 208 208 262 262 430 430 476 476 476 476 340 340 668 668 436 436 380 380 614 614 612 612 776 776 350 350 852 852 392 392 284 284 2160 2160 2968 2968 690 690 2968 2968 690 690 2968 2968 842 842 2968 2968 914 914 2968 2968 1132 1132 2968 2968 838 838 2968 2968 640 640 2968 2968 708 708 2968 2968 706 706 2968 2968 746 746 2968 2968 1006 1006 2968 2968 2968 2968 1454 1454 2968 2968 774 774 2968 2968 1134 1134 2968 2968 1028 1028 2968 2968 1028 1028 2968 2968 1150 1150 2968 2968 304 304 482 482 354 354 254 254 208 208 662 662 712 712 208 208 246 246 208 208 362 362 
362 362 208 208 262 262 404 404 258 258 712 712 672 672 322 322 630 630 546 546 274 274 1196 1196 504 504 268 268 276 276 2214 2214 416 416 2968 2968 832 832 2968 2968 656 656 2968 2968 1032 1032 2968 2968 3502 2968 666 868 868 2968 2968 920 920 2968 2968 704 704 2968 2968 920 920 2968 2968 2968 2968 1338 1338 2968 2968 932 932 2968 2968 666 666 2968 2968 840 840 2968 2968 686 686 2968 2968 864 864 2968 2968 1154 1154 2968 2968 1106 1106 2792 2792 430 430 350 350 208 208 254 254 362 362 362 
362 362 208 208 262 262 674 674 748 748 712 712 614 614 654 654 734 734 758 758 478 478 662 662 656 656 540 540 364 364 448 448 1188 1188 602 602 552 552 2128 2128 2968 2968 1004 1004 2968 2968 660 660 2968 2968 714 714 2968 2968 1148 1148 2968 2968 1080 1080 2968 2968 764 764 2968 2968 752 752 2968 2968 1046 1046 2968 2968 1112 1112 2968 2968 1072 1072 2968 2968 1144 1144 2968 2968 962 962 2968 2968 944 944 2968 2968 1030 1030 2968 2968 846 846 2968 2968 904 904 2968 2968 936 936 528 528 334 334 254 254 208 208 304 304 362 362 246 246 208 208 208 208 362 
362 362 208 208 262 262 496 496 324 324 712 712 590 590 672 672 306 306 550 550 458 458 404 404 982 982 330 330 382 382 690 690 590 590 2566 2566 2968 2968 908 908 2968 2968 1122 1122 2968 2968 798 798 2968 2968 666 666 2968 2968 1006 1006 2968 2968 618 618 2968 2968 786 786 2968 2968 900 900 2968 2968 1036 1036 2968 2968 858 858 2968 2968 1030 1030 2968 2968 1090 1090 2968 2968 1088 1088 2968 2968 882 882 2968 2968 1000 1000 2968 2968 1116 1116 2968 2968 1156 1156 1558 1558 426 426 208 208 254 254 362 362 362 
362 362 208 208 262 262 642 642 576 576 712 712 590 590 462 462 314 314 314 314 720 720 580 580 470 470 470 470 726 726 576 576 508 508 1104 1104 384 384 656 656 2396 2396 2968 2968 1094 1094 2968 2968 730 730 2968 2968 750 750 2968 2968 4182 2968 1346 2968 2968 780 780 2968 2968 884 884 2968 2968 1030 1030 2968 2968 894 894 2968 2968 826 826 2968 2968 1028 1028 2968 2968 1082 1082 2968 2968 886 886 2968 2968 756 756 2968 2968 1054 1054 2968 2968 794 794 2968 2968 862 862 2052 2052 658 658 354 354 254 254 208 208 386 386 362 362 246 246 208 208 208 208 
362 362 208 208 262 262 402 402 474 474 712 712 480 480 400 400 636 636 696 696 462 462 594 594 444 444 712 712 416 416 256 256 794 794 254 254 456 456 2482 2482 2968 2968 740 740 2968 2968 812 812 2968 2968 1086 1086 2968 2968 876 876 2968 2968 928 928 2968 2968 1128 1128 2968 2968 696 696 2968 2968 1066 1066 2968 2968 1078 1078 2968 2968 902 902 2968 2968 838 838 2968 2968 1006 1006 2968 2968 1064 1064 2968 2968 1076 1076 2968 2968 760 760 2968 2968 1066 1066 2968 2968 928 928 2968 2968 944 944 1984 1984 340 340 524 524 208 208 254 254 362 362 362 
362 362 208 208 262 262 540 540 358 358 712 712 544 544 514 514 544 544 584 584 276 276 570 570 532 532 548 548 772 772 250 250 340 340 348 348 2518 2518 2968 2968 976 976 2968 2968 968 968 2968 2968 858 858 2968 2968 710 710 2968 2968 956 956 2968 2968 736 736 2968 2968 738 738 2968 2968 808 808 2968 2968 782 782 2968 2968 920 920 2968 2968 968 968 2968 2968 4024 2968 1188 2968 2968 766 766 2968 2968 940 940 2968 2968 898 898 2968 2968 848 848 2968 2968 1104 1104 2090 2090 618 618 228 228 254 254 208 208 414 414 362 362 362 
362 246 246 208 208 208 208 362 208 208 262 262 596 596 512 512 712 712 358 358 714 714 772 772 256 256 638 638 618 618 776 776 606 606 308 308 2246 2246 2246 2246 2968 2968 716 716 2968 2968 1022 1022 2968 2968 872 872 2968 2968 1012 1012 2968 2968 864 864 2968 2968 658 658 2968 2968 692 692 2968 2968 902 902 2968 2968 836 836 2968 2968 766 766 2968 2968 734 734 2968 2968 890 890 2968 2968 678 678 2968 2968 780 780 2968 2968 842 842 2968 2968 1128 1128 2968 2968 624 624 548 548 538 538 254 254 208 208 264 264 362 362 
362 362 208 208 262 262 620 620 352 352 712 712 292 292 796 796 304 304 672 672 754 754 744 744 504 504 428 428 340 340 822 822 468 468 268 268 2456 2456 2968 2968 816 816 2968 2968 1092 1092 2968 2968 1012 1012 2968 2968 662 662 2968 2968 750 750 2968 2968 1038 1038 2968 2968 896 896 2968 2968 1140 1140 2968 2968 858 858 2968 2968 1056 1056 2968 2968 1038 1038 2968 2968 672 672 2968 2968 712 712 2968 2968 858 858 2968 2968 666 666 2968 2968 786 786 680 680 374 374 254 254 208 208 254 254 362 362 
362 362 208 208 246 246 208 208 208 208 262 262 294 294 628 628 712 712 678 678 652 652 674 674 266 266 616 616 668 668 722 722 740 740 720 720 1146 1146 562 562 342 342 2126 2126 2968 2968 728 728 2968 2968 892 892 2968 2968 886 886 2968 2968 738 738 2968 2968 720 720 2968 2968 826 826 2968 2968 1082 1082 2968 2968 964 964 2968 2968 784 784 2968 2968 800 800 412 412 2968 2968 726 726 2968 2968 994 994 2968 2968 1078 1078 2968 2968 968 968 2968 2968 738 738 2968 2968 770 770 270 270 312 312 254 254 208 208 502 502 362 362 
362 362 208 208 262 262 270 270 558 558 712 712 306 306 588 588 438 438 564 564 328 328 630 630 684 684 402 402 738 738 812 812 612 612 428 428 2230 2230 2968 2968 898 898 2968 2968 970 970 2968 2968 1030 1030 2968 2968 992 992 2968 2968 738 738 2968 2968 930 930 2968 2968 748 748 2968 2968 666 666 2968 2968 1154 1154 2968 2968 1148 1148 2968 2968 856 856 2968 2968 938 938 2968 2968 682 682 2968 2968 3920 2968 1084 912 912 2968 2968 722 722 2968 2968 984 984 2502 2502 680 680 460 460 254 254 208 208 458 458 362 362 362 
362 362 208 208 622 622 310 310 488 488 712 712 590 590 314 314 674 674 280 280 262 262 642 642 1170 1170 428 428 458 458 2070 2070 2968 2968 694 694 2968 2968 952 952 2968 2968 764 764 2968 2968 674 674 2968 2968 950 950 2968 2968 1124 1124 2968 2968 786 786 2968 2968 710 710 2968 2968 4110 2968 1274 2968 2968 1070 1070 2968 2968 808 808 2968 2968 924 924 2968 2968 806 806 2968 2968 714 714 2968 2968 772 772 2968 2968 208 208 274 274 246 246 208 208 208 208 362 362 
362 362 208 208 262 262 296 296 468 468 712 712 408 408 608 608 330 330 722 722 728 728 476 476 518 518 552 552 1166 1166 436 436 386 386 452 452 2166 2166 2968 2968 710 710 2968 2968 1150 1150 2968 2968 788 788 2968 2968 2968 2968 1232 1232 2968 2968 942 942 2968 2968 866 866 2968 2968 722 722 2968 2968 710 710 2968 2968 706 706 2968 2968 842 842 2968 2968 1068 1068 2968 2968 914 914 2968 2968 1080 1080 2968 2968 1012 1012 2968 2968 794 794 2968 2968 928 928 1534 1534 412 412 252 252 254 254 208 208 654 654 362 362 
362 362 712 712 290 290 482 482 2500 2500 2968 2968 1158 1158 2968 2968 726 726 2968 2968 1062 1062 2968 2968 1092 1092 2968 2968 912 912 2968 2968 988 988 2968 2968 824 824 2968 2968 712 712 2968 2968 842 842 2968 2968 740 740 2968 2968 706 706 2968 2968 1016 1016 2968 2968 752 752 2968 2968 814 814 2968 2968 838 838 2968 2968 994 994 2968 2968 438 438 600 600 692 692 254 254 208 208 592 592 362 246 246 208 208 208 208 362 
362 362 208 208 262 262 302 302 508 508 712 712 396 396 760 760 478 478 278 278 234 234 534 534 840 840 606 606 310 310 288 288 2190 2190 2968 2968 726 726 2968 2968 958 958 2968 2968 958 958 2968 2968 790 790 2968 2968 750 750 2968 2968 1154 1154 2968 2968 674 674 2968 2968 722 722 2968 2968 990 990 2968 2968 1148 1148 2968 2968 652 652 2968 2968 976 976 2968 2968 1042 1042 2968 2968 758 758 2968 2968 842 842 2968 2968 688 688 2968 2968 1040 1040 2968 2968 858 858 1526 1526 694 694 240 240 254 254 208 208 336 336 336 336 362 362 362 
362 362 208 208 262 262 410 410 256 256 712 274 274 658 658 432 432 716 716 326 326 296 296 372 372 698 698 642 642 970 970 242 242 374 374 2404 2404 2968 2968 714 714 2968 2968 656 656 2968 2968 1098 1098 2968 2968 1036 1036 2968 2968 1086 1086 2968 2968 808 808 2968 2968 526 526 2968 2968 1118 1118 2968 2968 730 730 2968 2968 862 862 2968 2968 1002 1002 2968 2968 978 978 2968 2968 994 994 2968 2968 1154 1154 2968 2968 826 826 2968 2968 1008 1008 2968 2968 2534 2534 226 226 300 300 254 254 208 208 460 460 362 362 246 246 208 208 208 208 
362 362 208 208 262 262 478 478 456 456 712 712 718 718 674 674 638 638 626 626 296 296 548 548 572 572 336 336 1186 1186 566 566 432 432 2376 2376 2968 2968 1138 1138 2968 2968 826 826 2968 2968 728 728 2968 2968 1022 1022 2968 2968 1046 1046 2968 2968 738 738 2968 2968 768 768 2968 2968 1008 1008 2968 2968 1156 1156 2968 2968 800 800 2968 2968 1142 1142 2968 2968 822 822 2968 2968 1034 1034 2968 2968 912 912 2968 2968 702 702 2968 2968 688 688 2968 2968 766 766 378 378 254 254 208 208 498 498 362 362 
362 362 208 208 262 262 330 330 362 362 712 712 672 672 396 396 724 724 398 398 298 298 710 710 776 776 626 626 626 626 668 668 240 240 2264 2264 2968 2968 1040 1040 2968 2968 1130 1130 2968 2968 844 844 2968 2968 1144 1144 2968 2968 1056 1056 2968 2968 808 808 2968 2968 924 924 2968 2968 1006 1006 2968 2968 1014 1014 2968 2968 926 926 2968 2968 1022 1022 2968 2968 770 770 2968 2968 962 962 2968 2968 1096 1096 2968 2968 1150 1150 2968 2968 670 670 2968 2968 686 686 2968 2968 1040 1040 2968 2968 550 550 250 250 254 254 208 208 412 412 412 412 362 362 362 
362 246 246 208 208 208 208 362 208 208 262 262 656 656 638 638 712 712 444 444 366 366 654 654 684 684 646 646 1114 1114 642 642 294 294 546 546 2234 2234 2968 2968 1054 1054 2968 2968 1148 1148 2968 2968 908 908 2968 2968 896 896 2968 2968 792 792 2968 2968 1056 1056 2968 2968 904 904 2968 2968 824 824 2968 2968 750 750 2968 2968 706 706 2968 2968 1114 1114 2968 2968 990 990 2968 2968 1102 1102 2968 2968 754 754 2968 2968 856 856 2968 2968 1068 1068 2968 2968 898 898 2968 2968 1012 1012 2106 2106 426 426 448 448 254 254 208 208 392 392 362 362 362 
362 208 208 262 262 636 636 406 406 374 374 574 574 340 340 598 598 376 376 592 592 462 462 358 358 1178 1178 596 596 542 542 698 698 730 730 2328 2328 2328 2328 2968 2968 856 856 2968 2968 1076 1076 2968 2968 864 864 2968 2968 852 852 2968 2968 952 952 2968 2968 654 654 2968 2968 736 736 2968 2968 964 964 2968 2968 2968 2968 1216 1216 2968 2968 878 878 2968 2968 672 672 2968 2968 970 970 2968 2968 804 804 2968 2968 978 978 2968 2968 1048 1048 2968 2968 3444 2968 608 718 718 254 254 208 208 538 538 362 362 362 
362 362 208 208 246 246 208 208 208 208 262 262 272 272 578 578 712 712 488 488 338 338 714 714 716 716 746 746 294 294 508 508 490 490 906 906 568 568 324 324 722 722 2484 2484 2968 2968 826 826 2968 2968 1076 1076 2968 2968 916 916 2968 2968 2968 2968 1122 1122 616 616 2968 2968 1022 1022 2968 2968 940 940 2968 2968 822 822 2968 2968 1054 1054 2968 2968 1040 1040 2968 2968 918 918 2968 2968 2968 2968 1556 1556 2968 2968 1040 1040 2968 2968 758 758 2968 2968 992 992 2968 2968 804 804 2968 2968 1098 1098 2906 2906 634 634 400 400 254 254 208 208 266 266 362 362 362 
362 362 208 208 262 262 390 390 248 248 712 712 574 574 536 536 274 274 372 372 502 502 282 282 662 662 758 758 280 280 734 734 314 314 688 688 2144 2144 2968 2968 1158 1158 2968 2968 930 930 2968 2968 928 928 2968 2968 1106 1106 2968 2968 806 806 2968 2968 1074 1074 2968 2968 1006 1006 2968 2968 1014 1014 2968 2968 876 876 2968 2968 882 882 2968 2968 730 730 2968 2968 802 802 2968 2968 958 958 700 700 2968 2968 1066 1066 2968 2968 864 864 2968 2968 956 956 2968 2968 898 898 2968 2968 1148 1148 2214 2214 656 656 372 372 208 208 254 254 362 362 362 
362 362 208 208 262 262 738 738 434 434 712 712 562 562 578 578 748 748 496 496 582 582 556 556 618 618 1008 1008 506 506 394 394 2096 2096 2968 2968 1010 1010 2968 2968 1078 1078 2968 2968 780 780 2968 2968 1106 1106 2968 2968 864 864 2968 2968 1012 1012 2968 2968 1062 1062 2968 2968 730 730 2968 2968 978 978 2968 2968 722 722 2968 2968 742 742 2968 2968 990 990 2968 2968 892 892 2968 2968 956 956 2968 2968 994 994 2968 2968 1124 1124 2406 2406 208 208 254 254 208 208 246 246 208 208 362 362 
362 362 232 232 262 262 280 280 360 360 398 398 380 380 378 378 268 268 748 748 228 228 320 320 350 350 1084 1084 430 430 712 712 298 298 240 240 696 696 2374 2374 2374 2374 2968 2968 806 806 2968 2968 872 872 2968 2968 798 798 2968 2968 1128 1128 2968 2968 870 870 2968 2968 904 904 2968 2968 920 920 2968 2968 836 836 2968 2968 708 708 2968 2968 990 990 2968 2968 970 970 2968 2968 864 864 2968 2968 758 758 2968 2968 942 942 2968 2968 956 956 2968 2968 756 756 2968 2968 744 744 252 252 714 714 716 716 254 254 208 208 472 472 362 362 
362 362 208 208 262 262 342 342 738 738 712 712 384 384 398 398 356 356 654 654 762 762 708 708 356 356 446 446 450 450 1132 1132 278 278 654 654 2276 2276 2968 2968 1002 1002 2968 2968 964 964 2968 2968 894 894 2968 2968 2968 2968 1460 1460 2968 2968 654 654 2968 2968 1128 1128 2968 2968 758 758 2968 2968 3852 2968 1016 1052 1052 2968 2968 802 802 2968 2968 828 828 2968 2968 818 818 2968 2968 814 814 2968 2968 802 802 2968 2968 916 916 2968 2968 2968 2968 866 866 438 438 690 690 208 208 254 254 362 246 246 208 208 208 208 362 362 
362 362 208 208 262 262 474 474 400 400 712 712 598 598 790 790 254 254 322 322 712 712 542 542 558 558 580 580 590 590 974 974 712 712 260 260 2354 2354 660 660 2968 2968 1054 1054 2968 2968 920 920 2968 2968 896 896 2968 2968 966 966 2968 2968 992 992 2968 2968 1030 1030 2968 2968 920 920 2968 2968 672 672 2968 2968 814 814 2968 2968 996 996 2968 2968 896 896 2968 2968 820 820 2968 2968 928 928 2968 2968 1110 1110 2968 2968 680 680 2968 2968 906 906 2968 2968 886 886 2968 2968 574 574 1060 1060 254 254 362 362 362 
362 362 208 208 262 262 244 244 712 712 712 712 656 656 378 378 512 512 500 500 718 718 644 644 458 458 1194 1194 556 556 644 644 330 330 2318 2318 2968 2968 1054 1054 2968 2968 1124 1124 2968 2968 780 780 2968 2968 956 956 2968 2968 670 670 2968 2968 712 712 2968 2968 698 698 2968 2968 858 858 2968 2968 2968 2968 1156 1156 2968 2968 990 990 2968 2968 752 752 2968 2968 924 924 2968 2968 818 818 2968 2968 1028 1028 2968 2968 1064 1064 2968 2968 678 678 2968 2968 784 784 608 608 620 620 208 208 254 254 362 362 246 246 208 208 208 208 362 
362 362 208 208 262 262 464 464 614 614 712 712 298 298 374 374 526 526 292 292 468 468 502 502 322 322 302 302 304 304 918 918 548 548 272 272 678 678 2272 2272 2968 2968 832 832 2968 2968 732 732 2968 2968 1000 1000 2968 2968 698 698 2968 2968 1118 1118 2968 2968 952 952 2968 2968 968 968 2968 2968 822 822 2968 2968 1118 1118 2968 2968 784 784 2968 2968 786 786 2968 2968 2968 2968 1796 1796 2968 2968 686 686 2968 2968 978 978 2968 2968 862 862 2968 2968 1136 1136 2968 2968 996 996 570 570 270 270 254 254 208 208 500 500 362 362 362 
362 436 436 228 228 760 760 542 542 208 208 362 208 208 262 262 410 410 694 694 712 712 714 714 540 540 628 628 758 758 270 270 538 538 716 716 672 672 1178 1178 736 736 554 554 526 526 2166 2166 2166 2166 2968 2968 1074 1074 2968 2968 804 804 2968 2968 900 900 2968 2968 900 900 2968 2968 904 904 2968 2968 934 934 2968 2968 802 802 2968 2968 782 782 2968 2968 1016 1016 2968 2968 730 730 2968 2968 1108 1108 2968 2968 1044 1044 2968 2968 836 836 2968 2968 828 828 2968 2968 1120 1120 2968 2968 1032 1032 2332 2332 688 688 582 582 254 254 208 208 358 358 222 222 208 208 362 362 
362 2968 2968 2968 2968 2274 2274 7946 2968 2968 2274 640 640 228 228 640 640 228 228 622 622 456 456 480 480 504 504 712 712 596 596 502 502 550 550 570 570 588 588 308 308 258 258 522 522 366 366 762 762 544 544 268 268 2368 2368 2968 2968 850 850 2968 2968 1034 1034 2968 2968 710 710 2968 2968 2968 2968 1226 1226 2968 2968 1108 1108 2968 2968 1106 1106 2968 2968 912 912 2968 2968 656 656 2968 2968 664 664 2968 2968 1114 1114 2968 2968 4428 2968 1592 2968 2968 910 910 2968 2968 678 678 2968 2968 670 670 2968 2968 898 898 1732 1732 552 552 382 382 274 274 208 208 312 312 362 362 362 
362 362 246 246 208 208 208 208 208 208 262 262 466 466 314 314 712 712 560 560 696 696 446 446 374 374 270 270 676 676 330 330 698 698 602 602 416 416 854 854 540 540 654 654 2266 2266 2266 2266 2968 2968 902 902 2968 2968 732 732 2968 2968 1092 1092 2968 2968 4194 2968 1358 2968 2968 978 978 2968 2968 960 960 2968 2968 1070 1070 2968 2968 1130 1130 2968 2968 1026 1026 2968 2968 1034 1034 2968 2968 826 826 2968 2968 788 788 2968 2968 1156 1156 2968 2968 1006 1006 2968 2968 1034 1034 2968 2968 852 852 2968 2968 2940 2940 652 652 362 362 362 
362 362 208 208 262 262 470 470 440 440 712 712 440 440 440 440 506 506 710 710 552 552 296 296 546 546 314 314 444 444 352 352 1064 1064 514 514 346 346 2292 2292 2292 2292 2968 2968 966 966 2968 2968 894 894 2968 2968 722 722 2968 2968 3816 2968 980 1138 1138 2968 2968 930 930 2968 2968 742 742 2968 2968 1002 1002 2968 2968 1012 1012 2968 2968 684 684 2968 2968 736 736 2968 2968 3814 2968 978 1002 1002 2968 2968 914 914 2968 2968 666 666 2968 2968 916 916 2968 2968 5618 2968 2782 824 824 362 362 362 
362 362 208 208 262 262 530 530 354 354 712 712 362 362 468 468 512 512 744 744 516 516 420 420 512 512 302 302 534 534 968 968 302 302 606 606 2126 2126 2126 2126 2968 2968 948 948 2968 2968 864 864 2968 2968 1146 1146 2968 2968 822 822 2968 2968 956 956 2968 2968 886 886 2968 2968 798 798 2968 2968 796 796 2968 2968 2968 2968 1330 1330 2968 2968 1088 1088 2968 2968 776 776 3686 2968 850 2968 2968 848 848 2968 2968 776 776 2968 2968 688 688 2408 2408 660 660 342 342 254 254 208 208 472 472 246 246 208 208 208 208 362 362 
362 362 208 208 262 262 584 584 520 520 712 712 314 314 324 324 516 516 422 422 488 488 512 512 384 384 368 368 1130 1130 450 450 290 290 634 634 2520 2520 2968 2968 978 978 2968 2968 848 848 2968 2968 872 872 2968 2968 4270 2968 1434 322 322 2968 2968 1058 1058 2968 2968 792 792 2968 2968 978 978 2968 2968 816 816 2968 2968 988 988 2968 2968 742 742 2968 2968 860 860 2968 2968 726 726 2968 2968 696 696 2968 2968 718 718 2968 2968 1124 1124 2968 2968 2254 2254 284 284 608 608 208 208 254 254 362 362 362 
362 362 208 208 262 262 352 352 370 370 712 712 332 332 502 502 608 608 296 296 622 622 552 552 454 454 760 760 432 432 1014 1014 344 344 498 498 2590 2590 2968 2968 1140 1140 2968 2968 1082 1082 2968 2968 760 760 2968 2968 3486 2968 650 1100 1100 2968 2968 850 850 2968 2968 1008 1008 2968 2968 998 998 2968 2968 1118 1118 2968 2968 746 746 2968 2968 792 792 2968 2968 850 850 2968 2968 884 884 2968 2968 972 972 2968 2968 962 962 2968 2968 942 942 2968 2968 302 302 246 246 478 478 254 254 208 208 578 578 362 246 246 208 208 208 208 362 
362 362 208 208 262 262 606 606 558 558 712 712 404 404 392 392 472 472 580 580 488 488 658 658 752 752 762 762 936 936 486 486 600 600 716 716 274 274 2274 2274 2968 2968 822 822 2968 2968 722 722 2968 2968 752 752 2968 2968 710 710 2968 2968 968 968 2968 2968 1142 1142 2968 2968 1046 1046 2968 2968 1022 1022 2968 2968 820 820 2968 2968 796 796 2968 2968 1042 1042 2968 2968 2968 2968 1364 1364 2968 2968 950 950 2968 2968 756 756 2968 2968 1136 1136 2968 2968 862 862 2968 2968 778 778 2968 2968 938 938 2968 2968 2744 2744 436 436 576 576 254 254 208 208 390 390 390 390 362 362 362 
362 362 208 208 262 262 668 668 690 690 712 712 660 660 646 646 666 666 596 596 716 716 688 688 772 772 324 324 744 744 1098 1098 326 326 342 342 336 336 510 510 2416 2416 2968 2968 1148 1148 2968 2968 930 930 2968 2968 774 774 2968 2968 836 836 2968 2968 1116 1116 2968 2968 1020 1020 2968 2968 934 934 2968 2968 768 768 2968 2968 1096 1096 2968 2968 980 980 2968 2968 1134 1134 2968 2968 1052 1052 2968 2968 964 964 2968 2968 1064 1064 2968 2968 1086 1086 2968 2968 1130 1130 2968 2968 942 942 2968 2968 922 922 2968 2968 926 926 1330 1330 254 254 208 208 362 362 362 362 362 
246 246 208 208 208 208 362 362 208 208 262 262 524 524 582 582 712 712 534 534 678 678 668 668 770 770 276 276 432 432 474 474 884 884 338 338 254 254 448 448 2134 2134 2968 2968 1168 1168 2968 2968 834 834 2968 2968 892 892 2968 2968 1076 1076 2968 2968 878 878 2968 2968 738 738 2968 2968 1048 1048 2968 2968 1102 1102 2968 2968 1090 1090 2968 2968 1072 1072 2968 2968 1052 1052 2968 2968 702 702 2968 2968 734 734 2968 2968 702 702 2968 2968 868 868 2968 2968 912 912 2968 2968 796 796 2968 2968 810 810 2514 2514 680 680 600 600 254 254 208 208 388 388 362 362 362 
362 362 208 208 262 262 720 720 516 516 712 712 424 424 338 338 352 352 320 320 274 274 650 650 552 552 278 278 376 376 436 436 906 906 730 730 340 340 506 506 2502 2502 2968 2968 828 828 2968 2968 722 722 2968 2968 758 758 2968 2968 2968 2968 1394 1394 324 324 2968 2968 1044 1044 2968 2968 650 650 2968 2968 1048 1048 2968 2968 826 826 2968 2968 744 744 2968 2968 1110 1110 2968 2968 788 788 2968 2968 778 778 2968 2968 754 754 2968 2968 1090 1090 2968 2968 788 788 2968 2968 4028 2968 1192 2968 2968 752 752 2968 2968 928 928 742 742 640 640 222 222 254 254 208 208 564 564 362 362 362 
362 246 246 208 208 208 208 362 208 208 262 262 504 504 458 458 712 712 384 384 296 296 526 526 726 726 524 524 536 536 620 620 302 302 592 592 864 864 248 248 504 504 530 530 294 294 2182 2182 2968 2968 882 882 2968 2968 648 648 2968 2968 1016 1016 2968 2968 990 990 2968 2968 790 790 2968 2968 756 756 2968 2968 724 724 2968 2968 1008 1008 2968 2968 2968 2968 1300 1300 2968 2968 814 814 2968 2968 898 898 2968 2968 740 740 2968 2968 936 936 2968 2968 980 980 2968 2968 940 940 2968 2968 880 880 2968 2968 1126 1126 2968 2968 1116 1116 2968 2968 468 468 254 254 208 208 572 572 362 362 362 
362 362 208 208 262 262 618 618 732 732 712 712 582 582 668 668 270 270 730 730 620 620 684 684 606 606 774 774 718 718 1026 1026 678 678 692 692 590 590 568 568 2296 2296 2968 2968 1076 1076 2968 2968 760 760 2968 2968 1146 1146 2968 2968 688 688 2968 2968 846 846 2968 2968 1056 1056 2968 2968 794 794 2968 2968 720 720 2968 2968 4180 2968 1344 2968 2968 832 832 2968 2968 1134 1134 2968 2968 1000 1000 2968 2968 666 666 2968 2968 928 928 2968 2968 3788 2968 952 4316 2968 1480 2968 2968 1026 1026 2316 2316 598 598 254 254 208 208 434 434 362 362 362 
362 362 208 208 262 262 502 502 542 542 712 712 466 466 700 700 564 564 678 678 604 604 588 588 766 766 940 940 246 246 208 208 208 208 672 672 422 422 2566 2566 2968 2968 1126 1126 2968 2968 900 900 2968 2968 942 942 2968 2968 742 742 2968 2968 1018 1018 2968 2968 1092 1092 2968 2968 1024 1024 2968 2968 934 934 2968 2968 938 938 2968 2968 682 682 2968 2968 720 720 2968 2968 2968 2968 1308 1308 2968 2968 1020 1020 2968 2968 1002 1002 2968 2968 942 942 2968 2968 834 834 2968 2968 242 242 420 420 722 722 254 254 208 208 532 532 362 362 362 
362 362 208 208 262 262 584 584 612 612 712 712 712 712 516 516 270 270 652 652 300 300 292 292 410 410 428 428 552 552 1150 1150 626 626 652 652 704 704 2512 2512 2968 2968 760 760 2968 2968 830 830 2968 2968 698 698 2968 2968 4378 2968 1542 2968 2968 736 736 2968 2968 904 904 2968 2968 1070 1070 2968 2968 806 806 2968 2968 1146 1146 2968 2968 1136 1136 2968 2968 1112 1112 2968 2968 1048 1048 2968 2968 662 662 2968 2968 1072 1072 2968 2968 682 682 2968 2968 756 756 2968 2968 766 766 2198 2198 630 630 574 574 208 208 254 254 362 362 362 
362 362 208 208 262 262 318 318 370 370 712 712 588 588 494 494 720 720 406 406 306 306 748 748 704 704 566 566 452 452 1040 1040 396 396 642 642 2508 2508 2508 2508 2968 2968 846 846 2968 2968 882 882 2968 2968 1040 1040 2968 2968 2968 2968 1120 1120 2968 2968 890 890 2968 2968 1122 1122 2968 2968 1064 1064 2968 2968 4318 2968 1482 2968 2968 956 956 2968 2968 998 998 2968 2968 924 924 2968 2968 1086 1086 2968 2968 810 810 2968 2968 662 662 2968 2968 1124 1124 2968 2968 910 910 2968 2968 1074 1074 2968 2968 580 580 440 440 468 468 254 254 208 208 616 616 362 246 246 208 208 208 208 362 362 
362 362 208 208 262 262 546 546 284 284 712 712 554 554 406 406 686 686 632 632 652 652 416 416 540 540 502 502 254 254 1164 1164 358 358 386 386 456 456 2466 2466 2968 2968 1102 1102 2968 2968 1016 1016 2968 2968 770 770 2968 2968 980 980 2968 2968 1106 1106 2968 2968 886 886 2968 2968 666 666 2968 2968 1028 1028 2968 2968 948 948 2968 2968 928 928 2968 2968 722 722 2968 2968 1060 1060 2968 2968 776 776 2968 2968 742 742 2968 2968 814 814 2968 2968 750 750 2968 2968 808 808 2968 2968 694 694 2256 2256 368 368 254 254 208 208 388 388 362 362 2968 2968 5328 2968 2492 234 234 1040 1040 818 818 362 
362 8940 2968 2968 2968 432 704 704 228 228 760 760 542 542 208 208 362 208 208 286 286 356 356 652 652 712 712 300 300 586 586 518 518 730 730 544 544 474 474 520 520 666 666 878 878 280 280 550 550 646 646 2394 2394 2968 2968 898 898 2968 2968 1004 1004 2968 2968 1094 1094 2968 2968 784 784 2968 2968 1048 1048 1048 1048 592 592 2968 2968 1028 1028 2968 2968 812 812 2968 2968 1088 1088 2968 2968 2968 2968 1382 1382 2968 2968 750 750 2968 2968 822 822 2968 2968 1026 1026 2968 2968 650 650 2968 2968 672 672 2968 2968 780 780 2968 2968 788 788 2968 2968 784 784 2968 2968 1106 1106 2968 2968 396 396 664 664 406 406 254 254 208 208 568 568 362 362 246 246 208 208 208 208 362 
362 362 208 208 262 262 698 698 262 262 712 712 696 696 748 748 728 728 544 544 454 454 580 580 648 648 310 310 448 448 900 900 464 464 478 478 262 262 306 306 2294 2294 2968 2968 874 874 2968 2968 996 996 2968 2968 902 902 2968 2968 832 832 2968 2968 654 654 2968 2968 896 896 2968 2968 1142 1142 2968 2968 774 774 2968 2968 1132 1132 2968 2968 876 876 2968 2968 1152 1152 2968 2968 970 970 2968 2968 1086 1086 2968 2968 714 714 2968 2968 940 940 2968 2968 1124 1124 2968 2968 730 730 2968 2968 820 820 2690 2690 346 346 584 584 254 254 208 208 386 386 362 362 362 
362 362 208 208 262 262 648 648 386 386 712 712 674 674 724 724 520 520 436 436 400 400 390 390 336 336 648 648 566 566 744 744 384 384 524 524 2552 2552 2552 2552 2968 2968 1054 1054 2968 2968 852 852 2968 2968 732 732 2968 2968 956 956 2968 2968 938 938 2968 2968 676 676 2968 2968 794 794 2968 2968 890 890 2968 2968 746 746 2968 2968 1074 1074 2968 2968 962 962 2968 2968 948 948 2968 2968 706 706 2968 2968 812 812 2968 2968 910 910 2968 2968 864 864 2968 2968 918 918 2968 2968 652 652 2968 2968 1138 1138 2450 2450 434 434 254 254 208 208 256 256 362 362 362 246 246 208 208 208 208 
362 362 208 208 262 262 658 658 324 324 712 712 296 296 616 616 752 752 392 392 448 448 516 516 424 424 1132 1132 342 342 256 256 2460 2460 2460 2460 2968 2968 1008 1008 2968 2968 974 974 2968 2968 998 998 2968 2968 1080 1080 2968 2968 768 768 2968 2968 744 744 2968 2968 828 828 2968 2968 876 876 2968 2968 816 816 2968 2968 718 718 2968 2968 1156 1156 2968 2968 816 816 2968 2968 778 778 2968 2968 1014 1014 2968 2968 1048 1048 2968 2968 1140 1140 2968 2968 804 804 2968 2968 824 824 2206 2206 390 390 658 658 254 254 208 208 466 466 362 362 362 
362 362 208 208 262 262 538 538 360 360 712 712 470 470 470 470 578 578 578 578 776 776 292 292 686 686 568 568 436 436 1022 1022 642 642 536 536 728 728 2552 2552 2968 2968 1042 1042 2968 2968 962 962 2968 2968 654 654 2968 2968 988 988 2968 2968 790 790 2968 2968 710 710 2968 2968 882 882 2968 2968 968 968 2968 2968 870 870 2968 2968 918 918 2968 2968 1086 1086 2968 2968 718 718 2968 2968 1030 1030 2968 2968 1050 1050 2968 2968 784 784 2968 2968 726 726 2968 2968 1034 1034 2968 2968 778 778 2968 2968 310 310 674 674 618 618 254 254 208 208 334 334 362 362 362 
362 246 246 208 208 208 208 362 208 208 262 262 730 730 702 702 712 712 716 716 440 440 442 442 658 658 738 738 302 302 600 600 422 422 574 574 1126 1126 434 434 620 620 328 328 2398 2398 2968 2968 1102 1102 2968 2968 698 698 2968 2968 810 810 2968 2968 944 944 2968 2968 770 770 2968 2968 890 890 2968 2968 960 960 2968 2968 1030 1030 2968 2968 3542 2968 706 672 672 2968 2968 822 822 2968 2968 1052 1052 2968 2968 806 806 2968 2968 670 670 2968 2968 1050 1050 2968 2968 1022 1022 2968 2968 852 852 2968 2968 878 878 2968 2968 1072 1072 1194 1194 478 478 252 252 254 254 208 208 622 622 362 362 362 
362 362 208 208 262 262 420 420 308 308 712 712 452 452 352 352 610 610 308 308 466 466 772 772 420 420 760 760 506 506 732 732 738 738 404 404 600 600 2374 2374 2968 2968 910 910 2968 2968 858 858 2968 2968 734 734 2968 2968 998 998 2968 2968 1140 1140 2968 2968 772 772 2968 2968 764 764 2968 2968 902 902 2968 2968 792 792 2968 2968 842 842 2968 2968 1008 1008 2968 2968 4056 2968 1220 2968 2968 846 846 2968 2968 910 910 2968 2968 890 890 2968 2968 1484 1484 254 254 208 208 486 486 362 362 
362 362 208 208 208 208 246 246 208 208 622 622 252 252 736 736 712 712 490 490 624 624 532 532 376 376 542 542 242 242 752 752 496 496 876 876 518 518 614 614 324 324 2254 2254 2968 2968 940 940 2968 2968 1152 1152 2968 2968 3810 2968 974 4882 2968 2046 2968 2968 676 676 2968 2968 1066 1066 2968 2968 864 864 2968 2968 826 826 2968 2968 952 952 2968 2968 1146 1146 2968 2968 650 650 2968 2968 660 660 2968 2968 960 960 2968 2968 820 820 2968 2968 688 688 2968 2968 938 938 2968 2968 722 722 2968 2968 580 580 508 508 326 326 274 274 208 208 374 374 362 362 362 
362 362 208 208 262 262 584 584 364 364 712 712 424 424 740 740 682 682 608 608 678 678 376 376 550 550 458 458 504 504 606 606 818 818 554 554 314 314 2332 2332 2968 2968 830 830 2968 2968 804 804 2968 2968 746 746 2968 2968 982 982 2968 2968 780 780 2968 2968 1022 1022 2968 2968 788 788 2968 2968 1000 1000 2968 2968 906 906 2968 2968 786 786 2968 2968 848 848 2968 2968 4432 2968 1596 2968 2968 714 714 2968 2968 1036 1036 2968 2968 912 912 2968 2968 712 712 2968 2968 872 872 2100 2100 582 582 404 404 254 254 208 208 684 684 362 362 362 
242 242 362 362 208 208 262 262 258 258 748 748 712 712 680 680 420 420 530 530 528 528 586 586 374 374 432 432 294 294 296 296 434 434 858 858 486 486 660 660 598 598 2572 2572 2572 2572 2968 2968 810 810 2968 2968 1032 1032 2968 2968 786 786 2968 2968 4052 2968 1216 2968 2968 778 778 2968 2968 660 660 2968 2968 954 954 2968 2968 998 998 2968 2968 714 714 2968 2968 1052 1052 2968 2968 1148 1148 2968 2968 882 882 2968 2968 784 784 2968 2968 1074 1074 2968 2968 764 764 2968 2968 1112 1112 2968 2968 1020 1020 1312 1312 608 608 208 208 254 254 362 246 246 208 208 208 208 362 362 
362 362 208 208 262 262 406 406 448 448 712 712 394 394 506 506 330 330 362 362 486 486 508 508 578 578 660 660 502 502 616 616 924 924 260 260 388 388 2336 2336 2968 2968 912 912 2968 2968 986 986 2968 2968 800 800 2968 2968 1036 1036 2968 2968 916 916 2968 2968 978 978 2968 2968 718 718 2968 2968 970 970 2968 2968 684 684 2968 2968 840 840 2968 2968 932 932 2968 2968 1092 1092 2968 2968 794 794 2968 2968 862 862 2968 2968 840 840 2968 2968 1158 1158 2968 2968 672 672 2968 2968 856 856 1466 1466 568 568 456 456 254 254 208 208 276 276 362 362 362 
362 362 208 208 262 262 386 386 512 512 712 712 494 494 490 490 378 378 422 422 324 324 682 682 732 732 638 638 364 364 790 790 308 308 456 456 712 712 700 700 2580 2580 2968 2968 798 798 2968 2968 948 948 2968 2968 1130 1130 2968 2968 890 890 2968 2968 1002 1002 2968 2968 890 890 2968 2968 1096 1096 2968 2968 1114 1114 2968 2968 1002 1002 2968 2968 716 716 2968 2968 814 814 2968 2968 950 950 2968 2968 692 692 2968 2968 924 924 2968 2968 822 822 2968 2968 854 854 2968 2968 820 820 2306 2306 254 254 208 208 690 690 362 362 246 246 208 208 208 208 362 
362 362 208 208 286 286 438 438 594 594 660 660 408 408 516 516 720 720 712 712 696 696 442 442 596 596 702 702 486 486 708 708 376 376 646 646 2326 2326 2968 2968 758 758 2968 2968 996 996 2968 2968 718 718 2968 2968 794 794 2968 2968 778 778 2968 2968 706 706 2968 2968 958 958 2968 2968 996 996 2968 2968 938 938 2968 2968 930 930 2968 2968 858 858 2968 2968 682 682 2968 2968 1118 1118 2968 2968 854 854 2968 2968 760 760 2968 2968 802 802 2968 2968 842 842 902 902 732 732 286 286 254 254 208 208 324 324 362 362 
362 362 208 208 262 262 280 280 290 290 712 712 342 342 772 772 628 628 628 628 604 604 318 318 450 450 470 470 700 700 572 572 1138 1138 288 288 246 246 576 576 2454 2454 2968 2968 1012 1012 2968 2968 826 826 2968 2968 876 876 2968 2968 664 664 2968 2968 652 652 2968 2968 742 742 2968 2968 698 698 2968 2968 1012 1012 2968 2968 686 686 2968 2968 1112 1112 2968 2968 826 826 2968 2968 834 834 2968 2968 1022 1022 2968 2968 1076 1076 2968 2968 710 710 2968 2968 1042 1042 2968 2968 1098 1098 1316 1316 542 542 254 254 208 208 636 636 362 362 362 246 246 208 208 208 208 
362 362 208 208 262 262 350 350 718 718 712 730 730 406 406 660 660 382 382 348 348 502 502 300 300 394 394 326 326 424 424 720 720 620 620 518 518 2132 2132 2968 2968 736 736 2968 2968 958 958 2968 2968 774 774 2968 2968 716 716 2968 2968 896 896 2968 2968 1048 1048 2968 2968 972 972 2968 2968 1000 1000 2968 2968 988 988 2968 2968 716 716 2968 2968 1006 1006 2968 2968 1120 1120 2968 2968 1114 1114 2968 2968 888 888 2968 2968 898 898 2968 2968 1144 1144 2968 2968 678 678 2968 2968 1124 1124 2968 2968 728 728 2114 2114 440 440 422 422 254 254 208 208 468 468 222 222 208 208 362 362 362 
362 362 7946 2968 2968 2274 2968 2968 5110 2968 2274 640 640 228 228 640 640 228 228 622 622 712 712 578 578 712 712 460 460 450 450 314 314 618 618 450 450 594 594 296 296 378 378 444 444 244 244 734 734 260 260 444 444 438 438 2152 2152 2968 2968 1000 1000 2968 2968 1048 1048 2968 2968 836 836 2968 2968 2968 2968 1522 1522 2968 2968 798 798 2968 2968 2968 2968 1270 1270 2968 2968 1154 1154 2968 2968 872 872 2968 2968 1062 1062 2968 2968 1038 1038 2968 2968 1156 1156 2968 2968 842 842 2968 2968 1056 1056 2968 2968 960 960 2968 2968 1074 1074 2968 2968 822 822 1312 1312 466 466 712 712 274 274 208 208 676 676 362 362 362 
362 246 246 208 208 208 208 362 208 208 262 262 308 308 588 588 712 712 658 658 450 450 272 272 646 646 730 730 312 312 278 278 618 618 348 348 872 872 412 412 690 690 2240 2240 2968 2968 774 774 2968 2968 878 878 2968 2968 946 946 2968 2968 4226 2968 1390 2968 2968 876 876 2968 2968 1028 1028 2968 2968 1082 1082 2968 2968 1094 1094 2968 2968 798 798 2968 2968 650 650 2968 2968 692 692 2968 2968 774 774 2968 2968 832 832 2968 2968 872 872 2968 2968 1074 1074 2968 2968 862 862 1360 1360 604 604 326 326 254 254 208 208 600 600 362 362 
362 362 208 208 286 286 392 392 364 364 364 364 712 712 796 796 712 286 286 712 1328 1328 644 644 532 532 646 646 658 658 622 622 1000 1000 706 706 554 554 646 646 436 436 2550 2550 2968 2968 1034 1034 2968 2968 1010 1010 2968 2968 1036 1036 2968 2968 788 788 2968 2968 712 712 2968 2968 666 666 2968 2968 1034 1034 2968 2968 960 960 2968 2968 692 692 2968 2968 892 892 2968 2968 748 748 2968 2968 868 868 2968 2968 988 988 2968 2968 1062 1062 2968 2968 1118 1118 2968 2968 1120 1120 2968 2968 990 990 2968 2968 1050 1050 2968 2968 1116 1116 2968 2968 1194 1194 374 374 484 484 254 254 208 208 212 212 362 362 362 
362 362 208 208 246 246 208 208 222 222 208 208 208 208 262 262 280 280 384 384 712 712 396 396 792 792 518 518 476 476 674 674 704 704 500 500 494 494 450 450 246 246 822 822 440 440 362 362 444 444 2342 2342 2968 2968 830 830 2968 2968 848 848 2968 2968 686 686 2968 2968 916 916 2968 2968 1064 1064 2968 2968 776 776 2968 2968 760 760 2968 2968 776 776 2968 2968 2968 2968 1396 1396 2968 2968 806 806 2968 2968 678 678 2968 2968 882 882 2968 2968 848 848 2968 2968 1092 1092 2968 2968 890 890 2968 2968 796 796 2968 2968 1050 1050 2968 2968 818 818 2968 2968 770 770 1226 1226 254 254 208 208 624 624 362 362 362 
362 362 208 208 262 262 504 504 544 544 712 712 570 570 764 764 724 724 724 724 606 606 462 462 760 760 692 692 572 572 524 524 1072 1072 604 604 280 280 2578 2578 2968 2968 1050 1050 2968 2968 864 864 2968 2968 752 752 2968 2968 1138 1138 2968 2968 800 800 2968 2968 1088 1088 2968 2968 710 710 2968 2968 1150 1150 2968 2968 1138 1138 2968 2968 970 970 2968 2968 1068 1068 2968 2968 658 658 2968 2968 1000 1000 2968 2968 1046 1046 2968 2968 782 782 2968 2968 996 996 2968 2968 1670 1670 712 712 208 208 254 254 362 362 
362 362 208 208 262 262 690 690 696 696 712 712 570 570 770 770 424 424 610 610 732 732 374 374 458 458 312 312 614 614 714 714 448 448 640 640 2570 2570 2570 2570 2968 2968 918 918 2968 2968 866 866 2968 2968 1078 1078 2968 2968 2968 2968 1150 1150 2968 2968 1064 1064 2968 2968 812 812 2968 2968 668 668 2968 2968 978 978 2968 2968 994 994 2968 2968 776 776 2968 2968 1096 1096 2968 2968 1112 1112 2968 2968 1042 1042 2968 2968 880 880 2968 2968 1010 1010 2968 2968 736 736 2968 2968 1134 1134 1430 1430 408 408 254 254 208 208 244 244 362 2968 2968 6104 2968 2968 432 736 736 228 228 320 320 208 208 362 362 
362 362 208 208 262 262 454 454 362 362 712 712 744 744 722 722 656 656 510 510 270 270 704 704 618 618 668 668 698 698 958 958 258 258 280 280 644 644 2142 2142 2968 2968 872 872 2968 2968 1032 1032 2968 2968 1062 1062 2968 2968 674 674 2968 2968 778 778 2968 2968 936 936 2968 2968 682 682 2968 2968 886 886 2968 2968 720 720 2968 2968 834 834 2968 2968 920 920 2968 2968 986 986 2968 2968 1128 1128 2968 2968 848 848 2968 2968 1064 1064 2968 2968 770 770 2968 2968 698 698 2968 2968 812 812 2968 2968 890 890 2588 2588 458 458 254 254 208 208 318 318 362 362 362 
362 362 208 208 262 262 564 564 504 504 712 712 426 426 742 742 332 332 390 390 376 376 656 656 420 420 298 298 400 400 710 710 698 698 500 500 512 512 2294 2294 2968 2968 812 812 2968 2968 916 916 2968 2968 810 810 2968 2968 954 954 2968 2968 1014 1014 2968 2968 966 966 2968 2968 1126 1126 2968 2968 1150 1150 2968 2968 2968 2968 1434 1434 2968 2968 1146 1146 2968 2968 4440 2968 1604 2968 2968 1082 1082 2968 2968 1076 1076 2968 2968 812 812 2968 2968 1100 1100 2968 2968 1072 1072 2968 2968 1130 1130 2838 2838 534 534 684 684 254 254 208 208 716 716 362 362 246 246 208 208 208 208 362 
362 362 208 208 262 262 736 736 298 298 712 712 520 520 738 738 506 506 600 600 492 492 768 768 406 406 646 646 652 652 1088 1088 532 532 388 388 2572 2572 2572 2572 2968 2968 1062 1062 2968 2968 738 738 2968 2968 794 794 2968 2968 718 718 2968 2968 918 918 2968 2968 834 834 2968 2968 1080 1080 2968 2968 980 980 2968 2968 654 654 2968 2968 908 908 2968 2968 970 970 2968 2968 832 832 2968 2968 1076 1076 2968 2968 1154 1154 2968 2968 1132 1132 2968 2968 658 658 2968 2968 882 882 2968 2968 854 854 1376 1376 426 426 254 254 208 208 608 608 362 362 362 
362 242 242 362 208 208 262 262 524 524 706 706 712 712 518 518 518 518 534 534 422 422 418 418 514 514 286 286 272 272 406 406 1148 1148 642 642 622 622 398 398 728 728 2226 2226 2968 2968 1096 1096 2968 2968 1132 1132 2968 2968 726 726 2968 2968 730 730 2968 2968 858 858 2968 2968 830 830 2968 2968 900 900 2968 2968 824 824 2968 2968 1132 1132 2968 2968 762 762 2968 2968 1088 1088 2968 2968 4306 2968 1470 2968 2968 764 764 2968 2968 1014 1014 2968 2968 870 870 2968 2968 840 840 2968 2968 1054 1054 2968 2968 830 830 2968 2968 1274 1274 612 612 278 278 254 254 208 208 714 714 362 362 246 246 208 208 208 208 362 
362 362 232 232 262 262 234 234 464 464 712 712 520 520 788 788 752 752 748 748 722 722 338 338 674 674 402 402 632 632 294 294 996 996 722 722 574 574 2330 2330 2330 2330 2968 2968 710 710 2968 2968 1010 1010 336 336 2968 2968 924 924 2968 2968 980 980 2968 2968 1014 1014 2968 2968 1034 1034 2968 2968 700 700 2968 2968 1034 1034 2968 2968 992 992 2968 2968 738 738 2968 2968 650 650 2968 2968 832 832 2968 2968 1036 1036 2968 2968 942 942 2968 2968 1122 1122 2968 2968 840 840 2968 2968 2968 2968 1106 1106 2968 2968 690 690 1622 1622 696 696 254 254 208 208 396 396 362 362 362 
362 362 208 208 262 262 330 330 694 694 712 712 296 296 290 290 458 458 656 656 398 398 732 732 372 372 338 338 282 282 436 436 1028 1028 670 670 284 284 2260 2260 2968 2968 790 790 2968 2968 700 700 2968 2968 1110 1110 2968 2968 2968 2968 1246 1246 2968 2968 936 936 2968 2968 1150 1150 2968 2968 890 890 2968 2968 1074 1074 2968 2968 1050 1050 2968 2968 1004 1004 2968 2968 3986 2968 1150 942 942 2968 2968 700 700 2968 2968 804 804 2968 2968 792 792 2968 2968 1100 1100 2968 2968 1150 1150 1512 1512 644 644 208 208 254 254 362 362 362 
362 246 246 208 208 208 208 362 208 208 262 262 636 636 738 738 712 394 394 500 500 552 552 456 456 392 392 306 306 458 458 330 330 524 524 886 886 626 626 248 248 570 570 2164 2164 2164 2164 2968 2968 666 666 2968 2968 1142 1142 2968 2968 1024 1024 2968 2968 4244 2968 1408 2968 2968 812 812 2968 2968 852 852 2968 2968 808 808 2968 2968 760 760 2968 2968 1134 1134 2968 2968 696 696 2968 2968 1036 1036 2968 2968 966 966 2968 2968 2968 2968 826 826 1076 1076 2968 2968 1092 1092 2968 2968 1102 1102 2968 2968 1148 1148 1360 1360 550 550 208 208 254 254 362 362 362 
362 362 208 208 262 262 672 672 528 528 496 496 512 512 556 556 556 556 464 464 482 482 420 420 566 566 700 700 318 318 940 940 724 724 470 470 2560 2560 2968 2968 3776 2968 940 1148 1148 2968 2968 686 686 2968 2968 728 728 2968 2968 826 826 2968 2968 1088 1088 2968 2968 694 694 2968 2968 788 788 2968 2968 924 924 2968 2968 694 694 2968 2968 914 914 2968 2968 754 754 2968 2968 710 710 2968 2968 1140 1140 2968 2968 974 974 2968 2968 924 924 2968 2968 788 788 2968 2968 1118 1118 1262 1262 368 368 254 254 208 208 348 348 712 712 362 362 
362 362 246 246 208 208 208 208 208 208 262 262 600 600 412 412 436 436 712 712 712 224 224 546 546 442 442 688 688 436 436 692 692 414 414 680 680 724 724 594 594 456 456 732 732 646 646 662 662 2464 2464 2968 2968 926 926 2968 2968 790 790 2968 2968 652 652 2968 2968 692 692 2968 2968 736 736 2968 2968 798 798 2968 2968 1020 1020 2968 2968 1038 1038 2968 2968 994 994 2968 2968 1142 1142 2968 2968 692 692 2968 2968 1040 1040 2968 2968 898 898 2968 2968 848 848 2968 2968 1042 1042 2968 2968 820 820 2968 2968 1014 1014 2968 2968 900 900 2968 2968 1006 1006 1056 1056 642 642 254 254 208 208 586 586 362 362 362 
362 362 208 208 262 262 498 498 656 656 712 712 680 680 566 566 376 376 742 742 670 670 574 574 388 388 438 438 1192 1192 628 628 382 382 724 724 2456 2456 2968 2968 998 998 2968 2968 1038 1038 2968 2968 1042 1042 2968 2968 664 664 2968 2968 1112 1112 2968 2968 676 676 2968 2968 1082 1082 2968 2968 926 926 2968 2968 684 684 2968 2968 714 714 2968 2968 1024 1024 2968 2968 1036 1036 2968 2968 958 958 2968 2968 818 818 2968 2968 1144 1144 2968 2968 894 894 2968 2968 1038 1038 2968 2968 910 910 2530 2530 458 458 506 506 254 254 208 208 468 468 362 362 362 
362 362 208 208 262 262 1304 1304 712 712 372 372 590 590 456 456 560 560 288 288 540 540 452 452 340 340 500 500 1078 1078 394 394 498 498 2456 2456 514 514 2968 2968 1064 1064 2968 2968 740 740 2968 2968 788 788 2968 2968 940 940 2968 2968 700 700 2968 2968 924 924 2968 2968 1140 1140 2968 2968 652 652 2968 2968 916 916 2968 2968 1040 1040 2968 2968 1100 1100 2968 2968 1120 1120 2968 2968 756 756 2968 2968 1082 1082 2968 2968 654 654 2968 2968 898 898 2968 2968 890 890 2968 2968 714 714 2968 2968 1086 1086 2968 2968 798 798 760 760 592 592 254 254 208 208 518 518 362 246 246 208 208 208 208 362 362 
362 362 208 208 262 262 236 236 542 542 712 712 566 566 644 644 752 752 642 642 506 506 762 762 588 588 330 330 690 690 364 364 468 468 698 698 2178 2178 2968 2968 1116 1116 2968 2968 976 976 2968 2968 854 854 2968 2968 4240 2968 1404 2968 2968 1120 1120 2968 2968 942 942 2968 2968 994 994 2968 2968 954 954 2968 2968 796 796 2968 2968 888 888 2968 2968 798 798 2968 2968 828 828 2968 2968 680 680 2968 2968 848 848 2968 2968 794 794 2968 2968 812 812 2038 2038 560 560 254 254 208 208 280 280 362 362 362 
362 362 208 208 262 262 296 296 380 380 712 712 340 340 496 496 682 682 272 272 738 738 378 378 598 598 290 290 316 316 722 722 1130 1130 544 544 732 732 666 666 2304 2304 2968 2968 880 880 2968 2968 846 846 2968 2968 964 964 2968 2968 1136 1136 2968 2968 1086 1086 2968 2968 966 966 2968 2968 966 966 2968 2968 812 812 2968 2968 944 944 2968 2968 1146 1146 2968 2968 960 960 2968 2968 986 986 2968 2968 824 824 2968 2968 1014 1014 2968 2968 918 918 2968 2968 896 896 2968 2968 950 950 2968 2968 972 972 2968 2968 1006 1006 1532 1532 726 726 554 554 386 386 362 362 246 246 208 208 208 208 362 
362 362 208 208 262 262 474 474 456 456 456 456 712 712 408 408 648 648 696 696 476 476 370 370 556 556 282 282 680 680 704 704 912 912 730 730 618 618 2422 2422 2968 2968 842 842 2968 2968 1144 1144 2968 2968 944 944 2968 2968 2968 2968 1162 1162 2968 2968 952 952 2968 2968 944 944 2968 2968 1074 1074 2968 2968 980 980 2968 2968 834 834 2968 2968 852 852 2968 2968 1080 1080 2968 2968 680 680 2968 2968 1078 1078 2968 2968 936 936 2968 2968 886 886 2968 2968 2884 2884 526 526 254 254 208 208 490 490 362 362 362 
362 362 208 208 262 262 242 242 664 664 712 712 520 520 714 714 566 566 474 474 746 746 454 454 668 668 456 456 512 512 914 914 514 514 486 486 722 722 2354 2354 366 366 2968 2968 1096 1096 2968 2968 1058 1058 2968 2968 740 740 2968 2968 864 864 2968 2968 704 704 2968 2968 736 736 2968 2968 914 914 2968 2968 792 792 2968 2968 844 844 2968 2968 832 832 2968 2968 1152 1152 2968 2968 992 992 2968 2968 1046 1046 2968 2968 756 756 2968 2968 772 772 2968 2968 848 848 2968 2968 1134 1134 2968 2968 1104 1104 1524 1524 526 526 254 254 208 208 690 690 362 362 362 246 246 208 208 208 208 
362 362 208 208 262 262 492 492 462 462 712 712 454 454 774 774 438 438 352 352 588 588 438 438 728 728 356 356 466 466 648 648 1000 1000 720 720 282 282 500 500 2442 2442 2968 2968 866 866 2968 2968 802 802 2968 2968 1102 1102 2968 2968 942 942 2968 2968 892 892 2968 2968 1076 1076 2968 2968 1044 1044 2968 2968 888 888 2968 2968 656 656 2968 2968 1050 1050 2968 2968 940 940 2968 2968 1038 1038 2968 2968 1024 1024 2968 2968 886 886 2968 2968 776 776 2968 2968 1088 1088 2968 2968 870 870 2968 2968 1156 1156 1450 1450 446 446 850 850 362 362 362 
362 362 208 208 262 262 632 632 602 602 712 712 596 596 790 790 580 580 758 758 700 700 380 380 484 484 452 452 308 308 894 894 554 554 704 704 2354 2354 2968 2968 910 910 2968 2968 786 786 2968 2968 1028 1028 2968 2968 1020 1020 2968 2968 1012 1012 2968 2968 866 866 2968 2968 918 918 2968 2968 674 674 2968 2968 1068 1068 2968 2968 806 806 2968 2968 656 656 2968 2968 2968 2968 1334 1334 2968 2968 990 990 2968 2968 662 662 2968 2968 750 750 2968 2968 664 664 2968 2968 1144 1144 298 298 908 908 542 542 362 362 362 
362 246 246 208 208 208 208 362 208 208 262 262 594 594 248 248 712 712 324 324 388 388 484 484 624 624 476 476 538 538 708 708 332 332 964 964 686 686 742 742 600 600 614 614 2246 2246 2968 2968 1156 1156 2968 2968 846 846 2968 2968 894 894 2968 2968 1004 1004 2968 2968 1104 1104 2968 2968 1158 1158 2968 2968 650 650 2968 2968 714 714 2968 2968 806 806 2968 2968 1044 1044 2968 2968 710 710 2968 2968 856 856 2968 2968 806 806 2968 2968 788 788 2968 2968 920 920 2968 2968 1092 1092 2968 2968 3896 2968 1060 1136 1136 2968 2968 1052 1052 1858 1858 704 704 658 658 254 254 208 208 302 302 362 362 362 
362 362 208 208 262 262 270 270 594 594 712 712 370 370 650 650 510 510 770 770 590 590 232 232 514 514 374 374 740 740 820 820 384 384 522 522 2422 2422 2968 2968 694 694 2968 2968 870 870 666 666 2968 2968 2968 2968 1194 1194 2968 2968 806 806 2968 2968 1040 1040 2968 2968 1028 1028 2968 2968 1054 1054 2968 2968 1086 1086 2968 2968 766 766 2968 2968 1088 1088 2968 2968 1078 1078 2968 2968 896 896 2968 2968 856 856 2968 2968 1100 1100 2968 2968 944 944 2968 2968 1094 1094 2968 2968 674 674 510 510 534 534 374 374 254 254 208 208 550 550 362 362 362 
