362 362 208 208 262 262 398 398 444 444 712 712 692 692 352 352 606 606 676 676 638 638 622 622 616 616 748 748 492 492 918 918 742 742 258 258 2118 2118 354 354 752 752 2968 2968 2968 2968 3350 2968 514 2968 2968 2968 2968 2968 2968 490 490 2968 2968 2968 2968 3360 2968 524 2968 2968 5804 2968 2968 792 792 2968 2968 5804 2968 2968 1510 1510 362 246 246 208 208 222 222 208 208 208 208 362 
362 362 208 208 262 262 390 390 642 642 712 712 526 526 618 618 334 334 602 602 592 592 270 270 334 334 626 626 424 424 1046 1046 704 704 348 348 2064 2064 618 618 414 414 2968 2968 2968 2968 2968 2968 600 600 2968 2968 2968 2968 3216 2968 380 2968 2968 2968 2968 2968 2968 718 718 2968 2968 1336 1336 618 618 518 518 208 208 254 254 362 362 362 
362 362 208 208 622 622 266 266 380 380 712 712 570 570 316 316 426 426 624 624 306 306 650 650 504 504 362 362 994 994 588 588 302 302 662 662 1948 1948 806 806 522 522 2968 2968 2968 2968 2968 2968 606 606 2968 2968 2968 2968 2968 2968 710 710 2968 2968 418 418 294 294 274 274 208 208 310 310 362 362 362 2968 2968 6104 2968 2968 432 736 736 228 228 320 320 208 208 
362 362 208 208 262 262 564 564 296 296 712 712 338 338 470 470 648 648 444 444 506 506 700 700 266 266 522 522 1176 1176 720 720 440 440 236 236 1878 1878 434 434 580 580 2968 2968 2968 2968 3384 2968 548 2968 2968 2968 2968 2968 2968 574 574 2512 2512 722 722 650 650 254 254 208 208 498 498 362 362 362 
362 362 208 208 262 262 692 692 686 686 712 712 466 466 770 770 350 350 696 696 590 590 688 688 628 628 646 646 436 436 654 654 1164 1164 600 600 1960 1960 326 326 428 428 2968 2968 2968 2968 3098 2968 262 2968 2968 2968 2968 2968 2968 572 572 1316 1316 558 558 676 676 254 254 208 208 324 324 362 362 362 
362 246 246 208 208 208 208 362 208 208 262 262 336 336 442 442 712 712 444 444 408 408 514 514 606 606 310 310 550 550 316 316 688 688 614 614 248 248 1112 1112 386 386 618 618 2136 2136 590 590 490 490 2968 2968 2968 2968 2968 2968 824 824 2968 2968 2968 2968 3570 2968 734 2968 2968 5804 2968 2968 330 330 2968 2968 1132 1132 458 458 268 268 254 254 208 208 484 484 362 362 362 
362 362 208 208 262 262 554 554 600 600 712 712 380 380 578 578 740 740 572 572 726 726 390 390 710 710 728 728 336 336 886 886 236 236 1820 1820 664 664 680 680 2968 2968 2968 2968 2968 2968 300 300 2968 2968 5804 2968 2968 514 514 2968 2968 5804 2968 2968 478 478 2968 2968 5804 2968 2968 5198 2968 2362 1144 1144 1144 1144 362 362 
362 362 246 246 208 208 208 208 208 208 262 262 458 458 484 484 712 712 624 624 640 640 648 648 628 628 728 728 656 656 586 586 666 666 280 280 658 658 880 880 328 328 722 722 2048 2048 484 484 702 702 2968 2968 2968 2968 2968 2968 792 792 2968 2968 2122 2122 240 240 254 254 208 208 368 368 262 262 474 474 362 362 530 530 362 430 430 610 610 460 460 352 352 614 614 362 316 316 550 550 602 602 716 716 294 294 1576 1576 368 368 254 254 208 208 340 340 340 340 362 
362 208 208 262 262 514 514 410 410 490 490 514 514 424 424 686 686 310 310 610 610 728 728 240 240 284 284 1028 1028 494 494 332 332 2032 2032 794 794 416 416 2968 2968 5804 2968 2968 692 692 2968 2968 2968 2968 3100 2968 264 346 346 554 554 254 254 208 208 244 244 362 362 362 
362 362 208 208 262 262 450 450 366 366 712 712 530 530 688 688 370 370 640 640 252 252 460 460 288 288 306 306 1268 1268 384 384 686 686 652 652 1978 1978 626 626 562 562 2968 2968 2968 2968 2968 2968 250 250 652 652 254 254 208 208 326 326 246 246 208 208 208 208 362 362 
362 208 208 262 262 466 466 572 572 712 712 658 658 560 560 512 512 342 342 502 502 452 452 648 648 294 294 672 672 918 918 506 506 478 478 722 722 2044 2044 810 810 436 436 2968 2968 5804 2968 2968 618 618 2968 2968 5804 2968 2968 380 380 2968 2968 5804 2968 2968 676 676 2968 2968 3026 2968 362 362 362 
362 362 208 208 262 262 234 234 482 482 712 712 408 408 538 538 310 310 242 242 412 412 262 262 474 474 334 334 946 946 546 546 440 440 2026 2026 2026 2026 502 502 320 320 2968 2968 2968 2968 3690 2968 854 2968 2968 5804 2968 2968 470 470 2574 2574 606 606 342 342 254 254 208 208 454 454 362 362 362 
362 362 208 208 262 262 366 366 614 614 614 614 712 652 652 712 704 704 486 486 304 304 650 650 724 724 468 468 684 684 404 404 1144 1144 592 592 2270 2270 700 700 732 732 552 552 2968 2968 2968 2968 2968 2968 314 314 2968 2968 5804 2968 2968 762 762 2968 2968 5804 2968 2968 318 318 2968 2968 5804 2968 2968 584 584 2968 2968 1356 1356 386 386 512 512 254 254 208 208 440 440 362 362 246 246 208 208 208 208 
362 208 208 262 262 576 576 362 362 712 712 408 408 356 356 460 460 510 510 386 386 430 430 482 482 614 614 712 712 862 862 624 624 728 728 2002 2002 640 640 806 806 2968 2968 2968 2968 3546 2968 710 2968 2968 2216 2216 248 248 590 590 254 254 208 208 392 392 262 262 262 262 580 580 532 532 362 676 676 514 514 556 556 304 304 462 462 362 614 614 396 396 314 314 764 764 324 324 1422 1422 414 414 254 254 208 208 586 586 362 
362 208 208 262 262 354 354 242 242 316 316 618 618 504 504 596 596 370 370 432 432 710 710 444 444 300 300 508 508 802 802 524 524 634 634 1862 1862 1862 1862 352 352 420 420 2968 2968 2968 2968 2968 2968 750 750 2968 2968 5804 2968 2968 758 758 2968 2968 2968 2968 3528 2968 692 2968 2968 1162 1162 350 350 208 208 254 254 362 362 362 
246 246 208 208 208 208 362 362 208 208 262 262 544 544 640 640 712 712 684 684 766 766 414 414 460 460 418 418 354 354 710 710 490 490 284 284 652 652 982 982 520 520 446 446 2010 2010 764 764 496 496 2968 2968 2968 2968 2952 2952 438 438 630 630 254 254 208 208 682 682 362 362 
362 208 208 262 262 324 324 306 306 712 712 660 660 304 304 422 422 540 540 668 668 260 260 640 640 326 326 474 474 628 628 848 848 508 508 1898 1898 1898 1898 326 326 472 472 2968 2968 2968 2968 2968 2968 276 276 2968 2968 5804 2968 2968 1444 1444 502 502 482 482 254 254 208 208 702 702 362 362 362 
362 246 246 208 208 208 208 362 208 208 262 262 238 238 520 520 712 712 714 714 788 788 350 350 246 246 650 650 530 530 356 356 342 342 304 304 1254 1254 600 600 242 242 1762 1762 686 686 572 572 2968 2968 2968 2968 2968 2968 280 280 2968 2968 5804 2968 2968 580 580 2968 2968 292 292 434 434 546 546 254 254 208 208 436 436 362 362 362 
362 362 208 208 262 262 232 232 624 624 712 712 384 384 776 776 452 452 336 336 556 556 504 504 668 668 1288 1288 554 554 530 530 438 438 1976 1976 1976 1976 802 802 794 794 2968 2968 2968 2968 3288 2968 452 2968 2968 5804 2968 2968 622 622 2968 2968 2968 2968 2968 2968 298 298 2968 2968 5804 2968 2968 754 754 2968 2968 1316 1316 310 310 208 208 254 254 362 362 
362 362 208 208 262 262 374 374 382 382 712 712 386 386 530 530 590 590 264 264 444 444 398 398 322 322 340 340 246 246 208 208 208 208 724 724 494 494 860 860 682 682 600 600 1804 1804 696 696 398 398 2968 2968 5804 2968 2968 806 806 2968 2968 5804 2968 2968 518 518 2968 2968 2968 2968 2968 2968 362 362 2968 2968 2330 2330 254 254 208 208 566 566 362 362 
362 208 208 262 262 366 366 324 324 712 294 294 712 332 332 772 772 408 408 408 408 712 294 294 712 230 230 544 544 512 512 662 662 396 396 550 550 596 596 832 832 732 732 1718 1718 552 552 462 462 2968 2968 5804 2968 2968 758 758 2968 2968 2968 2968 3074 2968 238 418 418 708 708 254 254 208 208 424 424 362 362 
362 362 208 208 262 262 584 584 434 434 712 712 390 390 626 626 486 486 566 566 510 510 682 682 368 368 614 614 724 724 498 498 850 850 678 678 230 230 2024 2024 302 302 336 336 2968 2968 5804 2968 2968 644 644 2968 2968 5804 2968 2968 488 488 1296 1296 408 408 362 362 254 254 208 208 288 288 362 246 246 208 208 208 208 362 362 
362 362 208 208 262 262 240 240 498 498 712 712 626 626 486 486 292 292 502 502 482 482 580 580 458 458 754 754 304 304 1186 1186 676 676 550 550 1936 1936 602 602 766 766 2968 2968 2968 2968 2968 2968 454 454 2968 2968 2968 2968 2968 2968 464 464 2724 2724 298 298 254 254 208 208 478 478 478 478 362 362 362 
362 362 208 208 262 262 570 570 294 294 712 558 558 540 540 574 574 414 414 258 258 646 646 460 460 436 436 306 306 1000 1000 490 490 686 686 2268 2268 322 322 440 440 2968 2968 2968 2968 3480 2968 644 2968 2968 2386 2386 252 252 432 432 254 254 208 208 430 430 362 262 262 406 406 612 612 562 562 572 572 686 686 582 582 360 360 362 588 588 466 466 232 232 542 542 208 208 246 246 208 208 284 284 534 534 368 368 568 568 1732 1732 556 556 254 254 208 208 716 716 
362 208 208 262 262 236 236 694 694 416 416 352 352 508 508 350 350 284 284 324 324 610 610 288 288 248 248 864 864 460 460 2212 2212 254 254 746 746 464 464 2968 2968 2968 2968 2968 2968 598 598 2968 2968 2968 2968 2968 2968 776 776 2968 2968 2968 2968 2968 2968 532 532 2968 2968 1522 1522 330 330 362 362 362 
362 362 208 208 262 262 278 278 602 602 712 712 408 408 726 726 446 446 466 466 238 238 532 532 532 532 630 630 442 442 1122 1122 340 340 368 368 652 652 2058 2058 540 540 672 672 2968 2968 2968 2968 2968 2968 464 464 2968 2968 2968 2968 2968 2968 384 384 2968 2968 2968 2968 2968 2968 406 406 2968 2968 2532 2532 638 638 254 254 208 208 350 350 362 362 362 246 246 208 208 208 208 
362 362 208 208 622 622 568 568 294 294 712 712 488 488 340 340 524 524 346 346 580 580 302 302 268 268 454 454 388 388 478 478 1032 1032 716 716 1728 1728 796 796 754 754 2968 2968 2968 2968 3652 2968 816 2968 2968 2968 2968 3348 2968 512 2648 2648 780 780 208 208 274 274 362 362 362 
362 362 208 208 262 262 504 504 478 478 712 712 310 310 534 534 778 778 554 554 2968 2968 6104 2968 2968 432 582 582 704 704 228 228 760 760 678 678 538 538 304 304 606 606 320 320 854 854 306 306 676 676 2012 2012 496 496 2968 2968 2968 2968 2968 2968 874 874 2968 2968 5804 2968 2968 740 740 2968 2968 2968 2968 2968 2968 622 622 2968 2968 2968 2968 2968 2968 2968 2968 1492 1492 254 254 208 208 402 402 362 362 
362 246 246 208 208 208 208 362 208 208 262 262 408 408 354 354 712 712 524 524 582 582 578 578 714 714 666 666 744 744 410 410 362 362 676 676 632 632 888 888 250 250 232 232 1962 1962 312 312 2968 2968 2968 2968 2968 2968 896 896 2968 2968 2236 2236 318 318 728 728 254 254 208 208 318 318 262 262 248 248 426 426 694 694 362 634 634 332 332 226 226 494 494 522 522 362 408 408 402 402 312 312 408 408 504 504 1758 1758 596 596 254 254 208 208 662 662 662 662 362 
362 208 208 262 262 638 638 440 440 410 410 602 602 532 532 410 410 642 642 300 300 436 436 492 492 372 372 936 936 612 612 478 478 1850 1850 690 690 2968 2968 2968 2968 2968 2968 338 338 594 594 254 254 208 208 636 636 362 362 
362 362 208 208 262 262 488 488 478 478 712 712 550 550 466 466 648 648 422 422 294 294 476 476 246 246 208 208 208 208 458 458 364 364 770 770 1148 1148 434 434 558 558 2022 2022 528 528 766 766 722 722 2968 2968 5804 2968 2968 530 530 2968 2968 2968 2968 3408 2968 572 2968 2968 2968 2968 2968 2968 482 482 2968 2968 5804 2968 2968 406 406 2968 2968 2968 2968 3556 2968 720 884 884 208 208 254 254 362 362 362 
362 362 208 208 262 262 304 304 500 500 712 712 626 626 456 456 640 640 666 666 324 324 506 506 756 756 688 688 964 964 358 358 578 578 392 392 1918 1918 568 568 488 488 2968 2968 2968 2968 3592 2968 756 2968 2968 2968 2968 3226 2968 390 2968 2968 5804 2968 2968 576 576 2968 2968 3730 2968 894 362 362 362 
362 362 208 208 262 262 504 504 314 314 712 712 626 626 648 648 412 412 516 516 556 556 694 694 386 386 578 578 350 350 740 740 960 960 580 580 2058 2058 652 652 762 762 2968 2968 2968 2968 3520 2968 684 2968 2968 5804 2968 2968 386 386 2406 2406 272 272 276 276 254 254 208 208 292 292 362 246 246 208 208 208 208 362 362 
362 362 208 208 262 262 256 256 366 366 366 366 710 710 434 434 682 682 620 620 712 712 748 748 456 456 514 514 420 420 290 290 462 462 1288 1288 384 384 1772 1772 530 530 452 452 488 488 2968 2968 5804 2968 2968 478 478 2968 2968 2378 2378 332 332 254 254 208 208 458 458 262 262 730 730 380 380 338 338 582 582 362 236 236 510 510 294 294 606 606 572 572 362 544 544 568 568 498 498 720 720 1842 1842 524 524 254 254 208 208 550 550 362 
362 208 208 262 262 260 260 322 322 290 290 714 714 492 492 642 642 514 514 330 330 462 462 556 556 240 240 866 866 386 386 736 736 1982 1982 340 340 754 754 2968 2968 2968 2968 2968 2968 9086 2968 2968 2968 578 382 382 668 668 254 254 208 208 530 530 362 362 246 246 208 208 208 208 362 
362 362 208 208 262 262 418 418 626 626 712 712 544 544 308 308 662 662 690 690 710 710 642 642 536 536 326 326 412 412 550 550 1198 1198 706 706 740 740 1802 1802 502 502 710 710 2968 2968 5804 2968 2968 352 352 2968 2968 2968 2968 3546 2968 710 2968 2968 2968 2968 2968 2968 692 692 2968 2968 1480 1480 364 364 518 518 208 208 254 254 362 362 
362 242 242 362 208 208 262 262 304 304 706 706 712 712 320 320 390 390 664 664 730 730 596 596 552 552 348 348 766 766 570 570 1244 1244 630 630 602 602 704 704 1970 1970 794 794 600 600 2968 2968 5804 2968 2968 506 506 2968 2968 2968 2968 3236 2968 400 2968 2968 2968 2968 2968 2968 554 554 2968 2968 2968 2968 2968 2968 850 850 2968 2968 2968 2968 2968 2968 1224 1224 254 254 208 208 672 672 672 672 362 362 246 246 208 208 208 208 
362 362 208 208 262 262 710 710 326 326 712 712 344 344 292 292 434 434 294 294 686 686 708 708 566 566 478 478 420 420 662 662 1286 1286 532 532 686 686 2248 2248 354 354 652 652 2968 2968 2968 2968 3404 2968 568 2968 2968 2968 2968 2968 2968 440 440 2968 2968 2968 2968 2968 2968 354 354 2968 2968 1944 1944 742 742 208 208 254 254 362 362 362 
362 362 208 208 262 262 470 470 464 464 712 712 542 542 496 496 566 566 420 420 656 656 542 542 450 450 622 622 644 644 968 968 408 408 496 496 2172 2172 580 580 572 572 2968 2968 5804 2968 2968 640 640 2968 2968 5804 2968 2968 438 438 2968 2968 5804 2968 2968 412 412 2968 2968 2968 2968 2968 2968 800 800 2968 2968 1476 1476 378 378 208 208 254 254 362 362 
362 246 246 208 208 208 208 362 208 208 262 262 408 408 362 362 712 712 700 700 340 340 394 394 326 326 630 630 390 390 750 750 510 510 634 634 312 312 1286 1286 288 288 2066 2066 624 624 568 568 776 776 2968 2968 2968 2968 2968 2968 338 338 2968 2968 5804 2968 2968 612 612 1346 1346 526 526 354 354 254 254 208 208 578 578 362 362 362 
362 362 208 208 262 262 436 436 454 454 712 712 494 494 700 700 374 374 246 246 250 250 596 596 300 300 768 768 374 374 1164 1164 712 712 542 542 1884 1884 810 810 2968 2968 2968 2968 3408 2968 572 2968 2968 2968 2968 2968 2968 516 516 2754 2754 744 744 208 208 254 254 362 362 362 
362 362 208 208 262 262 356 356 446 446 712 712 534 534 560 560 768 768 746 746 246 246 208 208 208 208 672 672 694 694 660 660 410 410 1126 1126 488 488 470 470 692 692 2230 2230 418 418 388 388 2968 2968 2968 2968 2968 2968 536 536 2968 2968 2968 2968 2968 2968 500 500 2968 2968 602 602 476 476 610 610 208 208 254 254 362 362 362 
362 362 208 208 262 262 254 254 620 620 712 712 464 464 602 602 636 636 720 720 300 300 642 642 534 534 644 644 496 496 360 360 796 796 348 348 496 496 1668 1668 604 604 718 718 2968 2968 2968 2968 2840 2840 250 250 426 426 254 254 208 208 604 604 362 362 362 
362 362 208 208 262 262 608 608 538 538 712 712 266 266 650 650 314 314 406 406 410 410 614 614 430 430 672 672 596 596 1278 1278 494 494 706 706 2226 2226 790 790 2968 2968 2968 2968 2968 2968 2968 2968 2414 2414 410 410 254 254 208 208 224 224 262 262 272 272 658 658 690 690 362 326 326 208 208 246 246 208 208 538 538 404 404 426 426 408 408 362 640 640 620 620 724 724 692 692 744 744 1628 1628 558 558 254 254 208 208 438 438 
362 208 208 262 262 744 744 502 502 504 504 640 640 440 440 668 668 534 534 586 586 746 746 636 636 602 602 912 912 324 324 610 610 2188 2188 686 686 616 616 2968 2968 2968 2968 3378 2968 542 2968 2968 5804 2968 2968 600 600 2544 2544 230 230 628 628 254 254 208 208 234 234 362 362 362 
362 362 208 208 262 262 670 670 648 648 712 712 714 714 420 420 506 506 462 462 344 344 584 584 756 756 512 512 386 386 904 904 478 478 2148 2148 638 638 792 792 310 310 2968 2968 5804 2968 2968 672 672 2968 2968 5804 2968 2968 368 368 2968 2968 2968 2968 2968 2968 752 752 2968 2968 2968 2968 3634 2968 798 2968 2968 2968 2968 2968 2968 674 674 684 684 254 254 208 208 672 672 362 208 208 246 246 208 208 362 
362 362 208 208 262 262 262 262 702 702 712 712 694 694 646 646 494 494 468 468 696 696 722 722 638 638 556 556 460 460 1184 1184 724 724 690 690 1736 1736 370 370 394 394 2968 2968 2968 2968 2968 2968 420 420 2968 2968 5804 2968 2968 534 534 1278 1278 346 346 606 606 254 254 208 208 320 320 362 362 362 
362 362 208 208 262 262 740 740 350 350 350 350 712 414 414 712 704 704 676 676 480 480 344 344 384 384 600 600 500 500 662 662 704 704 796 796 324 324 2246 2246 516 516 724 724 2968 2968 2968 2968 2968 2968 666 666 2968 2968 2968 2968 2968 2968 278 278 2968 2968 2968 2968 2968 2968 620 620 2968 2968 2968 2968 2968 2968 680 680 2968 2968 1372 1372 306 306 254 254 208 208 230 230 362 362 246 246 208 208 208 208 
362 208 208 286 286 710 710 572 572 712 712 450 450 332 332 448 448 596 596 558 558 612 612 476 476 578 578 510 510 340 340 1126 1126 622 622 370 370 1798 1798 632 632 614 614 2968 2968 2968 2968 2968 2968 492 492 2968 2968 2310 2310 582 582 402 402 254 254 208 208 632 632 262 262 314 314 378 378 550 550 362 550 550 574 574 666 666 630 630 322 322 362 468 468 584 584 592 592 794 794 430 430 1822 1822 676 676 254 254 208 208 534 534 362 
362 208 208 622 622 306 306 592 592 308 308 552 552 362 588 588 306 306 388 388 544 544 714 714 740 740 538 538 794 794 458 458 370 370 568 568 2300 2300 404 404 668 668 2968 2968 2968 2968 2968 2968 632 632 2968 2968 5804 2968 2968 604 604 2968 2968 2968 2968 2968 2968 830 830 2968 2968 5804 2968 2968 528 528 2968 2968 2968 2968 2968 2968 506 506 922 922 310 310 274 274 208 208 492 492 712 712 362 362 
362 362 208 208 286 286 410 410 558 558 558 558 712 712 448 448 454 454 522 522 558 558 698 698 540 540 296 296 256 256 578 578 422 422 1028 1028 248 248 2212 2212 526 526 412 412 2968 2968 5804 2968 2968 680 680 2968 2968 2244 2244 380 380 470 470 254 254 208 208 286 286 262 262 664 664 322 322 314 314 362 478 478 474 474 592 592 700 700 286 286 272 272 362 404 404 668 668 332 332 540 540 522 522 590 590 1636 1636 482 482 254 254 208 208 378 378 378 378 362 
362 208 208 262 262 640 640 722 722 384 384 370 370 652 652 564 564 520 520 730 730 430 430 392 392 840 840 604 604 596 596 1990 1990 388 388 450 450 498 498 2968 2968 2968 2968 3422 2968 586 2968 2968 5804 2968 2968 640 640 2968 2968 1016 1016 640 640 566 566 254 254 208 208 532 532 362 362 362 242 242 
362 246 246 208 208 208 208 362 208 208 262 262 294 294 264 264 712 712 434 434 558 558 664 664 286 286 430 430 504 504 428 428 408 408 438 438 656 656 840 840 488 488 2032 2032 356 356 374 374 2968 2968 2968 2968 2968 2968 528 528 2968 2968 2968 2968 3228 2968 392 2968 2968 2968 2968 2968 2968 680 680 2968 2968 1250 1250 550 550 618 618 254 254 208 208 310 310 362 362 362 
362 362 208 208 262 262 346 346 416 416 712 712 444 444 648 648 300 300 290 290 504 504 496 496 658 658 564 564 404 404 962 962 572 572 612 612 696 696 2132 2132 300 300 702 702 2968 2968 5804 2968 2968 394 394 2968 2968 5804 2968 2968 614 614 1400 1400 624 624 254 254 208 208 624 624 362 362 362 
362 362 208 208 302 302 340 340 712 712 712 712 246 246 208 208 208 208 546 546 518 518 364 364 606 606 260 260 724 724 430 430 592 592 538 538 428 428 1038 1038 558 558 340 340 2114 2114 720 720 2968 2968 2968 2968 2968 2968 854 854 2968 2968 2968 2968 3062 2968 226 648 648 388 388 254 254 208 208 670 670 362 362 362 
362 362 208 208 262 262 566 566 566 566 712 712 628 628 344 344 334 334 702 702 582 582 530 530 378 378 646 646 372 372 300 300 1120 1120 308 308 526 526 2176 2176 684 684 2968 2968 5804 2968 2968 2968 2968 2420 2420 344 344 446 446 254 254 208 208 342 342 262 262 344 344 370 370 524 524 362 258 258 460 460 534 534 306 306 416 416 362 240 240 338 338 296 296 766 766 256 256 1632 1632 602 602 208 208 254 254 254 254 362 
362 208 208 262 262 386 386 312 312 266 266 760 760 712 712 386 386 406 406 534 534 308 308 606 606 546 546 734 734 992 992 284 284 2032 2032 242 242 604 604 318 318 2968 2968 2968 2968 2968 2968 362 362 2968 2968 5804 2968 2968 754 754 2968 2968 2968 2968 3430 2968 594 4480 2968 1644 254 254 362 246 246 208 208 208 208 362 362 
362 208 208 262 262 282 282 668 668 712 712 552 552 552 552 416 416 376 376 554 554 454 454 568 568 352 352 404 404 788 788 420 420 450 450 1984 1984 604 604 318 318 2968 2968 2968 2968 2968 2968 442 442 2968 2968 2968 2968 3686 2968 850 2968 2968 1008 1008 624 624 330 330 534 534 362 362 362 
362 362 208 208 262 262 688 688 340 340 712 712 320 320 576 576 350 350 604 604 442 442 724 724 334 334 464 464 1238 1238 656 656 608 608 1868 1868 778 778 698 698 2968 2968 2968 2968 2934 2934 402 402 338 338 254 254 208 208 230 230 362 246 246 208 208 208 208 362 
362 208 208 262 262 266 266 588 588 712 712 376 376 728 728 518 518 472 472 450 450 636 636 716 716 674 674 600 600 860 860 310 310 608 608 1728 1728 390 390 2968 2968 5804 2968 2968 830 830 2968 2968 2968 2968 2650 2650 690 690 594 594 254 254 208 208 534 534 362 362 362 
362 362 208 208 262 262 590 590 602 602 712 712 474 474 750 750 272 272 246 246 370 370 492 492 458 458 424 424 332 332 934 934 744 744 458 458 2000 2000 458 458 374 374 2968 2968 5804 2968 2968 392 392 2968 2968 2968 2968 2968 2968 648 648 2968 2968 2968 2968 2968 2968 732 732 2968 2968 1252 1252 572 572 254 254 208 208 602 602 602 602 362 362 246 246 208 208 208 208 362 
362 362 208 208 262 262 308 308 376 376 712 496 496 642 642 510 510 622 622 406 406 370 370 608 608 574 574 344 344 1292 1292 672 672 230 230 1800 1800 1800 1800 374 374 2968 2968 2968 2968 2968 2968 888 888 2968 2968 5804 2968 2968 566 566 2968 2968 5804 2968 2968 454 454 2968 2968 2310 2310 638 638 208 208 254 254 362 362 362 
362 362 208 208 262 262 382 382 314 314 712 712 714 714 406 406 482 482 292 292 608 608 242 242 584 584 348 348 384 384 988 988 530 530 578 578 1864 1864 676 676 600 600 2968 2968 5804 2968 2968 784 784 2968 2968 5804 2968 2968 410 410 2968 2968 5804 2968 2968 380 380 2968 2968 5804 2968 2968 2968 2968 2968 2968 3680 2968 844 254 254 208 208 356 356 356 356 362 362 
362 246 246 208 208 208 208 362 208 208 262 262 256 256 538 538 404 404 654 654 472 472 750 750 278 278 726 726 712 712 390 390 716 716 604 604 1162 1162 368 368 642 642 2034 2034 448 448 786 786 614 614 2968 2968 5804 2968 2968 806 806 2968 2968 2968 2968 2968 2968 348 348 2560 2560 404 404 442 442 254 254 208 208 700 700 362 362 362 
362 362 208 208 262 262 732 732 698 698 712 712 312 312 324 324 580 580 468 468 256 256 362 362 516 516 704 704 630 630 1178 1178 742 742 742 742 1178 1178 678 678 644 644 2110 2110 490 490 2968 2968 5804 2968 2968 850 850 2968 2968 2968 2968 3202 2968 366 2968 2968 2968 2968 2968 2968 328 328 2968 2968 2968 2968 2968 2968 352 352 2968 2968 1154 1154 254 254 208 208 312 312 362 362 
362 362 246 246 208 208 208 208 208 208 262 262 490 490 524 524 712 712 544 544 468 468 452 452 516 516 410 410 426 426 526 526 738 738 696 696 586 586 310 310 1230 1230 644 644 2004 2004 564 564 474 474 2968 2968 2968 2968 2968 2968 796 796 2968 2968 2968 2968 2968 2968 444 444 2968 2968 5804 2968 2968 444 444 2968 2968 2356 2356 254 254 362 362 362 
362 208 208 262 262 260 260 282 282 712 712 504 504 364 364 512 512 588 588 642 642 576 576 668 668 542 542 378 378 416 416 670 670 1244 1244 432 432 602 602 1888 1888 764 764 492 492 2968 2968 2968 2968 3488 2968 652 2968 2968 2968 2968 2968 2968 398 398 1466 1466 450 450 606 606 254 254 208 208 414 414 362 362 362 
362 362 208 208 262 262 722 722 718 718 712 712 438 438 332 332 770 770 422 422 460 460 560 560 758 758 332 332 414 414 1024 1024 704 704 578 578 236 236 1884 1884 208 208 246 246 208 208 578 578 2968 2968 5804 2968 2968 498 498 2968 2968 2968 2968 2832 2832 240 240 474 474 254 254 208 208 688 688 362 362 362 
362 362 208 208 262 262 880 880 532 532 712 712 578 578 346 346 276 276 386 386 406 406 596 596 764 764 616 616 554 554 456 456 2124 2124 534 534 448 448 2968 2968 5804 2968 2968 402 402 2968 2968 5804 2968 2968 636 636 2968 2968 908 908 524 524 436 436 254 254 208 208 280 280 362 362 362 
362 362 208 208 262 262 644 644 430 430 712 712 566 566 736 736 320 320 618 618 556 556 304 304 456 456 718 718 492 492 690 690 1068 1068 576 576 488 488 1850 1850 356 356 618 618 2968 2968 5804 2968 2968 810 810 2968 2968 5804 2968 2968 670 670 2722 2722 280 280 652 652 254 254 208 208 404 404 362 246 246 208 208 208 208 362 362 
362 362 208 208 286 286 672 672 658 658 712 712 626 626 608 608 298 298 570 570 510 510 632 632 572 572 602 602 372 372 372 372 1032 1032 646 646 474 474 1796 1796 522 522 2968 2968 2968 2968 2968 2968 496 496 2968 2968 2152 2152 268 268 502 502 254 254 208 208 622 622 262 262 532 532 640 640 322 322 362 482 482 600 600 340 340 316 316 340 340 520 520 362 600 600 590 590 674 674 482 482 782 782 244 244 1564 1564 698 698 254 254 208 208 392 392 392 392 362 
362 208 208 262 262 250 250 548 548 600 600 314 314 510 510 346 346 334 334 668 668 654 654 358 358 696 696 644 644 894 894 368 368 362 362 604 604 2148 2148 396 396 2968 2968 2968 2968 2968 2968 888 888 2968 2968 2968 2968 2968 2968 626 626 2968 2968 2968 2968 2968 2968 536 536 2968 2968 3478 2968 642 412 412 362 362 246 246 208 208 208 208 362 
362 208 208 622 622 248 248 466 466 712 712 692 692 536 536 636 636 506 506 454 454 548 548 298 298 714 714 650 650 726 726 828 828 738 738 488 488 1760 1760 626 626 616 616 2968 2968 5804 2968 2968 422 422 2968 2968 2968 2968 2968 2968 652 652 2968 2968 652 652 428 428 300 300 208 208 274 274 362 362 362 
362 362 208 208 262 262 642 642 448 448 712 712 362 362 660 660 742 742 244 244 414 414 586 586 562 562 438 438 356 356 452 452 888 888 628 628 2186 2186 332 332 2968 2968 2968 2968 5804 2968 2968 2968 2968 3868 2968 1032 2968 2968 2968 2968 2968 2968 604 604 2968 2968 5804 2968 2968 10110 2968 2968 2968 1602 566 566 566 566 362 362 
246 246 208 208 208 208 362 362 208 208 262 262 644 644 540 540 712 644 644 562 562 394 394 480 480 480 480 668 668 504 504 768 768 428 428 804 804 506 506 640 640 430 430 1966 1966 374 374 2968 2968 5804 2968 2968 582 582 2968 2968 5804 2968 2968 534 534 1592 1592 334 334 254 254 208 208 638 638 362 362 362 
362 362 208 208 262 262 646 646 672 672 712 712 436 436 604 604 430 430 350 350 656 656 694 694 752 752 768 768 730 730 1240 1240 742 742 282 282 260 260 2106 2106 752 752 580 580 2968 2968 2968 2968 3542 2968 706 2968 2968 5798 2968 2962 450 450 496 496 254 254 208 208 540 540 362 362 362 
362 246 246 208 208 208 208 362 208 208 262 262 266 266 592 592 712 712 628 628 590 590 438 438 472 472 348 348 306 306 372 372 406 406 540 540 1194 1194 310 310 562 562 1802 1802 718 718 596 596 2968 2968 5804 2968 2968 602 602 2968 2968 2200 2200 604 604 540 540 254 254 208 208 338 338 262 262 310 310 622 622 238 238 362 404 404 370 370 580 580 238 238 370 370 362 286 286 516 516 356 356 382 382 750 750 1544 1544 358 358 254 254 208 208 628 628 362 
362 208 208 262 262 566 566 604 604 548 548 682 682 688 688 732 732 668 668 700 700 536 536 322 322 566 566 338 338 1016 1016 310 310 412 412 2014 2014 2014 2014 588 588 2968 2968 2968 2968 3356 2968 520 2968 2968 5804 2968 2968 2780 2780 528 528 372 372 254 254 208 208 594 594 362 362 362 
362 362 208 208 262 262 656 656 474 474 712 712 650 650 550 550 526 526 540 540 232 232 478 478 332 332 382 382 1088 1088 564 564 688 688 284 284 1754 1754 604 604 616 616 2968 2968 2968 2968 2968 2968 762 762 2968 2968 2968 2968 3082 2968 246 2968 2968 2968 2968 3316 2968 480 2968 2968 2172 2172 208 208 254 254 246 246 208 208 208 208 362 362 362 
362 362 208 208 262 262 340 340 506 506 506 506 286 286 366 366 504 504 284 284 276 276 722 722 434 434 600 600 442 442 1264 1264 682 682 686 686 562 562 2050 2050 712 712 350 350 2968 2968 2968 2968 2968 2968 2968 2968 2968 2968 2968 2968 254 254 208 208 308 308 362 362 
362 362 208 208 712 712 262 262 478 478 686 686 686 686 736 736 442 442 272 272 262 262 736 736 380 380 646 646 730 730 240 240 958 958 254 254 1880 1880 670 670 446 446 2968 2968 2968 2968 2968 2968 376 376 602 602 564 564 254 254 208 208 360 360 246 246 208 208 208 208 362 362 
362 208 208 262 262 402 402 654 654 654 654 712 712 718 718 342 342 424 424 290 290 686 686 596 596 502 502 698 698 574 574 1130 1130 594 594 2252 2252 802 802 530 530 2968 2968 2968 2968 3136 2968 300 2968 2968 2288 2288 430 430 442 442 254 254 208 208 534 534 262 262 544 544 702 702 362 366 366 714 714 722 722 350 350 360 360 362 632 632 468 468 492 492 532 532 746 746 1652 1652 414 414 254 254 208 208 536 536 536 536 362 
362 208 208 262 262 410 410 366 366 366 366 532 532 532 532 492 492 392 392 610 610 628 628 232 232 348 348 522 522 846 846 240 240 1924 1924 374 374 740 740 2968 2968 5804 2968 2968 588 588 2968 2968 6424 2968 2968 752 2968 2968 5804 2968 2968 732 732 2968 2968 2968 2968 2968 2968 642 642 2968 2968 1450 1450 538 538 406 406 254 254 208 208 466 466 362 246 246 208 208 208 208 362 
362 362 208 208 262 262 622 622 726 726 712 712 640 640 616 616 508 508 364 364 296 296 476 476 448 448 744 744 722 722 588 588 1244 1244 282 282 712 712 2072 2072 414 414 472 472 2968 2968 5804 2968 2968 330 330 2968 2968 2968 2968 2968 2968 212 212 366 366 396 396 254 254 208 208 646 646 362 362 362 
362 362 208 208 262 262 374 374 738 738 712 712 530 530 530 530 292 292 264 264 572 572 698 698 344 344 426 426 284 284 1044 1044 492 492 314 314 2172 2172 716 716 380 380 2968 2968 2968 2968 3424 2968 588 2968 2968 2968 2968 3504 2968 668 1332 1332 356 356 208 208 254 254 362 362 362 
246 246 208 208 208 208 362 362 208 208 262 262 616 616 254 254 712 712 592 592 456 456 708 708 616 616 536 536 348 348 596 596 314 314 390 390 584 584 508 508 1050 1050 654 654 544 544 1852 1852 706 706 2968 2968 2968 2968 5804 2968 2968 2196 2196 594 594 254 254 208 208 434 434 362 262 262 628 628 282 282 522 522 724 724 470 470 306 306 362 382 382 648 648 712 712 348 348 512 512 518 518 1358 1358 474 474 254 254 208 208 556 556 
362 208 208 262 262 332 332 680 680 290 290 590 590 506 506 678 678 314 314 286 286 512 512 378 378 324 324 580 580 1156 1156 308 308 560 560 1926 1926 572 572 670 670 2968 2968 2968 2968 2968 2968 724 724 2968 2968 2968 2968 3478 2968 642 2580 2580 366 366 254 254 254 254 208 208 258 258 362 362 362 
362 246 246 208 208 208 208 362 208 208 262 262 634 634 362 362 712 712 492 492 324 324 492 492 278 278 726 726 634 634 598 598 480 480 456 456 934 934 394 394 688 688 2004 2004 506 506 552 552 2968 2968 2968 2968 2968 2968 412 412 2968 2968 2968 2968 2968 2968 732 732 2968 2968 5804 2968 2968 610 610 2968 2968 5804 2968 2968 2968 2968 2482 2482 482 482 330 330 566 566 362 362 
362 362 208 208 262 262 690 690 404 404 712 712 702 702 794 794 470 470 346 346 552 552 476 476 506 506 584 584 756 756 688 688 1256 1256 620 620 620 620 368 368 1906 1906 660 660 682 682 2992 2968 2992 2968 3592 2968 780 2992 2968 2992 2968 2992 2968 446 446 2992 2968 2992 2968 3392 2968 580 2992 2968 1268 1268 284 284 254 254 208 208 700 700 362 362 362 
362 208 208 262 262 682 682 616 616 712 712 690 690 352 352 370 370 666 666 442 442 640 640 734 734 246 246 208 208 208 208 322 322 1176 1176 604 604 268 268 396 396 536 536 1812 1812 462 462 730 730 2968 2968 2968 2968 3208 2968 372 2968 2968 2968 2968 3272 2968 436 2968 2968 2968 2968 2968 2968 338 338 2968 2968 2968 2968 3248 2968 412 2968 2968 2968 2968 2968 2968 1384 1384 362 362 362 
362 362 208 208 262 262 290 290 666 666 712 712 718 718 368 368 432 432 246 246 382 382 448 448 504 504 598 598 436 436 834 834 416 416 268 268 570 570 2256 2256 356 356 504 504 2968 2968 2968 2968 3208 2968 372 2968 2968 2968 2968 2968 2968 310 310 2968 2968 2968 2968 2968 2968 424 424 2968 2968 2284 2284 348 348 332 332 208 208 254 254 362 362 362 
362 208 208 262 262 616 616 746 746 746 746 712 712 622 622 600 600 350 350 682 682 650 650 668 668 556 556 422 422 276 276 1270 1270 640 640 300 300 2140 2140 372 372 596 596 2968 2968 2968 2968 2968 2968 506 506 2968 2968 5804 2968 2968 460 460 2968 2968 1002 1002 444 444 702 702 208 208 254 254 362 246 246 208 208 208 208 362 362 
362 362 208 208 262 262 338 338 558 558 712 712 570 570 482 482 410 410 730 730 592 592 718 718 570 570 594 594 436 436 550 550 954 954 572 572 730 730 1986 1986 576 576 728 728 2968 2968 2968 2968 2968 2968 670 670 2968 2968 1954 1954 494 494 446 446 254 254 208 208 630 630 362 262 262 346 346 260 260 456 456 552 552 714 714 254 254 352 352 362 730 730 678 678 488 488 704 704 614 614 528 528 1502 1502 428 428 254 254 208 208 684 684 
362 362 208 208 262 262 492 492 596 596 414 414 540 540 638 638 304 304 456 456 512 512 682 682 734 734 290 290 1146 1146 324 324 394 394 590 590 1788 1788 640 640 2968 2968 2968 2968 3406 2968 570 2968 2968 2968 2968 2968 2968 612 612 2614 2614 344 344 254 254 208 208 494 494 362 362 246 246 208 208 208 208 362 
362 362 208 208 262 262 368 368 506 506 712 712 632 632 672 672 478 478 302 302 600 600 426 426 316 316 388 388 366 366 1120 1120 486 486 498 498 2010 2010 2010 2010 442 442 704 704 2968 2968 2968 2968 2968 2968 686 686 2968 2968 5804 2968 2968 788 788 2968 2968 5804 2968 2968 672 672 2968 2968 5804 2968 2968 3192 2968 356 1366 1366 348 348 254 254 362 362 
362 208 208 622 622 722 722 374 374 712 712 582 582 678 678 732 732 300 300 694 694 680 680 736 736 568 568 558 558 802 802 742 742 290 290 1808 1808 394 394 380 380 2968 2968 2968 2968 2968 2968 366 366 2968 2968 2968 2968 2968 2968 728 728 2968 2968 2968 2968 3516 2968 680 2968 2968 2220 2220 208 208 274 274 274 274 362 436 436 228 228 766 766 542 542 208 208 362 362 246 246 208 208 208 208 
362 208 208 262 262 338 338 680 680 712 704 704 318 318 620 620 510 510 746 746 350 350 504 504 342 342 278 278 964 964 244 244 714 714 2182 2182 608 608 734 734 504 504 2968 2968 5804 2968 2968 3352 2968 516 2968 2968 3214 2968 378 1536 1536 318 318 208 208 254 254 362 362 362 
362 362 208 208 262 262 586 586 370 370 712 712 702 702 350 350 342 342 584 584 530 530 494 494 312 312 634 634 308 308 342 342 1066 1066 496 496 608 608 1852 1852 1852 1852 596 596 730 730 2968 2968 2968 2968 2968 2968 402 402 2968 2968 5804 2968 2968 664 664 2968 2968 5804 2968 2968 352 352 2968 2968 1560 1560 318 318 254 254 208 208 472 472 362 362 
362 246 246 208 208 208 208 208 208 262 262 698 698 420 420 712 712 628 628 502 502 660 660 678 678 442 442 272 272 626 626 294 294 568 568 634 634 842 842 656 656 1986 1986 456 456 634 634 2968 2968 5698 2968 2862 614 614 492 492 254 254 208 208 404 404 362 362 
362 362 208 208 262 262 276 276 530 530 712 712 322 322 714 714 598 598 532 532 750 750 594 594 258 258 646 646 424 424 472 472 480 480 994 994 370 370 1802 1802 620 620 380 380 2968 2968 2968 2968 2968 2968 542 542 2968 2968 2040 2040 416 416 308 308 254 254 208 208 352 352 262 262 284 284 650 650 474 474 362 662 662 494 494 254 254 430 430 588 588 362 576 576 236 236 710 710 536 536 508 508 500 500 570 570 1452 1452 260 260 254 254 208 208 516 516 
