362 362 208 208 262 262 550 550 294 294 712 712 588 588 530 530 608 608 572 572 438 438 450 450 280 280 680 680 594 594 386 386 332 332 862 862 318 318 638 638 642 642 1806 1806 2968 2968 1094 1094 2968 2968 724 724 2968 2968 872 872 2968 2968 1066 1066 2968 2968 698 698 2968 2968 1104 1104 2968 2968 782 782 2968 2968 914 914 2968 2968 956 956 2968 2968 1094 1094 2968 2968 698 698 2968 2968 2760 2760 524 524 254 254 208 208 434 434 362 362 
362 246 246 208 208 208 208 362 208 208 262 262 694 694 312 312 712 712 774 774 308 308 372 372 326 326 634 634 608 608 608 608 708 708 712 712 520 520 626 626 254 254 902 902 322 322 436 436 440 440 1824 1824 2968 2968 832 832 2968 2968 812 812 2968 2968 1004 1004 2968 2968 1002 1002 2968 2968 904 904 2968 2968 868 868 2968 2968 798 798 2968 2968 1128 1128 2968 2968 784 784 2968 2968 1040 1040 2968 2968 862 862 2968 2968 1018 1018 2090 2090 676 676 254 254 208 208 352 352 362 362 
362 362 208 208 712 712 262 262 400 400 306 306 424 424 488 488 476 476 580 580 502 502 270 270 616 616 472 472 616 616 356 356 836 836 724 724 314 314 528 528 2110 2110 2968 2968 1122 1122 2968 2968 816 816 2968 2968 1028 1028 2968 2968 4436 2968 1600 2968 2968 932 932 2968 2968 736 736 2968 2968 910 910 2968 2968 3672 2968 836 896 896 2968 2968 1094 1094 2968 2968 2588 2588 290 290 254 254 556 556 362 362 362 
362 246 246 208 208 208 208 208 208 262 262 712 712 586 586 712 712 754 754 260 260 704 704 496 496 398 398 556 556 520 520 484 484 584 584 444 444 422 422 342 342 670 670 698 698 490 490 1028 1028 362 414 414 292 292 1876 1876 1876 1876 2968 2968 860 860 2968 2968 676 676 2968 2968 720 720 2968 2968 4528 2968 1692 2968 2968 970 970 2968 2968 1114 1114 2968 2968 786 786 2968 2968 1074 1074 2968 2968 922 922 2968 2968 1078 1078 2968 2968 2380 2380 242 242 642 642 254 254 208 208 230 230 362 362 
362 362 208 208 262 262 448 448 292 292 712 712 576 576 726 726 568 568 284 284 666 666 292 292 454 454 588 588 772 772 384 384 722 722 796 796 690 690 630 630 2212 2212 2968 2968 860 860 2968 2968 810 810 2968 2968 906 906 2968 2968 3740 2968 904 914 914 2968 2968 1092 1092 2968 2968 1116 1116 2968 2968 750 750 2968 2968 4614 2968 1778 2968 2968 698 698 2968 2968 2214 2214 274 274 254 254 734 734 362 362 
362 7946 2968 2968 2274 7946 2968 2968 2274 640 640 228 228 640 640 228 228 646 646 324 324 486 486 712 712 486 486 462 462 292 292 728 728 510 510 372 372 576 576 298 298 280 280 336 336 1054 1054 582 582 418 418 318 318 690 690 1782 1782 2968 2968 998 998 2968 2968 876 876 2968 2968 1082 1082 2968 2968 828 828 2968 2968 862 862 2968 2968 1122 1122 2968 2968 832 832 2968 2968 1010 1010 2968 2968 984 984 2968 2968 680 680 2968 2968 1144 1144 2968 2968 884 884 1610 1610 282 282 208 208 274 274 246 246 208 208 208 208 362 362 
362 362 208 208 262 262 264 264 570 570 712 712 376 376 376 376 726 726 614 614 644 644 378 378 664 664 766 766 604 604 712 712 868 868 234 234 732 732 1858 1858 2968 2968 662 662 2968 2968 776 776 2968 2968 660 660 2968 2968 2968 2968 1482 1482 2968 2968 738 738 2968 2968 1006 1006 2968 2968 720 720 2968 2968 886 886 2968 2968 998 998 2968 2968 904 904 2968 2968 874 874 1496 1496 344 344 208 208 254 254 362 362 
362 208 208 262 262 374 374 436 436 712 712 506 506 670 670 364 364 462 462 602 602 566 566 722 722 704 704 534 534 344 344 1024 1024 258 258 522 522 254 254 676 676 1934 1934 2968 2968 1118 1118 2968 2968 1120 1120 2968 2968 934 934 2968 2968 896 896 2968 2968 1154 1154 2968 2968 746 746 2968 2968 970 970 2968 2968 1044 1044 2968 2968 2968 2968 1106 1106 2968 2968 948 948 2968 2968 824 824 1786 1786 254 254 208 208 618 618 362 208 208 246 246 208 208 362 
362 208 208 262 262 684 684 512 512 712 712 446 446 636 636 392 392 374 374 346 346 520 520 516 516 492 492 334 334 306 306 290 290 584 584 934 934 400 400 468 468 1940 1940 2968 2968 720 720 2968 2968 1022 1022 2968 2968 1154 1154 2968 2968 1098 1098 2968 2968 952 952 2968 2968 1142 1142 2968 2968 1072 1072 2968 2968 992 992 2968 2968 1054 1054 2968 2968 2968 2968 2968 2968 2882 2882 466 466 254 254 208 208 310 310 362 242 242 362 362 
362 362 208 208 262 262 524 524 574 574 712 712 454 454 796 796 402 402 608 608 312 312 362 362 702 702 750 750 482 482 520 520 794 794 370 370 408 408 320 320 2194 2194 2968 2968 1102 1102 2968 2968 910 910 2968 2968 704 704 2968 2968 4440 2968 1604 2968 2968 1120 1120 2968 2968 846 846 2968 2968 988 988 2968 2968 1004 1004 2968 2968 836 836 2968 2968 824 824 2968 2968 786 786 1792 1792 320 320 620 620 254 254 208 208 590 590 362 362 246 246 208 208 208 208 362 
362 208 208 262 262 472 472 684 684 712 712 340 340 500 500 442 442 356 356 726 726 394 394 292 292 594 594 332 332 458 458 648 648 1242 1242 602 602 740 740 1800 1800 322 322 2968 2968 1134 1134 2968 2968 1120 1120 2968 2968 852 852 2968 2968 910 910 2968 2968 904 904 2968 2968 782 782 2968 2968 662 662 2968 2968 1030 1030 2968 2968 970 970 2968 2968 678 678 2968 2968 730 730 2968 2968 712 712 1866 1866 684 684 254 254 208 208 666 666 362 362 
362 208 208 286 286 626 626 716 716 712 712 578 578 718 718 460 460 274 274 756 756 390 390 510 510 410 410 750 750 678 678 794 794 324 324 310 310 1974 1974 418 418 2968 2968 1140 1140 2968 2968 950 950 2968 2968 792 792 2968 2968 808 808 2968 2968 780 780 2968 2968 932 932 2968 2968 800 800 2968 2968 992 992 2968 2968 714 714 2968 2968 678 678 2968 2968 916 916 2968 2968 1936 1936 254 254 208 208 438 438 362 362 246 246 208 208 208 208 
362 362 208 208 262 262 476 476 712 712 776 776 658 658 372 372 578 578 392 392 480 480 350 350 510 510 510 510 374 374 742 742 462 462 560 560 1208 1208 558 558 612 612 422 422 1844 1844 2968 2968 850 850 2968 2968 788 788 2968 2968 942 942 2968 2968 900 900 2968 2968 824 824 2968 2968 752 752 2968 2968 704 704 524 524 2968 2968 762 762 2968 2968 996 996 2968 2968 720 720 2968 2968 690 690 2968 2968 2392 2392 254 254 208 208 650 650 362 362 
362 208 208 262 262 268 268 464 464 712 712 652 652 558 558 396 396 344 344 658 658 710 710 468 468 578 578 642 642 392 392 278 278 374 374 870 870 514 514 614 614 1974 1974 2968 2968 848 848 2968 2968 998 998 352 352 2968 2968 1034 1034 2968 2968 1026 1026 2968 2968 1128 1128 2968 2968 964 964 2968 2968 706 706 2968 2968 780 780 2968 2968 726 726 2968 2968 902 902 2968 2968 1006 1006 2968 2968 856 856 1684 1684 254 254 208 208 516 516 362 362 
242 242 362 246 246 208 208 208 208 208 208 262 262 240 240 304 304 712 712 270 270 538 538 776 776 588 588 552 552 350 350 620 620 320 320 502 502 614 614 700 700 898 898 922 922 628 628 720 720 2160 2160 444 444 2968 2968 780 780 2968 2968 1146 1146 2968 2968 1146 1146 2968 2968 704 704 2968 2968 892 892 2968 2968 762 762 2968 2968 1020 1020 2968 2968 736 736 2968 2968 832 832 2968 2968 860 860 2968 2968 826 826 2968 2968 732 732 1820 1820 488 488 692 692 254 254 208 208 670 670 362 362 
362 208 208 262 262 730 730 296 296 712 712 344 344 686 686 428 428 662 662 396 396 406 406 232 232 618 618 688 688 642 642 608 608 1152 1152 328 328 432 432 1736 1736 2968 2968 800 800 2968 2968 844 844 2968 2968 930 930 2968 2968 2968 2968 1132 1132 2968 2968 772 772 2968 2968 1026 1026 2968 2968 1130 1130 2968 2968 666 666 2968 2968 710 710 2968 2968 1062 1062 2968 2968 664 664 1826 1826 692 692 628 628 254 254 208 208 492 492 362 362 362 
362 208 208 262 262 584 584 550 550 712 712 432 432 686 686 348 348 456 456 326 326 270 270 638 638 494 494 518 518 208 208 246 246 208 208 574 574 1174 1174 564 564 290 290 1686 1686 2968 2968 748 748 2968 2968 766 766 2968 2968 990 990 2968 2968 924 924 2968 2968 900 900 2968 2968 1146 1146 2968 2968 866 866 2968 2968 1080 1080 2968 2968 2968 2968 1420 1420 2968 2968 748 748 2968 2968 960 960 1608 1608 636 636 254 254 208 208 518 518 362 362 362 
362 208 208 262 262 264 264 374 374 712 712 434 434 470 470 298 298 452 452 370 370 466 466 306 306 686 686 328 328 316 316 1134 1134 688 688 414 414 544 544 442 442 1830 1830 2968 2968 1022 1022 2968 2968 672 672 2968 2968 894 894 2968 2968 678 678 2968 2968 734 734 2968 2968 862 862 2968 2968 966 966 2968 2968 1124 1124 2968 2968 2968 2968 1578 1578 2968 2968 806 806 2968 2968 700 700 1564 1564 284 284 254 254 208 208 716 716 362 362 
362 208 208 286 286 494 494 696 696 696 696 712 712 224 224 712 578 578 284 284 684 684 626 626 708 708 628 628 454 454 352 352 424 424 550 550 562 562 1348 1348 590 590 588 588 1958 1958 534 534 2968 2968 792 792 2968 2968 678 678 2968 2968 1006 1006 2968 2968 1028 1028 2968 2968 728 728 2968 2968 956 956 2968 2968 1006 1006 2968 2968 836 836 2968 2968 2968 2968 1158 1158 2968 2968 914 914 2968 2968 684 684 1484 1484 380 380 242 242 254 254 208 208 680 680 362 246 246 208 208 208 208 362 
362 208 208 262 262 332 332 250 250 712 712 624 624 380 380 514 514 380 380 594 594 588 588 728 728 600 600 692 692 334 334 1280 1280 254 254 550 550 1906 1906 2968 2968 766 766 2968 2968 984 984 2968 2968 1106 1106 2968 2968 3858 2968 1022 780 780 2968 2968 980 980 2968 2968 884 884 2968 2968 780 780 2968 2968 778 778 2968 2968 2968 2968 1342 1342 2968 2968 890 890 1738 1738 344 344 254 254 208 208 428 428 362 362 362 
362 208 208 262 262 452 452 582 582 712 712 678 678 572 572 694 694 710 710 420 420 530 530 590 590 752 752 642 642 670 670 962 962 592 592 470 470 476 476 2114 2114 2968 2968 762 762 2968 2968 768 768 2968 2968 742 742 2968 2968 664 664 2968 2968 864 864 2968 2968 994 994 2968 2968 958 958 2968 2968 692 692 2968 2968 924 924 2968 2968 740 740 2968 2968 960 960 2968 2968 674 674 1514 1514 350 350 264 264 254 254 208 208 628 628 362 246 246 208 208 208 208 362 
362 362 232 232 286 286 714 714 700 700 712 712 694 694 662 662 718 718 348 348 640 640 304 304 734 734 602 602 758 758 630 630 1168 1168 582 582 356 356 254 254 2038 2038 442 442 2968 2968 1028 1028 2968 2968 660 660 2968 2968 676 676 2968 2968 806 806 2968 2968 908 908 2968 2968 722 722 2968 2968 828 828 2968 2968 708 708 2968 2968 908 908 2968 2968 1006 1006 2968 2968 964 964 2968 2968 926 926 1734 1734 724 724 568 568 254 254 208 208 470 470 362 362 
362 208 208 262 262 440 440 376 376 712 712 654 654 504 504 338 338 480 480 262 262 690 690 654 654 368 368 472 472 346 346 678 678 966 966 532 532 698 698 240 240 2102 2102 2968 2968 966 966 2968 2968 752 752 2968 2968 808 808 2968 2968 1144 1144 2968 2968 724 724 2968 2968 1142 1142 2968 2968 1040 1040 2968 2968 756 756 2968 2968 682 682 2968 2968 952 952 2968 2968 1140 1140 2968 2968 886 886 1430 1430 500 500 514 514 254 254 208 208 476 476 362 362 362 
246 246 208 208 208 208 362 208 208 262 262 636 636 302 302 712 712 524 524 318 318 778 778 490 490 284 284 560 560 640 640 618 618 322 322 608 608 1162 1162 388 388 380 380 680 680 1934 1934 2968 2968 1118 1118 2968 2968 982 982 2968 2968 2968 2968 5804 2968 2968 2382 2382 2968 2968 2968 2968 5804 2968 2968 2968 2968 5660 2968 2824 2274 2274 636 636 254 254 208 208 314 314 362 362 
362 208 208 262 262 618 618 652 652 712 712 536 536 572 572 424 424 492 492 542 542 686 686 550 550 416 416 700 700 586 586 530 530 1258 1258 276 276 716 716 1672 1672 2968 2968 1098 1098 2968 2968 914 914 2968 2968 756 756 2968 2968 1118 1118 2968 2968 664 664 2968 2968 652 652 2968 2968 910 910 2968 2968 1154 1154 2968 2968 1154 1154 2968 2968 868 868 2968 2968 1138 1138 2968 2968 3066 2968 230 208 208 254 254 362 362 
362 246 246 208 208 208 208 208 208 262 262 284 284 584 584 442 442 692 692 490 490 416 416 682 682 700 700 440 440 362 588 588 450 450 534 534 1014 1014 270 270 614 614 712 712 526 526 2176 2176 630 630 2968 2968 932 932 2968 2968 800 800 2968 2968 802 802 2968 2968 708 708 2968 2968 904 904 2968 2968 786 786 2968 2968 1032 1032 2968 2968 724 724 2968 2968 790 790 2968 2968 1114 1114 2968 2968 772 772 2968 2968 1060 1060 2530 2530 330 330 684 684 362 362 
362 208 208 262 262 286 286 636 636 712 586 586 650 650 768 768 586 586 742 742 552 552 296 296 608 608 634 634 372 372 322 322 440 440 1082 1082 528 528 588 588 2136 2136 2136 2136 2968 2968 854 854 2968 2968 684 684 2968 2968 660 660 2968 2968 702 702 2968 2968 1152 1152 2968 2968 666 666 2968 2968 688 688 2968 2968 926 926 2968 2968 722 722 2968 2968 764 764 2968 2968 738 738 2968 2968 938 938 1634 1634 700 700 422 422 812 812 362 362 362 
362 208 208 262 262 402 402 414 414 712 712 760 760 320 320 480 480 498 498 280 280 708 708 720 720 532 532 576 576 662 662 844 844 246 246 208 208 208 208 740 740 358 358 1984 1984 2968 2968 790 790 2968 2968 810 810 2968 2968 1084 1084 2968 2968 898 898 2968 2968 650 650 2968 2968 672 672 2968 2968 950 950 2968 2968 650 650 2968 2968 1008 1008 2968 2968 668 668 2968 2968 846 846 2968 2968 870 870 1562 1562 242 242 254 254 208 208 710 710 362 362 
362 362 208 208 262 262 292 292 752 752 712 712 312 312 684 684 710 710 730 730 606 606 450 450 380 380 574 574 604 604 514 514 852 852 528 528 566 566 708 708 1964 1964 2968 2968 1128 1128 2968 2968 1062 1062 2968 2968 952 952 2968 2968 2968 2968 1174 1174 2968 2968 954 954 2968 2968 862 862 2968 2968 848 848 2968 2968 1092 1092 2968 2968 858 858 2968 2968 888 888 2968 2968 714 714 1754 1754 262 262 360 360 208 208 254 254 362 362 
362 208 208 262 262 426 426 604 604 712 712 640 640 570 570 728 728 648 648 388 388 538 538 410 410 380 380 782 782 700 700 326 326 622 622 1240 1240 688 688 386 386 1858 1858 2968 2968 694 694 2968 2968 2968 2968 2968 2968 2028 2028 2968 2968 728 728 2968 2968 674 674 2968 2968 1070 1070 2968 2968 970 970 2968 2968 994 994 2968 2968 644 644 2968 2968 700 700 2968 2968 1952 1952 470 470 254 254 208 208 514 514 362 208 208 246 246 208 208 362 362 
362 232 232 262 262 496 496 440 440 712 712 534 534 386 386 528 528 480 480 760 760 670 670 246 246 450 450 430 430 650 650 322 322 1248 1248 240 240 324 324 1888 1888 2968 2968 816 816 2968 2968 814 814 2968 2968 1094 1094 2968 2968 700 700 2968 2968 750 750 2968 2968 754 754 2968 2968 1006 1006 2968 2968 1080 1080 2968 2968 778 778 2968 2968 686 686 2968 2968 1052 1052 2968 2968 1834 1834 476 476 254 254 208 208 698 698 362 362 362 
362 208 208 262 262 416 416 444 444 712 712 768 768 784 784 658 658 420 420 366 366 300 300 712 712 418 418 580 580 534 534 606 606 282 282 1220 1220 280 280 628 628 534 534 1684 1684 2968 2968 732 732 2968 2968 696 696 2968 2968 792 792 2968 2968 850 850 2968 2968 878 878 2968 2968 1104 1104 2968 2968 776 776 2968 2968 1074 1074 2968 2968 4054 2968 1218 2968 2968 1106 1106 2968 2968 2240 2240 752 752 254 254 208 208 350 350 362 246 246 208 208 208 208 362 
362 362 208 208 622 622 314 314 516 516 712 712 744 744 610 610 706 706 706 706 318 318 556 556 612 612 650 650 530 530 586 586 312 312 1434 1434 412 412 542 542 2152 2152 688 688 2968 2968 784 784 2968 2968 708 708 2968 2968 964 964 2968 2968 752 752 2968 2968 902 902 2968 2968 1130 1130 2968 2968 746 746 2968 2968 1108 1108 2968 2968 2968 2968 1556 1556 2968 2968 734 734 2968 2968 2152 2152 482 482 274 274 208 208 460 460 362 362 
362 208 208 286 286 292 292 522 522 522 522 712 712 392 392 376 376 326 326 544 544 320 320 534 534 448 448 336 336 616 616 716 716 1106 1106 740 740 416 416 414 414 1862 1862 2968 2968 880 880 2968 2968 976 976 2968 2968 838 838 2968 2968 1066 1066 2968 2968 846 846 2968 2968 660 660 2968 2968 1132 1132 2968 2968 3784 2968 948 664 664 2968 2968 650 650 2968 2968 1138 1138 2968 2968 656 656 1602 1602 356 356 466 466 254 254 208 208 212 212 362 362 
246 246 208 208 208 208 362 362 208 208 262 262 400 400 308 308 712 712 384 384 748 748 282 282 726 726 366 366 628 628 348 348 330 330 398 398 1112 1112 594 594 624 624 600 600 1870 1870 234 234 2968 2968 724 724 2968 2968 902 902 2968 2968 852 852 2968 2968 702 702 2968 2968 728 728 2968 2968 1048 1048 2968 2968 750 750 2968 2968 918 918 2968 2968 3938 2968 1102 2968 2968 1104 1104 2968 2968 2196 2196 554 554 448 448 254 254 208 208 468 468 362 362 
362 362 208 208 262 262 336 336 318 318 712 712 270 270 568 568 438 438 532 532 332 332 432 432 534 534 518 518 680 680 370 370 582 582 1170 1170 398 398 398 398 266 266 434 434 1966 1966 2968 2968 776 776 2968 2968 1020 1020 2968 2968 972 972 2968 2968 952 952 2968 2968 1104 1104 2968 2968 972 972 2968 2968 990 990 650 650 2968 2968 1020 1020 2968 2968 976 976 2968 2968 1076 1076 2968 2968 972 972 2968 2968 800 800 1364 1364 424 424 564 564 254 254 208 208 588 588 362 362 
362 246 246 208 208 208 208 208 208 262 262 546 546 716 716 712 712 342 342 526 526 628 628 686 686 570 570 626 626 374 374 578 578 1472 1472 374 374 466 466 1798 1798 2968 2968 1034 1034 2968 2968 1116 1116 2968 2968 656 656 2968 2968 1050 1050 2968 2968 662 662 2968 2968 850 850 2968 2968 1098 1098 2968 2968 932 932 2968 2968 2968 2968 1586 1586 2968 2968 946 946 2968 2968 3166 2968 330 362 362 362 
362 208 208 262 262 346 346 744 744 744 744 712 712 672 672 810 810 740 740 740 740 760 760 688 688 694 694 776 776 356 356 706 706 636 636 852 852 694 694 668 668 1692 1692 2968 2968 728 728 2968 2968 652 652 2968 2968 792 792 2968 2968 958 958 2968 2968 846 846 2968 2968 986 986 2968 2968 782 782 2968 2968 1134 1134 2968 2968 890 890 2968 2968 1130 1130 2968 2968 912 912 2968 2968 716 716 1348 1348 340 340 488 488 254 254 208 208 722 722 362 362 362 
362 208 208 262 262 360 360 596 596 712 712 372 372 434 434 342 342 756 756 544 544 638 638 336 336 640 640 364 364 996 996 646 646 342 342 246 246 208 208 208 208 268 268 2046 2046 2968 2968 1038 1038 2968 2968 1134 1134 2968 2968 998 998 2968 2968 784 784 2968 2968 702 702 2968 2968 676 676 2968 2968 1058 1058 2968 2968 3960 2968 1124 696 696 2968 2968 1044 1044 2968 2968 808 808 2968 2968 1016 1016 1662 1662 748 748 254 254 208 208 308 308 362 362 362 
362 208 208 262 262 536 536 390 390 712 712 610 610 334 334 312 312 560 560 668 668 746 746 752 752 636 636 1068 1068 320 320 534 534 2086 2086 2968 2968 1034 1034 2968 2968 920 920 2968 2968 668 668 2968 2968 2968 2968 1328 1328 2968 2968 876 876 2968 2968 1096 1096 2968 2968 1044 1044 2968 2968 4392 2968 1556 2968 2968 662 662 2968 2968 1122 1122 1798 1798 254 254 208 208 602 602 362 362 362 
362 362 208 208 262 262 374 374 590 590 712 712 722 722 302 302 414 414 726 726 422 422 482 482 292 292 354 354 620 620 384 384 902 902 690 690 362 362 1954 1954 2968 2968 690 690 2968 2968 752 752 2968 2968 1034 1034 2968 2968 1126 1126 2968 2968 660 660 2968 2968 1086 1086 2968 2968 872 872 2968 2968 1128 1128 2968 2968 2968 2968 1212 1212 2968 2968 754 754 2968 2968 1110 1110 1802 1802 576 576 208 208 254 254 362 362 362 
362 208 208 262 262 654 654 358 358 712 712 464 464 624 624 484 484 470 470 756 756 468 468 662 662 336 336 674 674 492 492 426 426 1126 1126 506 506 350 350 2164 2164 2968 2968 1126 1126 2968 2968 930 930 2968 2968 1156 1156 2968 2968 712 712 2968 2968 976 976 2968 2968 1150 1150 2968 2968 1056 1056 2968 2968 742 742 2968 2968 1094 1094 2968 2968 1080 1080 2968 2968 1016 1016 2968 2968 692 692 1364 1364 236 236 254 254 208 208 530 530 362 362 246 246 208 208 208 208 362 
362 208 208 262 262 616 616 392 392 416 416 712 712 364 364 724 724 574 574 304 304 586 586 730 730 374 374 620 620 428 428 376 376 1070 1070 392 392 292 292 1838 1838 2968 2968 1024 1024 2968 2968 2968 2968 1242 1242 2968 2968 772 772 2968 2968 760 760 2968 2968 852 852 2968 2968 1140 1140 2968 2968 1140 1140 2968 2968 2968 2968 2968 2968 1994 1994 2968 2968 1006 1006 1578 1578 422 422 254 254 208 208 542 542 362 362 362 
362 208 208 262 262 454 454 384 384 712 712 646 646 698 698 664 664 500 500 356 356 384 384 526 526 646 646 330 330 666 666 282 282 1024 1024 692 692 242 242 1974 1974 1974 1974 2968 2968 1110 1110 2968 2968 912 912 2968 2968 1092 1092 2968 2968 686 686 2968 2968 706 706 2968 2968 862 862 2968 2968 894 894 2968 2968 820 820 2968 2968 1124 1124 2968 2968 672 672 2968 2968 662 662 2968 2968 2016 2016 222 222 254 254 208 208 404 404 362 362 362 
208 208 246 246 208 208 222 222 208 208 362 208 208 262 262 568 568 312 312 712 712 330 330 686 686 542 542 298 298 796 796 470 470 476 476 752 752 658 658 526 526 708 708 1130 1130 616 616 560 560 2090 2090 2968 2968 804 804 2968 2968 1094 1094 2968 2968 1108 1108 2968 2968 2968 2968 1386 1386 2968 2968 662 662 2968 2968 942 942 2968 2968 916 916 2968 2968 678 678 2968 2968 844 844 2968 2968 778 778 2968 2968 714 714 1612 1612 348 348 208 208 254 254 362 362 
362 208 208 286 286 680 680 374 374 712 712 460 460 308 308 430 430 636 636 324 324 322 322 588 588 622 622 738 738 764 764 564 564 694 694 454 454 590 590 2078 2078 2968 2968 914 914 2968 2968 1050 1050 2968 2968 980 980 2968 2968 766 766 2968 2968 704 704 2968 2968 966 966 2968 2968 662 662 2968 2968 900 900 2968 2968 992 992 2968 2968 5804 2968 2968 3180 2968 344 712 712 254 254 208 208 552 552 362 362 362 
362 8940 2968 2968 2968 432 736 736 228 228 320 320 208 208 208 208 262 262 720 720 612 612 712 712 556 556 634 634 328 328 730 730 240 240 316 316 580 580 448 448 416 416 1168 1168 698 698 406 406 482 482 292 292 1794 1794 2968 2968 848 848 2968 2968 782 782 2968 2968 806 806 2968 2968 1036 1036 2968 2968 1066 1066 2968 2968 1090 1090 2968 2968 678 678 2968 2968 846 846 2968 2968 992 992 2968 2968 870 870 2968 2968 1144 1144 2968 2968 802 802 1450 1450 1166 1166 362 362 
362 208 208 286 286 314 314 660 660 478 478 624 624 698 698 750 750 678 678 624 624 660 660 500 500 326 326 712 540 540 572 572 1076 1076 514 514 434 434 2086 2086 2968 2968 952 952 2968 2968 808 808 2968 2968 788 788 2968 2968 1130 1130 2968 2968 680 680 2968 2968 1132 1132 2968 2968 1158 1158 2968 2968 1078 1078 2968 2968 2968 2968 1540 1540 2968 2968 1096 1096 2968 2968 1848 1848 254 254 208 208 220 220 362 362 362 
362 208 208 262 262 450 450 706 706 712 712 324 324 368 368 688 688 432 432 436 436 326 326 384 384 422 422 470 470 518 518 416 416 726 726 480 480 246 246 208 208 208 208 644 644 2012 2012 2968 2968 884 884 2968 2968 908 908 2968 2968 1068 1068 2968 2968 1026 1026 2968 2968 1096 1096 2968 2968 812 812 2968 2968 1008 1008 2968 2968 996 996 2968 2968 662 662 2968 2968 2968 2968 2968 2968 2874 2874 618 618 254 254 208 208 310 310 362 362 
362 208 208 262 262 456 456 296 296 712 712 522 522 454 454 278 278 738 738 570 570 564 564 374 374 618 618 372 372 760 760 292 292 1082 1082 374 374 370 370 430 430 356 356 2060 2060 2968 2968 838 838 2968 2968 760 760 2968 2968 680 680 2968 2968 3838 2968 1002 782 782 2968 2968 910 910 2968 2968 960 960 2968 2968 710 710 2968 2968 862 862 2968 2968 976 976 2968 2968 652 652 2968 2968 816 816 1830 1830 696 696 254 254 362 362 362 
362 362 208 208 262 262 720 720 614 614 712 712 630 630 730 730 664 664 560 560 534 534 722 722 668 668 540 540 314 314 470 470 740 740 1048 1048 280 280 294 294 340 340 1758 1758 2968 2968 1112 1112 2968 2968 996 996 2968 2968 702 702 2968 2968 2968 2968 1112 1112 2968 2968 970 970 2968 2968 968 968 2968 2968 818 818 2968 2968 692 692 2968 2968 670 670 2968 2968 684 684 2968 2968 746 746 2560 2560 560 560 330 330 362 362 
362 362 208 208 262 262 680 680 402 402 712 712 346 346 558 558 272 272 328 328 664 664 456 456 690 690 484 484 454 454 1278 1278 300 300 518 518 676 676 2090 2090 2968 2968 822 822 2968 2968 1070 1070 2968 2968 684 684 2968 2968 820 820 2968 2968 1036 1036 2968 2968 660 660 2968 2968 678 678 2968 2968 848 848 2968 2968 2968 2968 1494 1494 2968 2968 732 732 2968 2968 1046 1046 2434 2434 436 436 344 344 254 254 208 208 274 274 362 246 246 208 208 208 208 362 
362 208 208 262 262 652 652 658 658 712 712 546 546 520 520 656 656 648 648 326 326 534 534 252 252 478 478 578 578 644 644 294 294 1034 1034 368 368 568 568 674 674 1780 1780 2968 2968 846 846 2968 2968 948 948 2968 2968 866 866 2968 2968 928 928 2968 2968 986 986 2968 2968 1070 1070 2968 2968 1018 1018 2968 2968 816 816 2968 2968 654 654 2968 2968 896 896 2968 2968 692 692 2968 2968 1120 1120 2452 2452 694 694 254 254 208 208 400 400 362 362 
362 362 208 208 262 262 626 626 260 260 712 712 284 284 392 392 586 586 302 302 386 386 684 684 648 648 550 550 326 326 504 504 460 460 1454 1454 380 380 362 362 276 276 2122 2122 2968 2968 850 850 2968 2968 812 812 2968 2968 748 748 2968 2968 1154 1154 2968 2968 1104 1104 2968 2968 692 692 2968 2968 818 818 2968 2968 1118 1118 2968 2968 796 796 2968 2968 752 752 2968 2968 694 694 2968 2968 702 702 2638 2638 544 544 700 700 254 254 208 208 302 302 362 246 246 208 208 208 208 362 
362 208 208 262 262 462 462 380 380 712 712 584 584 364 364 422 422 520 520 734 734 578 578 492 492 618 618 324 324 1064 1064 682 682 232 232 344 344 408 408 1676 1676 2968 2968 1088 1088 2968 2968 730 730 2968 2968 722 722 2968 2968 2968 2968 1118 1118 2968 2968 726 726 2968 2968 892 892 2968 2968 706 706 2968 2968 740 740 2968 2968 918 918 2968 2968 1052 1052 2968 2968 1022 1022 2374 2374 536 536 254 254 208 208 232 232 362 242 242 362 
362 362 208 208 262 262 580 580 352 352 712 712 664 664 782 782 564 564 330 330 452 452 670 670 544 544 650 650 358 358 374 374 470 470 1648 1648 366 366 338 338 1936 1936 2968 2968 684 684 2968 2968 714 714 2968 2968 694 694 2968 2968 2968 2968 1396 1396 2968 2968 3522 2968 686 1066 1066 2968 2968 1128 1128 2968 2968 1102 1102 2968 2968 1068 1068 2968 2968 1128 1128 2968 2968 966 966 2684 2684 580 580 486 486 254 254 208 208 596 596 362 362 
246 246 208 208 208 208 362 208 208 286 286 364 364 380 380 380 380 712 712 462 462 338 338 286 286 452 452 498 498 276 276 506 506 368 368 696 696 768 768 878 878 650 650 516 516 588 588 1818 1818 1818 1818 2968 2968 1044 1044 2968 2968 742 742 2968 2968 954 954 2968 2968 828 828 2968 2968 908 908 2968 2968 822 822 2968 2968 1108 1108 2968 2968 842 842 2968 2968 698 698 2968 2968 962 962 2968 2968 980 980 2968 2968 972 972 2500 2500 322 322 708 708 254 254 208 208 492 492 362 362 
362 208 208 262 262 406 406 280 280 712 712 688 688 464 464 438 438 372 372 330 330 548 548 234 234 610 610 742 742 572 572 686 686 744 744 1212 1212 712 712 576 576 2006 2006 2006 2006 2968 2968 842 842 2968 2968 1014 1014 2968 2968 842 842 2968 2968 976 976 2968 2968 736 736 2968 2968 996 996 2968 2968 956 956 2968 2968 1032 1032 2968 2968 836 836 2968 2968 776 776 2968 2968 812 812 2968 2968 2968 2968 256 256 234 234 484 484 254 254 208 208 504 504 362 362 
362 246 246 208 208 208 208 232 232 262 262 248 248 742 742 712 712 344 344 444 444 716 716 412 412 570 570 426 426 424 424 400 400 546 546 558 558 266 266 1060 1060 524 524 696 696 1916 1916 2968 2968 866 866 2968 2968 934 934 2968 2968 966 966 2968 2968 880 880 2968 2968 758 758 2968 2968 1074 1074 2968 2968 990 990 2968 2968 880 880 2968 2968 1136 1136 2968 2968 658 658 2968 2968 702 702 2968 2968 818 818 2724 2724 396 396 718 718 254 254 208 208 366 366 362 362 362 
362 362 208 208 262 262 700 700 502 502 712 712 756 756 696 696 476 476 296 296 404 404 620 620 716 716 364 364 594 594 432 432 332 332 1340 1340 618 618 330 330 484 484 550 550 1756 1756 2968 2968 762 762 2968 2968 1096 1096 2968 2968 764 764 2968 2968 840 840 2968 2968 1120 1120 2968 2968 802 802 2968 2968 864 864 2968 2968 838 838 2968 2968 982 982 2968 2968 818 818 2968 2968 996 996 2968 2968 1096 1096 2474 2474 390 390 254 254 208 208 698 698 362 362 
362 208 208 262 262 720 720 334 334 712 712 374 374 596 596 486 486 304 304 776 776 288 288 616 616 1546 1546 624 624 246 246 208 208 208 208 626 626 670 670 1824 1824 1824 1824 2968 2968 1070 1070 2968 2968 1038 1038 2968 2968 884 884 2968 2968 794 794 2968 2968 888 888 2968 2968 736 736 2968 2968 856 856 2968 2968 772 772 2968 2968 2968 2968 1342 1342 2968 2968 772 772 2968 2968 1040 1040 2402 2402 666 666 228 228 254 254 208 208 496 496 362 362 
362 208 208 262 262 276 276 590 590 712 712 520 520 534 534 640 640 490 490 736 736 444 444 510 510 498 498 762 762 746 746 1548 1548 584 584 274 274 1778 1778 2968 2968 1168 1168 2968 2968 676 676 2968 2968 1122 1122 2968 2968 1060 1060 2968 2968 1134 1134 2968 2968 786 786 2968 2968 730 730 2968 2968 698 698 2968 2968 832 832 2968 2968 768 768 2968 2968 772 772 2968 2968 722 722 2836 2836 274 274 614 614 208 208 254 254 362 362 
362 362 208 208 262 262 428 428 450 450 712 712 644 644 572 572 552 552 326 326 548 548 676 676 720 720 536 536 512 512 448 448 746 746 1168 1168 304 304 604 604 1692 1692 2968 2968 882 882 2968 2968 722 722 2968 2968 712 712 2968 2968 1042 1042 2968 2968 680 680 2968 2968 1028 1028 2968 2968 912 912 2968 2968 696 696 2968 2968 4032 2968 1196 2968 2968 902 902 2968 2968 794 794 2804 2804 670 670 536 536 254 254 208 208 664 664 362 208 208 246 246 208 208 362 362 
362 208 208 262 262 704 704 258 258 712 712 290 290 690 690 666 666 658 658 680 680 276 276 244 244 644 644 692 692 668 668 976 976 304 304 656 656 368 368 400 400 362 394 394 466 466 718 718 558 558 524 524 362 376 376 720 720 440 440 264 264 260 260 362 362 362 508 508 508 508 532 532 
422 422 362 610 610 306 306 696 696 312 312 510 510 362 696 696 538 538 262 262 620 620 716 716 480 480 756 756 770 770 348 348 424 424 602 602 324 324 440 440 718 718 488 488 322 322 908 908 306 306 362 646 646 368 368 2144 2144 2968 2968 662 662 2968 2968 936 936 2968 2968 1120 1120 2968 2968 1028 1028 2968 2968 882 882 2968 2968 1064 1064 2968 2968 892 892 2968 2968 1082 1082 2968 2968 648 648 2968 2968 916 916 2968 2968 788 788 2968 2968 3046 2968 210 564 564 254 254 208 208 276 276 362 712 712 208 208 246 246 208 208 362 
362 362 208 208 262 262 710 710 272 272 712 712 358 358 750 750 324 324 710 710 706 706 368 368 362 362 564 564 608 608 1224 1224 602 602 320 320 510 510 528 528 1910 1910 2968 2968 696 696 2968 2968 922 922 2968 2968 1050 1050 2968 2968 1112 1112 2968 2968 978 978 2968 2968 710 710 2968 2968 794 794 2968 2968 962 962 2968 2968 686 686 2968 2968 1118 1118 2968 2968 884 884 2968 2968 2968 2968 376 376 496 496 378 378 208 208 254 254 362 362 
362 208 208 262 262 256 256 370 370 712 712 686 686 424 424 334 334 746 746 288 288 288 288 466 466 312 312 438 438 360 360 1278 1278 504 504 414 414 654 654 1908 1908 1908 1908 2968 2968 1114 1114 2968 2968 810 810 2968 2968 708 708 2968 2968 1102 1102 2968 2968 1002 1002 2968 2968 742 742 2968 2968 1134 1134 2968 2968 802 802 2968 2968 1022 1022 2968 2968 856 856 2968 2968 702 702 2968 2968 794 794 2678 2678 280 280 514 514 254 254 208 208 356 356 362 362 208 208 246 246 208 208 
362 362 2968 2968 6098 2968 2968 426 640 640 228 228 598 598 2968 2968 2968 2968 1620 1620 2968 2968 2968 2968 2968 2968 2968 2968 2968 2968 2838 2838 208 208 212 212 392 392 208 208 208 208 262 262 496 496 622 622 712 712 444 444 768 768 310 310 692 692 320 320 530 530 458 458 314 314 588 588 1116 1116 486 486 410 410 582 582 484 484 2968 2968 2558 2558 2968 2968 2968 2968 4834 2968 1998 2968 2968 810 810 2968 2968 936 936 2968 2968 2968 2968 4064 2968 1228 5804 2968 2968 5006 2968 2170 2572 2572 2572 2572 352 352 254 254 208 208 484 484 362 362 
362 362 208 208 262 262 408 408 436 436 712 460 460 712 286 286 712 712 312 312 788 788 268 268 404 404 350 350 294 294 700 700 748 748 332 332 338 338 1204 1204 616 616 500 500 736 736 1686 1686 2968 2968 884 884 2968 2968 1076 1076 2968 2968 704 704 2968 2968 2968 2968 1416 1416 2968 2968 918 918 2968 2968 862 862 2968 2968 940 940 2968 2968 834 834 2968 2968 982 982 2968 2968 830 830 2968 2968 762 762 2460 2460 608 608 314 314 254 254 208 208 682 682 362 362 
362 246 246 208 208 208 208 362 208 208 262 262 300 300 576 576 712 712 360 360 478 478 284 284 642 642 348 348 576 576 280 280 758 758 640 640 470 470 1534 1534 524 524 548 548 502 502 1758 1758 2968 2968 1060 1060 2968 2968 986 986 2968 2968 1106 1106 2968 2968 1136 1136 2968 2968 900 900 2968 2968 1042 1042 2968 2968 978 978 2968 2968 1096 1096 2968 2968 864 864 2968 2968 898 898 2968 2968 1144 1144 2968 2968 650 650 2598 2598 1112 1112 254 254 362 362 
362 362 208 208 262 262 470 470 416 416 712 712 632 632 652 652 606 606 448 448 370 370 450 450 328 328 318 318 682 682 578 578 828 828 740 740 728 728 670 670 1696 1696 2968 2968 692 692 2968 2968 940 940 2968 2968 1088 1088 2968 2968 2968 2968 1194 1194 2968 2968 898 898 2968 2968 988 988 2968 2968 838 838 2968 2968 1140 1140 2968 2968 664 664 2968 2968 1022 1022 2968 2968 1112 1112 2836 2836 748 748 254 254 208 208 406 406 362 362 362 
362 208 208 262 262 636 636 358 358 712 712 724 724 626 626 470 470 712 712 312 312 246 246 208 208 208 208 560 560 522 522 760 760 654 654 710 710 308 308 1000 1000 412 412 632 632 248 248 2096 2096 2968 2968 1080 1080 2968 2968 798 798 2968 2968 1054 1054 2968 2968 846 846 2968 2968 1116 1116 2968 2968 816 816 2968 2968 796 796 2968 2968 1158 1158 2968 2968 1138 1138 2968 2968 654 654 2968 2968 696 696 2968 2968 1016 1016 2482 2482 292 292 408 408 254 254 208 208 300 300 362 362 362 
362 232 232 622 622 272 272 630 630 712 712 448 448 416 416 714 714 744 744 312 312 276 276 514 514 286 286 652 652 660 660 372 372 1292 1292 446 446 592 592 326 326 1848 1848 2968 2968 1154 1154 2968 2968 700 700 2968 2968 658 658 2968 2968 2968 2968 1434 1434 2968 2968 820 820 2968 2968 752 752 2968 2968 1074 1074 2968 2968 648 648 2968 2968 2968 2968 2968 2968 3870 2968 1034 336 336 274 274 208 208 228 228 362 362 
362 362 208 208 262 262 444 444 270 270 712 712 340 340 496 496 670 670 666 666 460 460 422 422 458 458 268 268 678 678 520 520 482 482 1418 1418 436 436 544 544 262 262 418 418 2048 2048 2968 2968 868 868 2968 2968 844 844 2968 2968 940 940 2968 2968 972 972 2968 2968 1036 1036 2968 2968 1014 1014 2968 2968 1012 1012 2968 2968 802 802 2968 2968 2968 2968 1584 1584 2968 2968 1012 1012 2968 2968 3094 2968 258 628 628 254 254 208 208 218 218 362 208 208 246 246 208 208 362 
362 362 208 208 262 262 352 352 606 606 712 712 324 324 566 566 606 606 420 420 596 596 358 358 698 698 598 598 590 590 534 534 1388 1388 576 576 684 684 600 600 630 630 1952 1952 2968 2968 832 832 2968 2968 700 700 2968 2968 952 952 2968 2968 914 914 2968 2968 862 862 2968 2968 1102 1102 2968 2968 852 852 2968 2968 876 876 2968 2968 4504 2968 1668 2968 2968 694 694 2968 2968 3964 2968 1128 362 362 
362 362 208 208 262 262 550 550 626 626 712 712 544 544 688 688 480 480 478 478 486 486 418 418 684 684 646 646 534 534 314 314 1368 1368 656 656 350 350 2120 2120 2968 2968 998 998 2968 2968 2968 2968 1320 1320 2968 2968 766 766 2968 2968 1150 1150 2968 2968 716 716 2968 2968 1150 1150 2968 2968 668 668 2968 2968 864 864 2968 2968 660 660 2968 2968 4248 2968 1412 2844 2844 592 592 266 266 254 254 208 208 416 416 362 208 208 246 246 208 208 362 
242 242 362 208 208 262 262 336 336 340 340 712 712 572 572 412 412 486 486 772 772 592 592 412 412 506 506 510 510 382 382 462 462 1022 1022 496 496 470 470 1756 1756 2968 2968 1114 1114 2968 2968 826 826 2968 2968 1136 1136 2968 2968 994 994 2968 2968 942 942 2968 2968 816 816 2968 2968 832 832 2968 2968 664 664 2968 2968 754 754 2968 2968 974 974 2968 2968 870 870 2968 2968 1032 1032 2526 2526 370 370 254 254 208 208 714 714 362 362 362 
362 208 208 262 262 710 710 752 752 712 712 520 520 406 406 706 706 410 410 368 368 644 644 588 588 496 496 308 308 468 468 1118 1118 500 500 666 666 2014 2014 2968 2968 944 944 2968 2968 704 704 2968 2968 792 792 2968 2968 806 806 2968 2968 706 706 2968 2968 820 820 2968 2968 920 920 2968 2968 1126 1126 2968 2968 1130 1130 2968 2968 890 890 2968 2968 882 882 2968 2968 1010 1010 2758 2758 460 460 208 208 254 254 362 362 246 246 208 208 208 208 362 
362 208 208 262 262 576 576 666 666 712 712 488 488 484 484 376 376 350 350 564 564 686 686 370 370 704 704 320 320 450 450 1312 1312 412 412 390 390 386 386 1746 1746 2968 2968 682 682 2968 2968 876 876 2968 2968 652 652 2968 2968 1088 1088 2968 2968 694 694 520 520 2968 2968 838 838 2968 2968 1150 1150 2968 2968 888 888 2968 2968 704 704 2968 2968 840 840 2968 2968 850 850 2968 2968 3330 2968 494 630 630 768 768 362 362 
362 208 208 262 262 320 320 402 402 712 712 588 588 620 620 714 714 268 268 474 474 664 664 616 616 292 292 374 374 374 374 412 412 1140 1140 588 588 246 246 348 348 1864 1864 2968 2968 1018 1018 2968 2968 654 654 2968 2968 746 746 2968 2968 864 864 2968 2968 810 810 2968 2968 654 654 2968 2968 1002 1002 2968 2968 1142 1142 2968 2968 4410 2968 1574 2968 2968 766 766 2968 2968 666 666 2486 2486 508 508 530 530 254 254 208 208 540 540 362 362 362 
208 208 246 246 208 208 362 208 208 262 262 590 590 698 698 762 762 678 678 292 292 294 294 588 588 362 664 664 714 714 338 338 434 434 270 270 1286 1286 374 374 332 332 1728 1728 2968 2968 962 962 2968 2968 1008 1008 2968 2968 926 926 2968 2968 1134 1134 2968 2968 1120 1120 2968 2968 842 842 2968 2968 704 704 2968 2968 1084 1084 2968 2968 728 728 2968 2968 712 712 2968 2968 1032 1032 2968 2968 1064 1064 2612 2612 684 684 348 348 254 254 208 208 662 662 712 712 362 362 362 
362 208 208 286 286 262 262 370 370 712 712 746 746 348 348 272 272 282 282 346 346 244 244 704 704 674 674 502 502 1064 1064 284 284 628 628 524 524 698 698 1724 1724 2968 2968 900 900 2968 2968 1152 1152 2968 2968 972 972 2968 2968 2968 2968 1562 1562 2968 2968 676 676 2968 2968 746 746 2968 2968 658 658 2968 2968 4372 2968 1536 2968 2968 650 650 2968 2968 3398 2968 562 638 638 988 988 362 362 
362 208 208 262 262 672 672 624 624 712 712 576 576 246 246 208 208 208 208 624 624 440 440 676 676 552 552 630 630 548 548 422 422 746 746 442 442 628 628 1464 1464 272 272 546 546 1910 1910 2968 2968 1004 1004 2968 2968 1106 1106 2968 2968 1072 1072 2968 2968 800 800 2968 2968 960 960 2968 2968 1046 1046 2968 2968 990 990 2968 2968 1022 1022 2968 2968 762 762 2968 2968 974 974 2968 2968 916 916 2968 2968 706 706 2518 2518 208 208 254 254 362 362 362 
362 362 208 208 262 262 526 526 522 522 712 712 772 772 772 772 582 582 558 558 768 768 728 728 578 578 752 752 430 430 300 300 912 912 700 700 398 398 422 422 312 312 1830 1830 2968 2968 1056 1056 2968 2968 912 912 2968 2968 1012 1012 2968 2968 1140 1140 2968 2968 760 760 2968 2968 2968 2968 2968 2968 1702 1702 2968 2968 882 882 2968 2968 1024 1024 2968 2968 1098 1098 2968 2968 2968 2968 338 338 682 682 254 254 208 208 232 232 362 362 
362 362 208 208 262 262 606 606 262 262 712 712 750 750 622 622 272 272 354 354 338 338 714 714 560 560 286 286 276 276 468 468 902 902 676 676 498 498 230 230 1950 1950 2968 2968 1018 1018 2968 2968 658 658 2968 2968 928 928 2968 2968 2968 2968 1402 1402 2968 2968 1132 1132 2968 2968 1148 1148 2968 2968 926 926 2968 2968 2968 2968 1146 1146 2968 2968 732 732 2968 2968 3372 2968 536 254 254 208 208 376 376 362 208 208 246 246 208 208 362 
362 208 208 262 262 560 560 388 388 712 712 566 566 336 336 670 670 334 334 464 464 660 660 628 628 512 512 512 512 384 384 540 540 576 576 1732 1732 702 702 282 282 2106 2106 2968 2968 862 862 2968 2968 946 946 2968 2968 658 658 2968 2968 668 668 2968 2968 992 992 2968 2968 804 804 2968 2968 778 778 2968 2968 1146 1146 2968 2968 1068 1068 2968 2968 656 656 2968 2968 818 818 2968 2968 2968 2968 224 224 314 314 590 590 254 254 208 208 502 502 362 362 
362 362 208 208 262 262 578 578 534 534 712 552 552 672 672 396 396 736 736 738 738 392 392 330 330 432 432 268 268 284 284 578 578 1658 1658 524 524 274 274 326 326 2018 2018 2968 2968 770 770 2968 2968 1042 1042 2968 2968 1016 1016 2968 2968 714 714 2968 2968 926 926 2968 2968 868 868 2968 2968 1114 1114 2968 2968 1048 1048 2968 2968 694 694 2968 2968 1132 1132 2968 2968 1028 1028 2968 2968 1088 1088 2750 2750 674 674 698 698 254 254 208 208 452 452 362 246 246 208 208 208 208 362 
362 208 208 262 262 298 298 640 640 618 618 514 514 268 268 712 712 712 712 262 262 552 552 304 304 654 654 740 740 1358 1358 574 574 692 692 524 524 272 272 2190 2190 2968 2968 904 904 2968 2968 830 830 2968 2968 678 678 2968 2968 2968 2968 1178 1178 2968 2968 1046 1046 2968 2968 864 864 2968 2968 1154 1154 2968 2968 766 766 2968 2968 740 740 2968 2968 790 790 2968 2968 1094 1094 2504 2504 276 276 252 252 254 254 208 208 336 336 362 362 
362 362 208 208 262 262 532 532 750 750 712 712 378 378 598 598 754 754 284 284 304 304 588 588 506 506 436 436 688 688 534 534 1526 1526 478 478 686 686 1862 1862 2968 2968 1060 1060 2968 2968 924 924 2968 2968 872 872 2968 2968 688 688 2968 2968 788 788 2968 2968 1048 1048 2968 2968 776 776 2968 2968 1150 1150 2968 2968 1026 1026 2968 2968 758 758 2968 2968 800 800 2968 2968 2968 2968 202 202 374 374 254 254 208 208 570 570 362 362 246 246 208 208 208 208 
362 208 208 262 262 474 474 482 482 712 712 764 764 778 778 778 778 500 500 270 270 324 324 236 236 694 694 686 686 274 274 454 454 1446 1446 358 358 576 576 508 508 640 640 2018 2018 2968 2968 918 918 2968 2968 946 946 2968 2968 1156 1156 2968 2968 966 966 2968 2968 912 912 2968 2968 1036 1036 2968 2968 694 694 2968 2968 992 992 2968 2968 2968 2968 1114 1114 2968 2968 830 830 2968 2968 3374 2968 538 744 744 362 362 
362 362 208 208 262 262 596 596 398 398 712 712 394 394 510 510 664 664 692 692 424 424 452 452 578 578 644 644 746 746 684 684 274 274 936 936 346 346 490 490 360 360 1822 1822 2968 2968 740 740 2968 2968 670 670 2968 2968 994 994 2968 2968 1106 1106 2968 2968 978 978 2968 2968 1026 1026 2968 2968 850 850 2968 2968 862 862 2968 2968 1146 1146 2968 2968 820 820 2968 2968 764 764 2968 2968 720 720 2560 2560 208 208 254 254 362 362 
362 246 246 208 208 208 208 208 208 262 262 622 622 504 504 712 712 292 292 694 694 762 762 262 262 614 614 606 606 252 252 480 480 352 352 712 712 298 298 288 288 1048 1048 528 528 320 320 2086 2086 2086 2086 2968 2968 1156 1156 2968 2968 1114 1114 2968 2968 1130 1130 2968 2968 1034 1034 2968 2968 692 692 2968 2968 758 758 2968 2968 836 836 2968 2968 1022 1022 2968 2968 846 846 2968 2968 784 784 2968 2968 952 952 2968 2968 728 728 2414 2414 680 680 208 208 254 254 362 362 362 
362 208 208 262 262 242 242 292 292 712 712 548 548 514 514 580 580 470 470 658 658 264 264 554 554 608 608 630 630 666 666 818 818 560 560 702 702 530 530 2156 2156 2156 2156 2968 2968 802 802 2968 2968 792 792 2968 2968 776 776 2968 2968 652 652 2968 2968 740 740 2968 2968 1028 1028 2968 2968 850 850 2968 2968 980 980 2968 2968 1128 1128 2968 2968 1144 1144 2968 2968 1076 1076 2968 2968 1126 1126 2684 2684 714 714 314 314 208 208 254 254 362 362 
362 208 208 262 262 686 686 546 546 546 546 712 712 714 714 738 738 346 346 546 546 556 556 332 332 648 648 456 456 716 716 568 568 688 688 466 466 1088 1088 686 686 208 208 246 246 208 208 542 542 2124 2124 2968 2968 934 934 2968 2968 1142 1142 2968 2968 844 844 2968 2968 910 910 2968 2968 736 736 2968 2968 808 808 2968 2968 848 848 2968 2968 708 708 2968 2968 1014 1014 2968 2968 1044 1044 2968 2968 1122 1122 2968 2968 714 714 2678 2678 548 548 640 640 254 254 208 208 562 562 362 362 
362 208 208 262 262 314 314 382 382 712 712 600 600 764 764 452 452 274 274 338 338 324 324 694 694 604 604 754 754 316 316 992 992 534 534 538 538 674 674 1834 1834 2968 2968 772 772 2968 2968 848 848 2968 2968 906 906 2968 2968 916 916 2968 2968 850 850 2968 2968 974 974 2968 2968 1158 1158 2968 2968 792 792 2968 2968 1088 1088 2968 2968 688 688 2968 2968 650 650 2968 2968 1130 1130 2660 2660 470 470 254 254 208 208 646 646 362 362 
362 362 208 208 262 262 324 324 516 516 712 712 716 716 476 476 574 574 410 410 640 640 276 276 660 660 448 448 526 526 460 460 622 622 1322 1322 736 736 398 398 1716 1716 282 282 2968 2968 1108 1108 2968 2968 990 990 2968 2968 972 972 2968 2968 2968 2968 1110 1110 2968 2968 1090 1090 2968 2968 784 784 2968 2968 840 840 2968 2968 1032 1032 2968 2968 730 730 2968 2968 866 866 2968 2968 2968 2968 260 260 572 572 254 254 208 208 284 284 362 208 208 246 246 208 208 362 
362 362 208 208 262 262 710 710 462 462 712 712 332 332 636 636 688 688 762 762 762 762 554 554 400 400 518 518 752 752 730 730 582 582 766 766 1358 1358 728 728 386 386 540 540 1768 1768 420 420 2968 2968 910 910 2968 2968 686 686 2968 2968 666 666 2968 2968 710 710 2968 2968 960 960 2968 2968 908 908 2968 2968 1036 1036 2968 2968 882 882 2968 2968 2968 2968 1214 1214 2968 2968 1116 1116 2968 2968 880 880 2870 2870 368 368 254 254 208 208 612 612 362 362 
362 362 208 208 262 262 272 272 334 334 712 712 580 580 364 364 376 376 376 376 750 750 620 620 452 452 740 740 640 640 666 666 686 686 1518 1518 478 478 736 736 630 630 1958 1958 2968 2968 894 894 2968 2968 672 672 2968 2968 1134 1134 2968 2968 1016 1016 2968 2968 762 762 2968 2968 658 658 2968 2968 788 788 2968 2968 922 922 2968 2968 808 808 2968 2968 1016 1016 2968 2968 712 712 2968 2968 1092 1092 2854 2854 744 744 208 208 254 254 362 246 246 208 208 208 208 362 
362 362 208 208 262 262 452 452 252 252 712 712 660 660 386 386 658 658 544 544 422 422 482 482 370 370 784 784 546 546 778 778 616 616 606 606 1456 1456 240 240 256 256 2018 2018 2968 2968 1094 1094 2968 2968 1060 1060 2968 2968 846 846 2968 2968 834 834 2968 2968 898 898 684 684 2968 2968 824 824 2968 2968 1102 1102 2968 2968 682 682 2968 2968 738 738 2968 2968 732 732 2968 2968 1012 1012 2968 2968 1032 1032 2844 2844 382 382 560 560 254 254 208 208 466 466 362 362 
362 208 208 622 622 326 326 524 524 712 712 660 660 786 786 372 372 738 738 304 304 522 522 342 342 604 604 758 758 682 682 274 274 1158 1158 516 516 356 356 2186 2186 2968 2968 790 790 2968 2968 800 800 2968 2968 802 802 2968 2968 2968 2968 1520 1520 2968 2968 920 920 2968 2968 1146 1146 2968 2968 696 696 2968 2968 840 840 2968 2968 686 686 2968 2968 812 812 2968 2968 898 898 2390 2390 554 554 354 354 274 274 208 208 344 344 362 362 362 
